CODECHURN,LOCADDED,LOCDELETED,REVISIONS,AGE,BUGFIXES,REFACTORINGS,ERROR_DENSITY,LOC
61,61,0,1,55,1,0,0.0025,400
2,2,0,1,125,1,0,0.00193423597678917,517
74,72,2,2,50,1,0,0,216
414,314,100,22,2,6,1,0.0122549019607843,408
9,8,1,2,162,0,0,0.0180722891566265,332
97,80,17,12,7,5,0,0.00526315789473684,570
2,2,0,2,175,0,0,0.00460829493087558,217
12,5,7,1,62,0,0,0,122
50,36,14,9,10,4,0,0,672
4,2,2,2,60,0,0,0.0117647058823529,85
26,17,9,6,25,4,0,0.00627615062761506,478
144,95,49,13,8,7,0,0.000734214390602056,1362
42,36,6,4,58,3,0,0.00520833333333333,576
3,1,2,2,62,0,0,0,94
65,47,18,4,58,4,0,0.00113122171945701,884
8,5,3,3,58,3,0,0,112
22,14,8,4,55,1,0,0.00515463917525773,194
30,21,9,3,12,2,0,0.00333333333333333,300
2,1,1,1,56,1,0,0,37
103,74,29,7,12,6,0,0.00470957613814757,637
8,4,4,2,56,2,0,0,40
3,2,1,2,58,2,0,0.00148698884758364,1345
28,12,16,9,7,3,0,0.00392156862745098,255
1,1,0,1,55,0,0,0,37
141,71,70,9,9,2,0,0.00313479623824451,638
16,8,8,2,110,0,0,0,8413
0,0,0,1,56,0,0,0,0
0,0,0,1,56,0,0,0,0
0,0,0,1,56,0,0,0,0
0,0,0,1,56,0,0,0,0
0,0,0,1,56,0,0,0,0
0,0,0,1,56,0,0,0,0
0,0,0,1,56,0,0,0,0
0,0,0,1,56,0,0,0,0
0,0,0,1,56,0,0,0,0
0,0,0,1,56,0,0,0,0
0,0,0,1,56,0,0,0,0
0,0,0,1,56,0,0,0,0
0,0,0,1,56,0,0,0,0
0,0,0,1,56,0,0,0,0
0,0,0,1,56,0,0,0,0
0,0,0,1,56,0,0,0,0
0,0,0,1,56,0,0,0,0
0,0,0,1,56,0,0,0,0
0,0,0,1,56,0,0,0,0
0,0,0,1,56,0,0,0,0
0,0,0,1,56,0,0,0,0
0,0,0,1,56,0,0,0,0
0,0,0,1,56,0,0,0,0
0,0,0,1,56,0,0,0,0
0,0,0,1,56,0,0,0,0
0,0,0,1,56,0,0,0,0
0,0,0,1,56,0,0,0,0
0,0,0,1,56,0,0,0,0
0,0,0,1,56,0,0,0,0
0,0,0,1,56,0,0,0,0
0,0,0,1,56,0,0,0,0
0,0,0,1,56,0,0,0,0
0,0,0,1,56,0,0,0,0
0,0,0,1,56,0,0,0,0
0,0,0,1,56,0,0,0,0
0,0,0,1,56,0,0,0,0
0,0,0,1,56,0,0,0,0
0,0,0,1,56,0,0,0,0
0,0,0,2,75,0,0,0,0
44,6,38,2,12,1,0,0,154
12,4,8,1,166,0,0,0,80
9,5,4,1,167,0,0,0.00782778864970646,511
181,144,37,12,1,6,0,0.00544015825914936,2022
1,1,0,1,1,1,0,0,306
3,2,1,1,141,1,0,0.00485436893203883,206
0,0,0,1,75,0,0,0,0
5,5,0,1,76,0,0,0,137
27,26,1,1,0,0,0,0.00081366965012205,1229
33,20,13,1,124,0,0,0,41
462,252,210,4,45,2,0,0,245
3,2,1,1,47,0,0,0,39
10,6,4,3,63,2,0,0,677
1074,843,231,68,0,30,1,0.00999524036173251,2101
79,58,21,22,25,7,1,0.0141843971631206,141
1173,989,184,37,0,14,1,0.0111482720178372,897
273,226,47,21,0,2,0,0.0274509803921569,255
1275,721,554,24,0,4,0,0.00384615384615385,260
149,97,52,18,0,3,0,0.0126582278481013,79
51,29,22,7,47,0,0,0,38
19,13,6,7,7,2,0,0.0263157894736842,76
154,117,37,21,0,4,1,0.0198019801980198,202
713,558,155,27,2,14,0,0.00420168067226891,1190
0,0,0,1,44,0,0,0.0833333333333333,12
308,279,29,5,1,0,0,0.00467289719626168,642
34,26,8,7,1,1,0,0,101
1813,1421,392,55,1,21,1,0.00598802395209581,2004
8,4,4,1,110,0,0,0,8413
6,3,3,1,64,1,1,0,55
48,29,19,2,25,2,2,0,66
13,8,5,1,25,1,1,0,46
401,278,123,4,25,4,4,0,1156
0,0,0,1,44,1,1,0,515
57,40,17,2,25,2,2,0,150
13,8,5,2,64,2,2,0,176
2,1,1,1,124,1,1,0,70
3,0,3,1,124,1,1,0,98
82,78,4,4,9,4,3,0,445
33,33,0,2,25,2,2,0,1644
28,24,4,2,44,2,2,0,429
2,1,1,2,25,2,2,0,91
104,59,45,5,9,5,3,0,507
26,16,10,3,64,3,2,0,141
24,20,4,3,9,3,2,0,120
2,1,1,1,124,1,1,0,280
3,1,2,1,124,1,1,0,472
2,1,1,1,124,1,1,0,103
0,0,0,1,124,1,1,0,0
0,0,0,1,44,1,1,0,238
7,5,2,2,106,2,1,0,222
25,12,13,3,44,3,3,0,230
158,73,85,3,44,3,3,0,1055
7,6,1,1,106,1,0,0,156
19,11,8,1,124,1,1,0,371
1,1,0,1,124,1,1,0,84
22,16,6,2,93,2,2,0,210
9,9,0,1,124,1,1,0,284
69,41,28,1,25,1,1,0,206
42,39,3,2,44,2,2,0,409
4,2,2,2,44,2,2,0,292
5,4,1,1,124,1,1,0,68
843,460,383,2,93,2,1,0.00140646976090014,711
2,1,1,1,124,1,1,0,902
107,26,81,2,64,2,2,0,175
22,11,11,1,124,1,1,0,478
245,169,76,4,25,4,4,0,428
60,28,32,2,109,2,2,0,106
4,2,2,2,109,2,2,0,336
29,20,9,3,25,3,3,0,291
44,39,5,2,64,2,2,0,456
7,6,1,2,106,2,1,0,380
2,1,1,1,106,1,0,0,707
25,10,15,2,64,2,2,0,361
11,3,8,2,106,2,1,0,406
105,96,9,2,109,2,2,0,111
3,2,1,1,124,1,1,0,358
6,5,1,1,124,1,1,0,33
23,11,12,2,44,2,2,0,81
0,0,0,1,64,1,1,0,83
357,185,172,6,25,6,6,0,750
0,0,0,1,124,1,1,0,30
25,3,22,1,64,1,1,0,344
153,89,64,3,25,3,3,0,1062
119,54,65,5,25,5,4,0,207
25,15,10,2,44,2,2,0,185
5,5,0,2,109,2,2,0,84
0,0,0,1,124,1,1,0,73
3,0,3,1,124,1,1,0,58
6,1,5,1,124,1,1,0,99
14,7,7,1,109,1,1,0,122
73,39,34,7,25,7,6,0,1050
11,7,4,2,64,2,2,0,154
0,0,0,1,124,1,1,0,0
0,0,0,1,124,1,1,0,0
2,1,1,2,44,2,2,0,80
130,96,34,4,25,4,4,0,349
18,7,11,2,25,2,2,0,117
14,7,7,3,25,3,3,0,158
1,1,0,1,44,0,0,0,132
40,33,7,4,9,4,3,0,134
210,161,49,2,93,2,2,0,248
94,62,32,5,25,5,5,0,649
87,71,16,3,44,3,3,0,183
143,38,105,3,44,3,3,0,608
9,3,6,2,93,2,2,0,206
41,36,5,3,25,3,3,0,133
5,5,0,2,64,2,2,0,88
21,13,8,1,44,1,1,0,58
120,75,45,3,25,3,3,0,287
39,30,9,2,64,2,2,0,263
21,10,11,1,44,1,1,0,548
2,1,1,1,124,1,1,0,185
8,4,4,2,44,2,2,0,531
83,41,42,3,64,3,2,0,0
20,12,8,3,44,3,3,0,248
9,4,5,1,44,1,1,0,135
0,0,0,1,64,1,1,0,0
0,0,0,1,64,1,1,0,0
0,0,0,1,64,1,1,0,0
4,2,2,1,64,1,1,0,77
8,7,1,2,9,2,1,0,83
268,130,138,4,25,4,4,0,398
4,2,2,1,124,1,1,0,353
0,0,0,1,109,1,1,0,0
0,0,0,1,106,1,0,0,39
7,7,0,1,124,1,1,0,293
279,271,8,6,25,6,5,0,0
23,4,19,2,44,2,2,0,103
2,1,1,1,124,1,1,0,51
42,21,21,3,64,3,3,0,316
10,8,2,2,44,2,2,0,0
60,24,36,3,44,3,3,0,331
8,5,3,1,124,1,1,0,114
0,0,0,1,124,1,1,0,0
1,1,0,1,124,1,1,0,37
2,2,0,2,64,2,2,0,56
315,61,254,4,1,4,3,0,607
325,89,236,3,25,3,3,0,429
2,0,2,1,124,1,1,0,107
49,46,3,3,25,3,3,0,313
2,2,0,1,124,1,1,0,56
65,51,14,6,25,6,5,0,450
111,59,52,3,44,3,3,0,331
2,2,0,1,124,1,1,0,53
2,1,1,1,44,1,1,0,167
2,0,2,1,124,1,1,0,197
96,66,30,3,44,3,3,0,473
80,67,13,3,44,3,3,0,472
5,3,2,2,64,2,2,0,50
148,121,27,5,25,5,5,0,456
19,10,9,4,25,4,4,0,222
62,46,16,3,7,3,2,0,121
13,13,0,2,64,2,2,0,176
13,10,3,2,25,2,2,0,113
73,43,30,5,25,5,5,0,359
52,34,18,2,25,2,2,0,95
84,57,27,4,25,4,4,0,508
4,2,2,1,93,1,1,0,156
46,38,8,3,25,3,3,0,363
39,21,18,2,44,2,2,0,342
0,0,0,1,109,1,1,0,115
2,1,1,1,44,1,1,0,178
40,26,14,5,25,5,5,0,208
0,0,0,1,124,1,1,0,41
43,41,2,1,124,1,1,0,112
4,3,1,1,124,1,1,0,159
5,5,0,1,124,1,1,0,269
40,14,26,1,124,1,1,0,665
5,5,0,1,64,1,1,0,98
250,148,102,7,25,7,6,0,958
223,203,20,4,25,4,4,0,324
176,120,56,7,25,7,6,0,2592
30,16,14,4,44,4,3,0,769
0,0,0,1,25,1,1,0,207
108,68,40,6,44,6,5,0,678
3,2,1,1,124,1,1,0,35
2,1,1,1,124,1,1,0,325
40,40,0,1,124,1,1,0,122
16,9,7,1,124,1,1,0,81
9,8,1,1,25,1,1,0,92
26,15,11,2,44,2,2,0,159
250,179,71,5,25,5,5,0,962
0,0,0,1,124,1,1,0,0
0,0,0,1,124,1,1,0,0
0,0,0,1,124,1,1,0,0
0,0,0,1,124,1,1,0,0
0,0,0,1,124,1,1,0,0
0,0,0,1,124,1,1,0,0
66,62,4,2,44,2,2,0,576
213,130,83,2,44,2,2,0,520
2,1,1,1,124,1,1,0,44
12,7,5,1,124,1,1,0,78
29,13,16,1,124,1,1,0,192
19,15,4,2,64,2,2,0,434
0,0,0,1,44,1,1,0,66
1,1,0,1,64,1,1,0,99
123,92,31,4,25,4,4,0,276
21,6,15,2,64,2,2,0,152
39,28,11,3,7,3,2,0,169
219,179,40,4,44,4,4,0,905
192,138,54,3,44,3,3,0,361
624,323,301,3,25,3,3,0,3120
169,72,97,3,64,3,3,0,301
6,3,3,1,44,1,1,0,80
25,18,7,2,64,2,2,0,55
26,13,13,3,25,3,3,0,152
5,2,3,2,64,2,2,0,55
20,10,10,2,44,2,2,0,300
182,75,107,2,44,2,2,0,440
4,2,2,2,64,2,2,0,0
2,1,1,2,64,2,2,0,0
253,137,116,4,25,4,4,0,682
41,39,2,1,44,1,1,0,71
45,13,32,2,25,2,2,0,157
42,21,21,2,44,2,2,0,50
2,1,1,1,124,1,1,0,50
70,50,20,3,44,3,3,0,358
0,0,0,1,44,1,1,0,108
3,1,2,1,124,1,1,0,133
18,16,2,1,44,1,1,0,51
0,0,0,1,44,0,0,0,40
0,0,0,1,44,0,0,0,72
0,0,0,1,44,0,0,0,178
0,0,0,3,44,2,2,0,171
0,0,0,3,44,2,2,0,88
0,0,0,3,44,2,2,0,33
6,3,3,1,124,1,1,0,71
9,4,5,2,64,2,2,0,190
6,3,3,1,124,1,1,0,175
185,131,54,4,25,4,4,0,317
47,38,9,3,44,3,3,0,147
3,2,1,2,64,2,2,0,86
23,21,2,1,64,1,1,0,240
535,201,334,6,7,6,5,0,239
205,136,69,3,44,3,3,0,559
0,0,0,1,44,1,1,0,0
4,2,2,1,124,1,1,0,306
109,65,44,5,25,5,4,0,397
61,38,23,2,64,2,2,0,263
13,3,10,1,44,1,1,0,105
20,12,8,3,44,3,3,0,470
7,6,1,2,64,2,2,0,258
0,0,0,1,124,1,1,0,0
8,7,1,2,1,2,1,0,184
68,67,1,1,64,1,1,0,332
7,4,3,2,44,2,2,0,304
52,29,23,4,25,4,4,0,1384
36,35,1,4,25,4,3,0,99
19,19,0,3,44,3,3,0,246
22,21,1,1,124,1,1,0,248
18,15,3,1,109,1,1,0,154
91,55,36,3,93,3,3,0,101
83,18,65,3,64,3,2,0,61
1,0,1,1,25,1,1,0,587
2,1,1,1,124,1,1,0,309
15,8,7,2,109,2,2,0,88
8,7,1,2,93,2,2,0,154
10,7,3,4,25,4,4,0,154
2,1,1,1,109,1,1,0,113
103,63,40,1,109,1,1,0,330
351,218,133,6,25,6,6,0,1030
39,17,22,1,44,1,1,0,110
18,8,10,1,124,1,1,0,217
1,1,0,1,124,1,1,0,92
0,0,0,1,44,1,1,0,56
0,0,0,1,64,1,1,0,0
6,3,3,2,64,2,2,0,454
25,7,18,1,124,1,1,0,103
2,1,1,1,124,1,1,0,70
20,19,1,3,44,3,3,0,220
1,1,0,1,124,1,1,0,166
5,4,1,2,64,2,2,0,137
51,44,7,2,64,2,2,0,617
4,2,2,1,124,1,1,0,81
2,1,1,1,124,1,1,0,59
13,13,0,1,25,1,1,0,76
0,0,0,1,64,1,1,0,44
2,1,1,1,124,1,1,0,65
81,35,46,3,44,3,3,0,147
48,26,22,2,93,2,2,0,248
40,34,6,4,25,4,4,0,264
2,1,1,1,124,1,1,0,189
6,6,0,1,44,1,1,0,393
56,49,7,2,106,2,1,0,409
0,0,0,1,93,1,1,0,171
2,1,1,1,93,1,1,0,42
69,37,32,4,64,4,3,0,485
47,46,1,2,106,2,1,0,126
0,0,0,1,124,1,1,0,25
6,5,1,2,110,2,1,0,39
2,1,1,1,124,1,1,0,35
2,1,1,1,44,1,1,0,86
19,19,0,2,64,2,2,0,66
4,2,2,2,3,2,1,0,97
58,33,25,4,25,4,4,0,723
6,4,2,1,44,1,1,0,158
8,4,4,1,124,1,1,0,382
2,1,1,2,44,2,2,0,75
7,6,1,1,124,1,1,0,118
0,0,0,1,25,1,1,0,35
10,10,0,2,44,2,2,0,89
25,18,7,2,25,2,2,0,76
85,49,36,3,64,3,3,0,335
13,7,6,2,93,2,2,0,473
323,196,127,6,25,6,5,0,568
49,26,23,1,124,1,1,0,64
29,18,11,1,124,1,1,0,142
163,80,83,8,9,8,6,0,1768
196,19,177,3,25,3,3,0,203
0,0,0,1,44,1,1,0,0
281,74,207,5,25,5,5,0,318
4,2,2,2,25,2,2,0,72
16,12,4,2,44,2,2,0,154
71,62,9,5,25,5,5,0,749
300,210,90,4,25,4,4,0,680
14,14,0,1,124,1,1,0,118
21,17,4,1,124,1,1,0,67
11,0,11,1,124,1,1,0,212
13,10,3,2,44,2,2,0,93
10,0,10,1,64,1,1,0,30
4,4,0,1,124,1,1,0,42
53,20,33,2,25,2,2,0,341
28,18,10,3,25,3,3,0,204
2,1,1,1,124,1,1,0,55
0,0,0,1,25,1,1,0,96
8,5,3,3,44,3,3,0,186
0,0,0,1,124,1,1,0,0
61,46,15,4,44,4,4,0,159
2,0,2,1,124,1,1,0,46
4,2,2,2,93,2,2,0,108
31,12,19,1,124,1,1,0,93
3,1,2,1,124,1,1,0,29
157,113,44,5,25,5,5,0,559
15,10,5,1,124,1,1,0,153
43,26,17,3,44,3,3,0,375
103,95,8,3,44,3,3,0,221
30,12,18,2,64,2,2,0,249
21,14,7,4,25,4,4,0,168
10,5,5,3,25,3,3,0,246
19,11,8,2,64,2,2,0,126
31,4,27,2,93,2,2,0,604
8,4,4,1,64,1,1,0,43
1046,478,568,3,25,3,3,0,753
72,6,66,1,124,1,1,0,160
52,42,10,3,25,3,3,0,144
960,662,298,5,25,5,5,0,1242
79,9,70,3,64,3,3,0,105
1190,614,576,6,25,6,6,0,1408
125,51,74,3,64,3,3,0,242
178,81,97,5,25,5,4,0,0
20,15,5,3,64,3,3,0,310
65,36,29,2,64,2,2,0,441
35,21,14,4,25,4,4,0,579
252,127,125,6,25,6,5,0,363
124,85,39,4,25,4,4,0,390
9,4,5,2,93,2,2,0,85
74,64,10,3,25,3,3,0,434
14,7,7,2,93,2,2,0,582
6,4,2,2,44,2,2,0,193
14,7,7,1,93,1,1,0,352
44,29,15,4,64,4,4,0,427
45,18,27,1,64,1,1,0,362
0,0,0,1,124,1,1,0,0
0,0,0,1,124,1,1,0,0
4,2,2,2,44,2,2,0,207
908,501,407,4,25,4,4,0,1252
67,32,35,3,25,3,3,0,429
64,57,7,3,25,2,2,0,315
2,1,1,1,93,1,1,0,98
179,146,33,4,64,4,4,0,423
1101,1006,95,5,64,5,4,0,1107
87,30,57,4,64,4,4,0,268
540,287,253,3,93,3,3,0,377
1048,644,404,5,25,5,5,0,5481
46,28,18,3,25,3,3,0,143
740,603,137,5,25,5,5,0,1354
16,10,6,2,93,2,2,0,347
3,2,1,1,93,1,1,0,51
577,502,75,7,7,7,6,0,1567
31,21,10,4,44,4,4,0,865
2,1,1,1,64,1,1,0,90
1307,796,511,6,25,6,6,0,3936
162,116,46,5,44,5,5,0,360
17,9,8,4,44,4,4,0,145
3,2,1,1,64,1,1,0,63
98,49,49,3,25,3,3,0,88
340,209,131,4,25,4,4,0,2445
49,28,21,3,44,3,3,0,267
8,4,4,3,64,3,2,0,0
0,0,0,1,64,1,1,0,0
0,0,0,1,64,1,1,0,0
14,4,10,1,25,1,1,0,40
307,191,116,4,44,4,4,0,1657
2,1,1,2,64,2,2,0,0
0,0,0,1,64,1,1,0,0
0,0,0,1,64,1,1,0,0
188,125,63,5,25,5,5,0,460
15,14,1,2,64,2,2,0,144
311,161,150,5,44,5,5,0,937
34,20,14,3,64,3,3,0,183
0,0,0,1,124,1,1,0,59
2506,1244,1262,6,25,6,6,0,1822
180,47,133,4,44,4,4,0,432
147,49,98,4,64,4,4,0,494
3323,1718,1605,7,25,7,6,0,3024
500,251,249,6,44,6,5,0,566
616,297,319,6,25,6,5,0,985
32,19,13,5,25,5,4,0,205
304,235,69,3,25,3,3,0,402
288,156,132,4,25,4,4,0,177
45,12,33,2,44,2,2,0,100
16,5,11,2,64,2,2,0,160
894,491,403,8,7,8,6,0,1277
79,55,24,1,124,1,1,0,115
16,5,11,4,25,4,3,0,148
567,315,252,5,25,5,5,0,421
43,28,15,4,25,4,4,0,552
8,5,3,2,64,2,2,0,98
43,34,9,4,25,4,4,0,187
20,16,4,2,64,2,2,0,428
6,3,3,2,93,2,2,0,317
9,5,4,1,64,1,1,0,205
43,15,28,3,44,3,3,0,1092
21,11,10,3,44,3,3,0,161
8,4,4,2,64,2,2,0,210
10,5,5,3,44,3,3,0,399
32,16,16,2,64,2,2,0,1254
45,24,21,3,25,3,3,0,528
455,261,194,6,25,6,6,0,410
6,4,2,1,124,1,1,0,116
0,0,0,1,124,1,1,0,0
103,36,67,4,1,4,3,0.00114025085518814,877
1547,456,1091,8,1,8,6,0,2111
9,2,7,1,124,1,1,0,63
239,198,41,5,25,5,5,0,789
119,61,58,4,44,4,4,0,329
0,0,0,1,64,1,1,0,0
0,0,0,1,64,1,1,0,0
0,0,0,1,64,1,1,0,0
784,66,718,2,44,2,2,0,0
192,37,155,2,44,2,2,0,0
379,260,119,7,25,7,6,0,533
0,0,0,1,25,1,1,0,268
2,2,0,1,93,1,1,0,59
382,291,91,6,7,6,5,0,770
5,3,2,2,64,2,2,0,50
26,12,14,1,124,1,1,0,50
415,325,90,6,25,6,6,0,1402
355,227,128,5,25,5,5,0,532
41,38,3,4,64,4,4,0,80
75,3,72,2,44,2,2,0,297
19,10,9,2,25,2,2,0,46
13,13,0,1,25,1,1,0,138
21,11,10,3,44,3,3,0,394
59,31,28,4,25,4,4,0,287
421,223,198,5,44,5,5,0,881
0,0,0,2,64,2,2,0,0
3,1,2,1,124,1,1,0,37
6,3,3,2,44,2,2,0,197
0,0,0,1,44,1,1,0,189
8,4,4,2,64,2,2,0,0
0,0,0,1,64,1,1,0,0
72,70,2,2,44,2,2,0,425
2,1,1,2,64,2,2,0,0
0,0,0,1,64,1,1,0,242
1178,498,680,4,25,4,4,0,607
700,391,309,2,44,2,2,0,465
0,0,0,1,64,1,1,0,288
0,0,0,1,64,1,1,0,0
0,0,0,1,64,1,1,0,0
104,37,67,1,64,1,1,0,58
0,0,0,1,64,1,1,0,0
477,267,210,6,25,6,6,0,445
128,58,70,5,25,5,5,0,113
2,1,1,1,25,1,1,0,54
688,119,569,4,25,4,4,0,728
380,178,202,6,44,6,5,0,1465
23,11,12,4,25,4,4,0,274
233,179,54,5,25,5,5,0,910
12,12,0,1,124,1,1,0,181
102,71,31,2,25,2,2,0,134
336,195,141,6,25,6,5,0,1508
167,122,45,5,25,5,5,0,1157
97,53,44,5,25,5,4,0,914
85,64,21,2,109,2,2,0,360
82,41,41,2,64,2,2,0,589
12,8,4,1,124,1,1,0,71
239,145,94,2,25,2,2,0,576
4,2,2,1,124,1,1,0,192
11,5,6,2,109,2,2,0,98
28,22,6,2,64,2,2,0,179
810,509,301,8,9,8,6,0,6536
218,91,127,6,25,6,6,0,1020
5,2,3,3,44,3,3,0,354
0,0,0,1,124,1,1,0,151
80,65,15,4,25,4,4,0,752
11,11,0,2,25,2,2,0,130
379,216,163,6,25,6,6,0,3137
48,25,23,3,25,3,3,0,1388
159,92,67,4,25,4,4,0,2362
136,74,62,5,25,5,5,0,1102
65,32,33,3,64,3,3,0,736
23,14,9,3,25,3,3,0,475
65,8,57,2,64,2,2,0,290
924,603,321,5,25,5,5,0,2466
0,0,0,1,25,1,1,0,67
0,0,0,1,93,1,1,0,54
24,11,13,2,64,2,2,0,604
17,8,9,2,64,2,2,0,269
128,94,34,3,44,3,3,0,1596
230,191,39,5,25,5,4,0,447
67,6,61,2,64,2,2,0,121
0,0,0,1,124,1,1,0,0
1456,934,522,8,9,8,6,0,6341
0,0,0,1,124,1,1,0,0
0,0,0,1,124,1,1,0,0
4289,2319,1970,8,7,8,6,0,6170
29,22,7,4,44,4,4,0,502
2215,1835,380,7,25,7,6,0,2743
56,32,24,2,64,2,2,0,301
249,146,103,6,25,6,6,0,2720
7,3,4,1,124,1,1,0,449
74,37,37,1,64,1,1,0,1152
734,385,349,7,25,7,6,0,2832
22,12,10,3,93,3,2,0,252
107,54,53,4,25,4,4,0,524
32,18,14,4,44,4,4,0,226
678,420,258,4,64,4,4,0,527
15,8,7,2,109,2,2,0,49
13,9,4,3,25,3,3,0,232
42,20,22,4,44,4,4,0,742
85,42,43,3,44,3,3,0,1050
597,506,91,5,44,5,4,0,665
180,133,47,4,25,4,4,0,326
20,10,10,2,9,2,1,0,902
104,51,53,5,25,5,5,0,1112
12,4,8,2,44,2,2,0,218
20,11,9,4,25,4,4,0,284
10,5,5,1,124,1,1,0,495
356,219,137,5,25,5,5,0,2454
292,152,140,5,25,4,4,0,1080
125,81,44,3,25,3,3,0,250
177,82,95,3,25,3,3,0,1352
95,8,87,2,44,2,2,0,490
13,6,7,1,44,1,1,0,98
11,6,5,2,44,2,2,0,244
306,160,146,7,25,6,5,0.00377358490566038,795
80,46,34,3,44,3,3,0,215
3,2,1,1,124,1,1,0,209
2,1,1,1,124,1,1,0,116
16,9,7,3,25,3,2,0,1052
1747,885,862,5,25,5,5,0,1591
127,48,79,2,64,2,2,0,729
0,0,0,1,124,1,1,0,0
80,38,42,3,64,3,3,0,174
27,6,21,1,44,1,1,0,91
29,13,16,3,44,3,3,0,104
13,7,6,2,44,2,2,0,38
20,13,7,2,44,2,2,0,58
0,0,0,1,64,1,1,0,0
0,0,0,1,64,1,1,0,0
628,492,136,4,25,4,4,0,662
531,382,149,4,25,4,4,0,1423
12,12,0,1,44,1,1,0,30
35,13,22,1,124,1,1,0,62
2,1,1,1,124,1,1,0,14
67,34,33,3,44,3,3,0,287
13,6,7,1,64,1,1,0,49
9,8,1,2,44,2,2,0,21
181,113,68,4,25,4,4,0,424
23,15,8,3,25,3,3,0,77
2,1,1,1,124,1,1,0,45
21,9,12,2,64,2,2,0,135
12,7,5,1,124,1,1,0,271
25,24,1,1,64,1,1,0,41
77,11,66,2,64,2,2,0,55
11,5,6,1,64,1,1,0,33
0,0,0,1,25,1,1,0,19
0,0,0,1,64,1,1,0,0
528,502,26,4,9,4,3,0,3565
108,64,44,4,25,4,4,0,2859
17,16,1,2,1,2,1,0.00537634408602151,186
146,85,61,5,25,5,5,0,1237
80,76,4,3,44,3,3,0,672
71,68,3,3,64,3,3,0,128
0,0,0,1,109,1,1,0,114
886,428,458,1,64,1,1,0,560
9,5,4,1,64,1,1,0,74
14,7,7,1,44,1,1,0,263
13,10,3,3,25,3,3,0,100
2,1,1,1,25,1,1,0,175
47,23,24,4,25,4,4,0,278
76,76,0,1,25,1,1,0,168
0,0,0,1,93,1,1,0,37
96,51,45,3,44,3,3,0,221
3,2,1,1,64,1,1,0,133
125,46,79,2,64,2,2,0,81
25,6,19,1,124,1,1,0,215
213,190,23,3,25,3,3,0,355
52,10,42,2,64,2,2,0,391
79,69,10,3,25,3,3,0,474
15,11,4,1,64,1,1,0,140
0,0,0,1,93,1,1,0,47
2,1,1,1,93,1,1,0,30
101,77,24,6,25,6,5,0,626
2,1,1,1,110,1,0,0,112
67,41,26,3,93,2,2,0,181
293,287,6,4,64,4,2,0,305
22,11,11,2,93,2,2,0,267
10,3,7,3,44,3,3,0,121
85,73,12,1,124,1,1,0,566
443,326,117,6,25,6,6,0,1251
64,53,11,5,9,5,4,0,375
529,338,191,7,0,7,6,0,1505
27,22,5,4,25,4,4,0,164
218,77,141,4,9,4,3,0,1368
492,373,119,4,44,4,4,0,1825
52,40,12,1,124,1,1,0,121
29,19,10,1,124,1,1,0,100
2,1,1,2,109,2,2,0,128
1398,894,504,4,25,4,4,0,1963
1222,908,314,7,25,7,6,0,4675
56,51,5,5,25,5,5,0,353
43,14,29,2,109,2,2,0,86
13,5,8,2,109,2,2,0,49
71,37,34,3,25,3,3,0,323
4,4,0,1,124,1,1,0,182
266,180,86,6,25,6,6,0,1636
12,5,7,2,44,2,2,0,70
22,2,20,2,44,2,2,0,229
10,10,0,1,124,1,1,0,43
76,52,24,4,9,4,3,0,185
30,19,11,3,9,3,2,0,156
83,20,63,4,44,4,4,0,144
15,1,14,2,44,2,2,0,109
4,2,2,1,25,1,1,0,39
838,742,96,3,64,3,3,0,739
968,485,483,6,25,6,6,0,1303
12,8,4,4,25,4,4,0,362
1,1,0,2,25,2,2,0,97
16,3,13,2,64,2,2,0,161
0,0,0,1,124,1,1,0,56
2,1,1,2,109,2,2,0,141
225,208,17,2,109,2,2,0,394
59,31,28,4,64,4,4,0,250
5,1,4,2,109,2,2,0,79
199,94,105,4,25,4,4,0,864
17,11,6,1,124,1,1,0,70
53,7,46,1,124,1,1,0,119
85,41,44,4,44,4,4,0,482
5,1,4,2,109,2,2,0,58
11,3,8,1,124,1,1,0,62
7,3,4,1,124,1,1,0,42
52,38,14,4,44,4,4,0,709
0,0,0,1,64,1,1,0,179
862,276,586,4,25,4,4,0,848
6,0,6,1,44,1,1,0,47
3,1,2,1,124,1,1,0,173
84,28,56,2,44,2,2,0,250
22,17,5,2,93,2,2,0,300
4,2,2,2,25,2,2,0,306
71,26,45,4,25,4,4,0,1092
351,264,87,4,25,4,4,0.00036101083032491,5540
32,24,8,3,44,3,3,0,476
106,49,57,3,25,3,3,0,772
12,2,10,2,109,2,2,0,157
29,19,10,3,64,3,3,0,446
1,1,0,1,124,1,1,0,49
9,5,4,2,44,2,2,0,59
0,0,0,1,44,1,1,0,0
0,0,0,1,44,1,1,0,0
174,101,73,2,44,2,2,0,1757
7,4,3,1,124,1,1,0,98
2,1,1,1,44,1,1,0.0072463768115942,138
4,2,2,1,124,1,1,0.00680272108843537,147
141,30,111,4,25,4,4,0,117
42,12,30,3,25,3,3,0,86
32,30,2,3,44,3,3,0,387
3,2,1,1,64,1,1,0,95
2,1,1,2,44,2,2,0,14
475,268,207,5,25,5,5,0,641
12,10,2,1,124,1,1,0,30
967,109,858,3,25,3,3,0,340
0,0,0,1,44,1,1,0,0
20,10,10,3,44,3,3,0,265
11,6,5,2,44,2,2,0,145
11,11,0,1,124,1,1,0,33
15,5,10,2,44,2,2,0,147
376,243,133,2,44,2,2,0,589
32,20,12,5,25,5,5,0,121
8,4,4,2,44,2,2,0,86
692,199,493,4,25,4,4,0,653
28,6,22,2,44,2,2,0,134
11,7,4,2,44,2,2,0,134
2,2,0,1,44,1,1,0,101
510,226,284,4,44,4,4,0,427
7,2,5,2,44,2,2,0,51
453,450,3,2,93,2,2,0,476
0,0,0,1,93,1,1,0,150
0,0,0,1,93,1,1,0,1365
0,0,0,1,93,1,1,0,515
0,0,0,1,93,1,1,0,355
28,14,14,3,25,3,3,0.0120481927710843,83
0,0,0,1,25,1,1,0,34
108,38,70,2,44,2,2,0,91
32,7,25,3,44,3,3,0,49
588,173,415,3,44,3,3,0,873
132,81,51,5,9,5,4,0,1732
0,0,0,1,44,1,1,0,25
25,12,13,4,44,4,4,0,1207
5,2,3,2,25,2,2,0,140
730,275,455,5,25,5,5,0,1932
1864,1306,558,11,0,11,6,0,10353
118,89,29,8,7,8,5,0,829
1055,689,366,8,9,8,6,0,3633
232,180,52,4,44,4,4,0,739
92,45,47,4,44,4,4,0,559
12,5,7,1,124,1,1,0,81
56,22,34,4,9,4,3,0,111
6,1,5,2,44,2,2,0,38
16,13,3,2,25,2,2,0,645
0,0,0,1,44,1,1,0,48
0,0,0,1,44,1,1,0,49
20,2,18,1,44,1,1,0.0103092783505155,97
175,77,98,6,9,6,5,0.000670690811535882,1491
14,9,5,4,25,4,4,0,175
151,32,119,4,44,4,4,0,372
63,38,25,5,25,5,5,0,242
176,64,112,6,25,6,6,0.00483091787439614,207
42,17,25,4,25,4,4,0,91
155,104,51,3,25,3,3,0,118
42,28,14,1,25,1,1,0,54
13,5,8,3,25,3,3,0,64
21,10,11,4,25,4,4,0,875
44,23,21,2,44,2,2,0,116
25,12,13,3,25,3,3,0,942
7,3,4,2,25,2,2,0,106
5,2,3,1,124,1,1,0,175
88,65,23,3,25,3,3,0,391
40,16,24,1,124,1,1,0,208
1196,395,801,5,25,5,5,0.000391849529780564,2552
13,6,7,1,124,1,1,0,276
2,1,1,1,124,1,1,0,75
0,0,0,1,124,1,1,0,0
5,2,3,1,124,1,1,0,74
5,2,3,1,124,1,1,0,105
208,152,56,3,44,3,3,0,495
9,4,5,2,64,2,2,0,186
7,5,2,1,124,1,1,0,242
43,15,28,1,124,1,1,0,541
12,5,7,3,44,3,3,0,664
7,3,4,3,44,3,3,0,176
3,1,2,1,124,1,1,0,190
3,1,2,1,124,1,1,0,251
0,0,0,1,124,1,1,0,0
3,1,2,1,124,1,1,0,71
95,35,60,3,44,3,3,0,291
14,6,8,2,64,2,2,0,364
24,13,11,3,25,3,3,0,351
79,35,44,3,25,3,3,0,731
466,220,246,3,25,3,3,0,1965
270,233,37,3,25,3,3,0,1338
102,61,41,3,25,3,3,0,1352
51,26,25,3,25,3,3,0,2476
48,26,22,3,25,3,3,0,614
20,10,10,2,25,2,2,0,695
6,4,2,2,25,2,2,0,843
32,25,7,2,25,2,2,0,691
0,0,0,1,64,1,1,0,463
181,94,87,3,25,3,3,0,1113
7,4,3,3,25,3,3,0,561
0,0,0,1,64,1,1,0,105
14,7,7,2,25,2,2,0,1274
3,1,2,2,64,2,2,0,0
3,1,2,1,124,1,1,0,114
13,13,0,1,109,1,1,0,108
9,4,5,2,64,2,2,0,218
8,4,4,3,25,3,3,0,131
13,6,7,2,64,2,2,0,0
0,0,0,1,64,1,1,0,0
6,3,3,3,25,3,3,0,1117
3,1,2,1,64,1,1,0,95
0,0,0,1,124,1,1,0,0
276,154,122,6,25,6,6,0,921
0,0,0,1,124,1,1,0,0
2,1,1,1,124,1,1,0,89
331,215,116,4,44,4,4,0,573
0,0,0,1,124,1,1,0,81
1888,999,889,7,25,7,6,0,2308
246,125,121,5,25,5,5,0,780
2632,1709,923,5,64,5,4,0,0
1390,961,429,6,25,6,6,0,1532
76,37,39,5,25,5,5,0,879
34,8,26,1,124,1,1,0,232
20,12,8,3,64,3,3,0,1251
313,79,234,1,124,1,1,0,403
6617,3660,2957,6,25,6,5,0,3297
0,0,0,1,124,1,1,0,0
22,14,8,3,44,3,3,0,157
144,67,77,6,25,6,6,0,1080
29,15,14,3,25,3,3,0,785
0,0,0,1,124,1,1,0,0
720,444,276,4,25,4,4,0,1073
1878,987,891,3,25,3,3,0,1971
9,4,5,5,64,5,4,0,716
4,0,4,1,124,1,1,0,107
2656,1267,1389,7,25,7,6,0,1740
110,92,18,4,44,4,4,0,311
4,2,2,2,44,2,2,0,156
1829,734,1095,7,25,7,6,0,2131
11,5,6,2,64,2,2,0,370
35,20,15,2,44,2,2,0,497
13,7,6,2,25,2,2,0,596
106,58,48,4,25,4,4,0,680
12,6,6,2,64,2,2,0,181
120,91,29,3,44,3,3,0,438
0,0,0,1,25,1,1,0,324
148,94,54,3,44,3,3,0,580
4,2,2,1,64,1,1,0,152
5,2,3,1,124,1,1,0,127
44,19,25,2,64,2,2,0,795
0,0,0,1,124,1,1,0,0
72,17,55,2,64,2,2,0,642
8,4,4,2,64,2,2,0,63
309,144,165,1,124,1,1,0,274
522,459,63,5,25,5,5,0,746
191,154,37,5,25,5,5,0,733
36,16,20,4,44,4,4,0,378
0,0,0,1,124,1,1,0,0
12,5,7,2,64,2,2,0,629
17,8,9,3,64,3,3,0,322
6,2,4,1,124,1,1,0,90
169,109,60,5,25,5,4,0,1056
156,108,48,5,44,5,5,0,396
218,96,122,2,64,2,2,0,432
507,206,301,5,25,5,5,0,2115
2,1,1,1,64,1,1,0,141
0,0,0,1,124,1,1,0,0
190,101,89,3,44,3,3,0,137
767,379,388,6,25,6,6,0,2138
20,13,7,3,25,3,3,0,334
109,68,41,2,64,2,2,0,533
23,21,2,3,93,3,3,0,298
999,685,314,5,25,5,5,0,2292
33,9,24,1,44,1,1,0,54
635,386,249,6,25,6,6,0,2283
92,72,20,5,7,5,3,0,839
408,347,61,4,25,4,4,0,2215
12,7,5,2,93,2,2,0,345
45,33,12,5,25,5,5,0,414
0,0,0,1,44,1,1,0,18
37,32,5,3,25,3,3,0,303
2,1,1,2,44,2,2,0,51
51,29,22,4,7,4,3,0,238
97,42,55,2,64,2,2,0,444
1039,534,505,5,25,5,5,0,3416
31,17,14,1,64,1,1,0,74
32,0,32,3,64,3,3,0,44
29,25,4,2,7,2,0,0,103
179,79,100,8,7,8,5,0,204
3,0,3,1,124,1,1,0,69
4,2,2,2,93,2,2,0,89
0,0,0,1,64,1,1,0,0
1358,756,602,6,7,6,5,0,560
130,97,33,4,44,4,4,0,459
0,0,0,1,44,1,1,0,0
100,97,3,4,44,4,3,0,440
225,126,99,6,25,6,6,0,1742
8,4,4,2,64,2,2,0,99
358,255,103,6,7,6,5,0,1323
59,14,45,2,64,2,2,0,167
37,31,6,2,44,2,2,0,449
139,73,66,3,25,3,3,0,598
22,12,10,2,64,2,2,0,123
7,4,3,1,25,1,1,0,202
290,194,96,6,9,6,5,0,1962
0,0,0,2,25,2,2,0,0
0,0,0,2,25,2,2,0,0
0,0,0,2,25,2,2,0,0
0,0,0,2,25,2,2,0,0
0,0,0,2,25,2,2,0,0
0,0,0,2,25,2,2,0,0
0,0,0,2,25,2,2,0,0
0,0,0,2,25,2,2,0,0
0,0,0,2,25,2,2,0,0
73,30,43,4,25,4,4,0,389
50,33,17,2,44,2,2,0,253
66,35,31,1,124,1,1,0,121
5,5,0,1,44,1,1,0,170
0,0,0,1,124,0,0,0,111
4,4,0,1,124,1,1,0,33
23,20,3,2,44,2,2,0,54
47,44,3,2,44,2,2,0,106
0,0,0,1,109,1,1,0,33
62,62,0,4,0,4,3,0,579
13,13,0,2,0,2,1,0,346
42,42,0,2,44,2,2,0,182
4,4,0,2,93,2,2,0,100
12,12,0,1,124,1,1,0,179
39,39,0,2,44,2,2,0,179
3,2,1,2,44,2,2,0,207
109,108,1,3,64,3,3,0,262
0,0,0,1,124,1,1,0,294
33,33,0,1,124,1,1,0,129
14,4,10,3,44,3,3,0,238
78,40,38,1,124,1,1,0,279
750,715,35,6,25,5,4,0,810
0,0,0,1,44,1,1,0,164
2,1,1,1,25,1,1,0,143
2,2,0,2,0,2,1,0,31
29,29,0,1,25,1,1,0,94
0,0,0,1,64,1,1,0,16
19,13,6,2,44,2,2,0,253
82,82,0,1,124,1,1,0,412
16,16,0,1,124,1,1,0,146
59,30,29,1,124,1,1,0,88
10,6,4,2,44,2,2,0,33
63,27,36,3,25,3,3,0,144
0,0,0,1,25,1,1,0,44
139,124,15,3,44,3,3,0,733
145,144,1,2,25,2,2,0,388
1036,348,688,2,106,2,1,0,825
178,139,39,2,44,2,2,0,1645
420,74,346,2,44,2,2,0,548
1,1,0,1,44,1,1,0,54
0,0,0,1,44,1,1,0,264
0,0,0,1,44,1,1,0,113
16,6,10,1,124,1,1,0,170
45,24,21,4,44,4,4,0,256
6,3,3,2,93,2,2,0,43
352,261,91,4,25,4,4,0,2634
51,44,7,4,25,4,4,0,645
112,63,49,5,25,5,5,0,289
35,32,3,3,25,3,3,0,184
31,13,18,2,44,2,2,0,560
7,1,6,2,64,2,2,0,242
4052,1094,2958,5,25,5,5,0,239
16,0,16,1,25,1,1,0,40
380,337,43,3,9,3,2,0,402
1046,898,148,3,9,3,2,0,1112
824,693,131,2,25,2,2,0,779
741,668,73,3,9,3,2,0,882
132,103,29,2,9,2,1,0,509
99,99,0,2,93,2,2,0,129
0,0,0,1,124,1,1,0,28
0,0,0,1,44,1,1,0,665
0,0,0,1,44,1,1,0,37
2,1,1,1,64,1,1,0,634
2,1,1,1,25,1,1,0,55
23,18,5,3,44,3,3,0,399
2,1,1,1,64,1,1,0,731
2408,1634,774,7,25,7,6,0,3074
3,1,2,1,124,1,1,0,32
37,16,21,3,64,3,3,0,194
0,0,0,1,124,1,1,0,34
206,88,118,3,64,3,3,0,1578
88,40,48,3,25,3,3,0,1489
20,19,1,2,109,2,2,0,919
9,7,2,1,124,1,1,0,81
8,6,2,2,64,2,2,0,581
1,1,0,1,64,1,1,0,450
4,2,2,2,64,2,2,0,121
386,191,195,2,64,2,2,0,2050
51,41,10,2,44,2,2,0,308
0,0,0,1,93,1,1,0,38
0,0,0,1,93,1,1,0,603
0,0,0,1,93,1,1,0,291
0,0,0,1,93,1,1,0,197
118,62,56,3,25,3,3,0,965
0,0,0,1,93,1,1,0,237
5,3,2,2,44,2,2,0,119
0,0,0,2,93,2,2,0,0
0,0,0,2,93,2,2,0,0
0,0,0,2,93,2,2,0,0
0,0,0,2,93,2,2,0,0
0,0,0,2,93,2,2,0,0
26,25,1,2,93,2,2,0,0
3,2,1,2,93,2,2,0,0
0,0,0,1,93,1,1,0,0
0,0,0,1,93,1,1,0,0
0,0,0,1,93,1,1,0,0
0,0,0,1,93,1,1,0,0
8,8,0,2,93,2,2,0,0
68,54,14,2,93,2,2,0,0
94,53,41,2,93,2,2,0,0
1,1,0,2,93,2,2,0,0
2,1,1,2,93,2,2,0,0
664,69,595,3,93,3,3,0,5
0,0,0,1,93,1,1,0,4
0,0,0,1,93,1,1,0,2
0,0,0,1,93,1,1,0,1
0,0,0,1,93,1,1,0,2
0,0,0,1,93,1,1,0,2
0,0,0,1,93,1,1,0,95
0,0,0,1,93,1,1,0,3
0,0,0,1,93,1,1,0,267
0,0,0,1,93,1,1,0,85
2,1,1,2,44,2,2,0,346
0,0,0,1,93,1,1,0,322
2,1,1,2,64,2,2,0,79
27,20,7,2,44,2,2,0,202
18,18,0,2,25,2,2,0,535
9,6,3,2,25,2,2,0,100
5,3,2,2,44,2,2,0,125
0,0,0,1,93,1,1,0,10
9,8,1,2,12,1,1,0,586
0,0,0,1,93,1,1,0,69
2,1,1,1,93,1,1,0,3951
7,6,1,1,93,1,1,0,1390
4,3,1,1,124,1,1,0,864
20,10,10,6,1,3,0,0,13
4,2,2,2,25,0,0,0,0
22,15,7,2,9,0,0,0,33
31,17,14,6,1,1,1,0,36
2697,1611,1086,27,21,11,0,0.00282087447108604,709
5,3,2,2,75,1,0,0,31
29,23,6,8,9,2,0,0,233
70,46,24,16,2,2,0,0,131
10,10,0,1,76,0,0,0,327
291,155,136,7,26,1,0,0.00465116279069767,645
16,9,7,3,65,0,0,0.0238095238095238,42
1,1,0,1,44,0,0,0.00245098039215686,408
1,1,0,1,44,0,0,0,125
10,5,5,2,70,1,0,0,359
124,68,56,5,68,1,0,0,1746
3,2,1,1,70,0,0,0,33
335,1,334,1,145,0,0,0,71
76,73,3,3,63,2,0,0,217
4,1,3,1,70,0,0,0,31
14,7,7,1,51,1,0,0.00153139356814701,653
32,21,11,2,86,0,0,0.0350877192982456,57
6,3,3,3,26,3,0,0,251
2,1,1,2,51,2,0,0,112
17,9,8,3,30,0,0,0,158
40,23,17,8,3,5,0,0.00397350993377483,755
0,0,0,1,50,0,0,0,42
477,301,176,13,26,6,0,0.00757575757575758,660
24,13,11,6,26,3,0,0.0161290322580645,62
50,43,7,9,7,2,0,0.00688468158347676,581
18,18,0,4,7,0,0,0,117
3,1,2,2,3,2,0,0.0012970168612192,771
75,44,31,3,156,2,0,0,1559
5,3,2,1,156,1,0,0,46
4,1,3,2,40,2,0,0,561
196,165,31,14,24,7,0,0.00444444444444444,1800
9,8,1,5,44,3,0,0.0294117647058824,102
56,35,21,10,26,7,0,0.00735294117647059,408
2,1,1,1,174,1,0,0.0188679245283019,53
461,303,158,23,26,9,0,0.0214395099540582,653
76,50,26,13,27,6,0,0.028735632183908,174
37,21,16,3,51,3,0,0,3733
300,6,294,2,46,1,0,0,2607
318,180,138,7,9,3,0,0.00483870967741936,620
3,2,1,2,75,2,0,0,58
14,8,6,2,0,2,0,0.00100553041729512,1989
1,1,0,1,2,1,0,0,987
50,39,11,12,7,4,0,0.00199600798403194,1002
175,129,46,28,0,8,0,0.00541516245487365,554
105,22,83,6,2,3,0,0.00352526439482961,851
35,0,35,3,10,2,0,0.0226700251889169,794
975,636,339,35,12,14,0,0.00307692307692308,2600
138,77,61,10,7,1,0,0,162
2633,2026,607,20,32,7,0,0.00391134289439374,1534
75,44,31,5,110,0,0,0,41
0,0,0,1,50,0,0,0,148
3,2,1,3,7,2,0,0,102
2,1,1,1,44,0,0,0,77
2,1,1,1,44,0,0,0,79
16,8,8,1,51,1,0,0.000640614990390775,1561
42,24,18,7,63,6,0,0,170
1482,1134,348,55,9,25,0,0.00382897255902999,3134
6,5,1,3,83,2,0,0,69
1,1,0,1,155,1,0,0,1022
6,0,6,1,134,0,0,0,1519
6,5,1,1,134,0,0,0,63
116,9,107,2,44,0,0,0,727
13,3,10,2,44,0,0,0.0142857142857143,70
476,309,167,35,12,14,0,0.00333889816360601,2396
17,10,7,4,35,3,0,0.00195694716242661,511
4,2,2,2,105,0,0,0,508
18,14,4,3,40,1,0,0.00168350168350168,594
3,2,1,2,40,1,0,0,54
4,2,2,1,63,1,0,0,123
2,1,1,1,63,1,0,0,32
23,7,16,1,145,1,0,0,407
25,22,3,6,7,3,0,0,90
29,20,9,1,159,0,0,0,1102
4,4,0,1,76,0,0,0,225
48,17,31,5,51,3,0,0.00181818181818182,550
3,1,2,1,174,1,0,0,132
1,1,0,1,30,1,0,0.000896860986547085,1115
10,8,2,1,30,1,0,0,62
4,1,3,2,30,1,0,0,531
16,9,7,1,61,1,0,0,133
10,6,4,2,110,0,0,0,2425
122,16,106,3,56,1,0,0.00191204588910134,1046
37,27,10,4,148,1,0,0.00583090379008746,343
1,1,0,1,176,0,0,0.0178571428571429,56
0,0,0,1,168,0,0,0,0
0,0,0,1,168,0,0,0,0
82,54,28,28,7,13,0,0.00479386385426654,1043
2,0,2,1,162,0,0,0,76
19,17,2,2,0,2,0,0.0018450184501845,542
1108,934,174,26,14,12,0,0.00415094339622642,2650
67,47,20,6,15,3,0,0,1190
4,4,0,1,49,1,0,0,30
1,1,0,1,172,1,0,0,6
315,249,66,19,1,8,0,0.0178041543026706,337
29,27,2,1,70,0,0,0.00174216027874564,574
38,25,13,8,0,2,0,0.00604229607250755,331
4,3,1,2,156,1,0,0,175
6,4,2,3,156,0,0,0,502
59,42,17,4,37,2,0,0.00606060606060606,165
8,4,4,1,44,0,0,0.00536672629695885,559
11,7,4,3,7,2,0,0,8
0,0,0,1,170,0,0,0,1094
0,0,0,1,170,0,0,0,2034
0,0,0,1,170,0,0,0,514
0,0,0,1,170,0,0,0,1572
0,0,0,1,170,0,0,0,282
0,0,0,1,170,0,0,0,509
0,0,0,1,170,0,0,0,672
0,0,0,1,170,0,0,0,104
0,0,0,1,170,0,0,0,626
0,0,0,1,170,0,0,0,175
0,0,0,1,170,0,0,0,68
0,0,0,1,170,0,0,0,205
0,0,0,1,170,0,0,0,31
0,0,0,1,170,0,0,0,84
0,0,0,1,170,0,0,0,54
0,0,0,1,170,0,0,0,141
0,0,0,1,170,0,0,0,114
0,0,0,1,170,0,0,0,53
0,0,0,1,170,0,0,0,47
0,0,0,1,170,0,0,0,44
0,0,0,1,170,0,0,0,148
0,0,0,1,170,0,0,0,50
2,1,1,2,153,0,0,0,134
0,0,0,1,153,0,0,0,74
2,1,1,2,153,0,0,0,305
0,0,0,1,170,0,0,0,92
4,2,2,2,153,0,0,0,94
2,1,1,2,153,0,0,0,44
0,0,0,1,170,0,0,0,39
0,0,0,1,170,0,0,0,115
21,19,2,2,153,0,0,0,727
0,0,0,1,170,0,0,0,50
2,1,1,2,153,0,0,0,59
12,11,1,2,153,0,0,0,142
0,0,0,1,170,0,0,0,46
0,0,0,1,170,0,0,0,57
0,0,0,1,170,0,0,0,65
32,21,11,2,153,0,0,0,1378
0,0,0,1,170,0,0,0,79
1,0,1,2,153,0,0,0,86
2,1,1,2,153,0,0,0,51
0,0,0,1,170,0,0,0,52
2,1,1,2,153,0,0,0,61
0,0,0,1,170,0,0,0,54
0,0,0,1,170,0,0,0,97
0,0,0,1,170,0,0,0,100
0,0,0,1,170,0,0,0,117
0,0,0,1,170,0,0,0,91
0,0,0,1,170,0,0,0,57
0,0,0,1,170,0,0,0,63
0,0,0,1,170,0,0,0,55
0,0,0,1,170,0,0,0,62
0,0,0,1,170,0,0,0,97
0,0,0,1,170,0,0,0,110
0,0,0,1,170,0,0,0,67
0,0,0,1,170,0,0,0,81
0,0,0,1,170,0,0,0,99
0,0,0,1,170,0,0,0,83
0,0,0,1,170,0,0,0,95
0,0,0,1,170,0,0,0,85
0,0,0,1,170,0,0,0,119
29,1,28,2,153,0,0,0,196
31,19,12,2,153,0,0,0,251
0,0,0,1,170,0,0,0,165
0,0,0,1,170,0,0,0,231
0,0,0,1,170,0,0,0,567
0,0,0,1,170,0,0,0,86
0,0,0,1,170,0,0,0,97
0,0,0,1,170,0,0,0,87
0,0,0,1,170,0,0,0,117
0,0,0,1,170,0,0,0,171
4,3,1,2,153,0,0,0,141
0,0,0,1,170,0,0,0,76
2,1,1,2,153,0,0,0,106
0,0,0,1,170,0,0,0,45
0,0,0,1,170,0,0,0,75
0,0,0,1,170,0,0,0,84
12,12,0,2,153,0,0,0,65
4,3,1,2,153,0,0,0,156
2,1,1,2,153,0,0,0,108
2,1,1,2,153,0,0,0,133
4,3,1,2,153,0,0,0,104
0,0,0,1,170,0,0,0,146
0,0,0,1,170,0,0,0,104
2,1,1,2,153,0,0,0,139
0,0,0,1,170,0,0,0,196
0,0,0,1,170,0,0,0,92
0,0,0,1,170,0,0,0,119
0,0,0,1,170,0,0,0,83
0,0,0,1,170,0,0,0,44
0,0,0,1,170,0,0,0,95
2,1,1,2,153,0,0,0,56
0,0,0,1,170,0,0,0,86
0,0,0,1,170,0,0,0,44
0,0,0,1,170,0,0,0,119
0,0,0,1,170,0,0,0,143
0,0,0,1,170,0,0,0,56
0,0,0,1,170,0,0,0,86
1,0,1,2,153,0,0,0,142
1,0,1,2,153,0,0,0,109
1,0,1,2,153,0,0,0,102
1,0,1,2,153,0,0,0,109
1,0,1,2,153,0,0,0,139
1,0,1,2,153,0,0,0,102
1,0,1,2,153,0,0,0,122
1,0,1,2,153,0,0,0,93
1,0,1,2,153,0,0,0,133
1,0,1,2,153,0,0,0,84
1,0,1,2,153,0,0,0,97
1,0,1,2,153,0,0,0,83
1,0,1,2,153,0,0,0,120
0,0,0,1,170,0,0,0,138
0,0,0,1,170,0,0,0,124
0,0,0,1,170,0,0,0,125
0,0,0,1,170,0,0,0,53
0,0,0,1,170,0,0,0,125
14,7,7,2,153,0,0,0,168
0,0,0,1,170,0,0,0,112
0,0,0,1,170,0,0,0,123
0,0,0,1,170,0,0,0,83
0,0,0,1,170,0,0,0,80
0,0,0,1,170,0,0,0,75
2,1,1,2,153,0,0,0,102
0,0,0,1,170,0,0,0,107
11,11,0,2,153,0,0,0,314
12,8,4,2,153,0,0,0,307
2,1,1,2,153,0,0,0,210
0,0,0,1,170,0,0,0,220
0,0,0,1,170,0,0,0,56
0,0,0,1,170,0,0,0,94
0,0,0,1,170,0,0,0,91
0,0,0,1,170,0,0,0,47
0,0,0,1,170,0,0,0,112
0,0,0,1,170,0,0,0,91
0,0,0,1,170,0,0,0,102
0,0,0,1,170,0,0,0,114
2,1,1,2,153,0,0,0,120
0,0,0,1,170,0,0,0,147
0,0,0,1,170,0,0,0,50
0,0,0,1,170,0,0,0,93
21,19,2,2,153,0,0,0,135
0,0,0,1,170,0,0,0,81
0,0,0,1,170,0,0,0,82
0,0,0,1,170,0,0,0,360
7,6,1,2,153,0,0,0,172
0,0,0,1,170,0,0,0,83
0,0,0,1,170,0,0,0,118
0,0,0,1,170,0,0,0,114
0,0,0,1,170,0,0,0,51
0,0,0,1,170,0,0,0,53
8,5,3,2,153,0,0,0,180
0,0,0,1,170,0,0,0,134
0,0,0,1,170,0,0,0,135
0,0,0,1,170,0,0,0,69
0,0,0,1,170,0,0,0,81
0,0,0,1,170,0,0,0,71
0,0,0,1,170,0,0,0,58
0,0,0,1,170,0,0,0,144
0,0,0,1,170,0,0,0,110
0,0,0,1,170,0,0,0,169
0,0,0,1,170,0,0,0,58
0,0,0,1,170,0,0,0,128
0,0,0,1,170,0,0,0,142
0,0,0,1,170,0,0,0,238
0,0,0,1,170,0,0,0,117
0,0,0,1,170,0,0,0,58
0,0,0,1,170,0,0,0,187
0,0,0,1,170,0,0,0,69
0,0,0,1,170,0,0,0,166
0,0,0,1,170,0,0,0,179
0,0,0,1,170,0,0,0,46
0,0,0,1,170,0,0,0,43
0,0,0,1,170,0,0,0,58
0,0,0,1,170,0,0,0,55
0,0,0,1,170,0,0,0,71
0,0,0,1,170,0,0,0,110
0,0,0,1,170,0,0,0,128
0,0,0,1,170,0,0,0,363
0,0,0,1,170,0,0,0,70
0,0,0,1,170,0,0,0,249
0,0,0,1,170,0,0,0,311
0,0,0,1,170,0,0,0,201
0,0,0,1,170,0,0,0,182
0,0,0,1,170,0,0,0,159
0,0,0,1,170,0,0,0,179
0,0,0,1,170,0,0,0,251
0,0,0,1,170,0,0,0,201
0,0,0,1,170,0,0,0,203
0,0,0,1,170,0,0,0,199
0,0,0,1,170,0,0,0,191
0,0,0,1,170,0,0,0,190
0,0,0,1,170,0,0,0,216
0,0,0,1,170,0,0,0,217
0,0,0,1,170,0,0,0,202
0,0,0,1,170,0,0,0,229
0,0,0,1,170,0,0,0,242
0,0,0,1,170,0,0,0,217
0,0,0,1,170,0,0,0,222
0,0,0,1,170,0,0,0,97
0,0,0,1,170,0,0,0,115
0,0,0,1,170,0,0,0,124
0,0,0,1,170,0,0,0,125
0,0,0,1,170,0,0,0,153
0,0,0,1,170,0,0,0,148
0,0,0,1,170,0,0,0,201
0,0,0,1,170,0,0,0,193
0,0,0,1,170,0,0,0,132
0,0,0,1,170,0,0,0,169
0,0,0,1,170,0,0,0,168
0,0,0,1,170,0,0,0,242
0,0,0,1,170,0,0,0,257
0,0,0,1,170,0,0,0,258
0,0,0,1,170,0,0,0,267
6,2,4,2,153,0,0,0,142
0,0,0,1,170,0,0,0,90
0,0,0,1,170,0,0,0,66
0,0,0,1,170,0,0,0,108
0,0,0,1,170,0,0,0,122
0,0,0,1,170,0,0,0,51
0,0,0,1,170,0,0,0,82
0,0,0,1,170,0,0,0,93
0,0,0,1,170,0,0,0,66
0,0,0,1,170,0,0,0,177
0,0,0,1,170,0,0,0,263
0,0,0,1,170,0,0,0,158
0,0,0,1,170,0,0,0,196
0,0,0,1,170,0,0,0,50
0,0,0,1,170,0,0,0,64
0,0,0,1,170,0,0,0,68
0,0,0,1,170,0,0,0,199
0,0,0,1,170,0,0,0,205
0,0,0,1,170,0,0,0,367
0,0,0,1,170,0,0,0,177
0,0,0,1,170,0,0,0,67
0,0,0,1,170,0,0,0,78
0,0,0,1,170,0,0,0,69
0,0,0,1,170,0,0,0,75
0,0,0,1,170,0,0,0,83
0,0,0,1,170,0,0,0,70
0,0,0,1,170,0,0,0,68
0,0,0,1,170,0,0,0,74
0,0,0,1,170,0,0,0,74
0,0,0,1,170,0,0,0,74
0,0,0,1,170,0,0,0,66
0,0,0,1,170,0,0,0,66
0,0,0,1,170,0,0,0,66
0,0,0,1,170,0,0,0,75
0,0,0,1,170,0,0,0,75
0,0,0,1,170,0,0,0,75
0,0,0,1,170,0,0,0,111
0,0,0,1,170,0,0,0,67
0,0,0,1,170,0,0,0,93
0,0,0,1,170,0,0,0,102
0,0,0,1,170,0,0,0,94
0,0,0,1,170,0,0,0,104
0,0,0,1,170,0,0,0,100
0,0,0,1,170,0,0,0,92
0,0,0,1,170,0,0,0,93
0,0,0,1,170,0,0,0,82
0,0,0,1,170,0,0,0,102
0,0,0,1,170,0,0,0,93
0,0,0,1,170,0,0,0,100
0,0,0,1,170,0,0,0,82
0,0,0,1,170,0,0,0,97
0,0,0,1,170,0,0,0,97
0,0,0,1,170,0,0,0,97
0,0,0,1,170,0,0,0,77
0,0,0,1,170,0,0,0,109
11,4,7,2,153,0,0,0,129
0,0,0,1,170,0,0,0,191
0,0,0,1,170,0,0,0,172
0,0,0,1,170,0,0,0,169
0,0,0,1,170,0,0,0,124
0,0,0,1,170,0,0,0,167
0,0,0,1,170,0,0,0,61
0,0,0,1,170,0,0,0,66
0,0,0,1,170,0,0,0,78
0,0,0,1,170,0,0,0,76
0,0,0,1,170,0,0,0,87
0,0,0,1,170,0,0,0,76
0,0,0,1,170,0,0,0,87
0,0,0,1,170,0,0,0,78
0,0,0,1,170,0,0,0,89
0,0,0,1,170,0,0,0,101
0,0,0,1,170,0,0,0,126
0,0,0,1,170,0,0,0,119
0,0,0,1,170,0,0,0,199
0,0,0,1,170,0,0,0,205
0,0,0,1,170,0,0,0,69
0,0,0,1,170,0,0,0,73
0,0,0,1,170,0,0,0,161
0,0,0,1,170,0,0,0,108
0,0,0,1,170,0,0,0,121
0,0,0,1,170,0,0,0,138
0,0,0,1,170,0,0,0,132
0,0,0,1,153,0,0,0,103
0,0,0,1,170,0,0,0,32
0,0,0,1,170,0,0,0,59
0,0,0,1,170,0,0,0,75
0,0,0,1,170,0,0,0,72
0,0,0,1,170,0,0,0,103
0,0,0,1,170,0,0,0,278
0,0,0,1,170,0,0,0,140
0,0,0,1,170,0,0,0,103
0,0,0,1,170,0,0,0,92
0,0,0,1,170,0,0,0,211
0,0,0,1,170,0,0,0,215
0,0,0,1,170,0,0,0,103
0,0,0,1,170,0,0,0,84
0,0,0,1,170,0,0,0,44
0,0,0,1,170,0,0,0,160
0,0,0,1,170,0,0,0,149
0,0,0,1,170,0,0,0,79
0,0,0,1,170,0,0,0,364
0,0,0,1,170,0,0,0,329
0,0,0,1,170,0,0,0,444
0,0,0,1,170,0,0,0,71
0,0,0,1,170,0,0,0,608
0,0,0,1,170,0,0,0,37
0,0,0,1,170,0,0,0,107
0,0,0,1,170,0,0,0,47
0,0,0,1,170,0,0,0,323
0,0,0,1,170,0,0,0,55
0,0,0,1,170,0,0,0,1157
0,0,0,1,170,0,0,0,1368
0,0,0,1,170,0,0,0,24
0,0,0,1,170,0,0,0,329
0,0,0,1,170,0,0,0,128
0,0,0,1,170,0,0,0,307
0,0,0,1,170,0,0,0,25
0,0,0,1,170,0,0,0,50
0,0,0,1,170,0,0,0,479
0,0,0,1,170,0,0,0,466
0,0,0,1,170,0,0,0,186
0,0,0,1,170,0,0,0,62
0,0,0,1,170,0,0,0,132
0,0,0,1,170,0,0,0,177
0,0,0,1,170,0,0,0,75
0,0,0,1,170,0,0,0,270
0,0,0,1,170,0,0,0,21
0,0,0,1,170,0,0,0,585
0,0,0,1,170,0,0,0,420
0,0,0,1,170,0,0,0,281
0,0,0,1,170,0,0,0,31
0,0,0,1,170,0,0,0,1598
0,0,0,1,170,0,0,0,354
0,0,0,1,170,0,0,0,1219
0,0,0,1,170,0,0,0,235
0,0,0,1,170,0,0,0,837
0,0,0,1,170,0,0,0,31
0,0,0,1,170,0,0,0,275
0,0,0,1,170,0,0,0,674
0,0,0,1,170,0,0,0,423
0,0,0,1,170,0,0,0,441
0,0,0,1,170,0,0,0,1736
0,0,0,1,170,0,0,0,331
0,0,0,1,170,0,0,0,565
0,0,0,1,170,0,0,0,233
0,0,0,1,170,0,0,0,693
0,0,0,1,170,0,0,0,500
0,0,0,1,170,0,0,0,448
0,0,0,1,170,0,0,0,413
0,0,0,1,170,0,0,0,58
0,0,0,1,170,0,0,0,191
0,0,0,1,170,0,0,0,404
0,0,0,1,170,0,0,0,1026
0,0,0,1,170,0,0,0,623
0,0,0,1,170,0,0,0,318
0,0,0,1,170,0,0,0,11
0,0,0,1,170,0,0,0,94
0,0,0,1,170,0,0,0,1368
0,0,0,1,170,0,0,0,115
0,0,0,1,170,0,0,0,329
0,0,0,1,170,0,0,0,55
0,0,0,1,170,0,0,0,322
0,0,0,1,170,0,0,0,1219
0,0,0,1,170,0,0,0,128
0,0,0,1,170,0,0,0,61
0,0,0,1,170,0,0,0,332
0,0,0,1,170,0,0,0,332
0,0,0,1,170,0,0,0,1357
0,0,0,1,170,0,0,0,318
0,0,0,1,170,0,0,0,269
78,36,42,29,0,2,1,0.00532859680284192,563
229,156,73,5,161,1,0,0,108
37,20,17,5,164,0,0,0,59
0,0,0,1,170,0,0,0,35
0,0,0,1,170,0,0,0,25
0,0,0,1,13,0,0,0,274
104,103,1,4,13,0,0,0,134
0,0,0,1,169,0,0,0,153
0,0,0,1,169,0,0,0,30
0,0,0,1,170,0,0,0,58
0,0,0,1,170,0,0,0,50
1296,772,524,18,8,9,0,0,470
34,30,4,9,8,1,0,0,52
0,0,0,1,11,0,0,0,35
0,0,0,1,11,0,0,0,27
2,1,1,2,62,0,0,0,57
0,0,0,1,166,0,0,0,97
0,0,0,1,166,0,0,0,122
457,250,207,8,13,3,0,0,0
0,0,0,1,169,0,0,0,40
0,0,0,1,169,0,0,0,25
0,0,0,1,167,0,0,0,1149
19,14,5,2,62,0,0,0,37
6,6,0,3,60,1,0,0,32
4,1,3,2,62,0,0,0,647
182,144,38,8,12,1,0,0,173
4,4,0,3,161,0,0,0,46
239,0,239,2,64,0,0,0,75
0,0,0,1,109,1,0,0,3
0,0,0,1,109,1,0,0,621
0,0,0,1,109,1,0,0,171
154,111,43,19,8,4,0,0.018018018018018,111
0,0,0,1,152,0,0,0.0909090909090909,11
192,109,83,12,9,1,1,0.00238095238095238,420
