CODECHURN,LOCADDED,LOCDELETED,REVISIONS,AGE,BUGFIXES,REFACTORINGS,ERROR_DENSITY,LOC
0,0,0,2,29,2,0,0,0
2,1,1,1,5,1,0,0.0114942528735632,87
12,0,12,2,27,2,0,0.00806451612903226,124
6,3,3,3,5,3,0,0.0147058823529412,68
78,62,16,6,4,5,1,0.00803212851405622,249
83,43,40,3,14,0,0,0.015625,64
1,1,0,1,29,0,0,0,47
3,2,1,1,29,0,0,0.0204081632653061,49
1,0,1,1,29,0,0,0,164
1,0,1,1,29,0,0,0,100
1,1,0,1,29,0,0,0,57
1,0,1,1,29,0,0,0,99
2,0,2,1,29,0,0,0,479
1,1,0,1,29,0,0,0.0175438596491228,57
2,0,2,1,29,0,0,0,118
5,2,3,1,29,0,0,0,71
1,1,0,1,29,0,0,0,43
1,0,1,1,29,0,0,0,92
4,1,3,1,29,0,0,0,89
1,0,1,1,29,0,0,0,114
5,1,4,2,1,1,0,0.00204918032786885,488
13,6,7,2,7,1,0,0,55
68,62,6,5,0,2,0,0.00215401184706516,1857
1,1,0,1,29,0,0,0,68
2,0,2,1,29,0,0,0,176
3,2,1,1,29,0,0,0.0149253731343284,67
1,0,1,1,29,0,0,0,85
10,6,4,1,29,0,0,0.0188679245283019,53
1,0,1,1,29,0,0,0,99
1,0,1,1,29,0,0,0,172
3,1,2,1,29,0,0,0,240
0,0,0,1,29,0,0,0,0
1,1,0,1,29,0,0,0.0181818181818182,55
3,2,1,1,29,0,0,0,65
2,0,2,1,29,0,0,0,65
1,1,0,1,29,0,0,0,41
1,0,1,1,29,0,0,0,47
1,0,1,1,29,0,0,0,46
1,1,0,1,29,0,0,0,51
1,1,0,1,29,0,0,0,39
1,0,1,1,29,0,0,0,57
3,1,2,2,4,1,1,0,74
1,1,0,1,29,0,0,0,40
3,1,2,2,4,1,1,0,80
2,0,2,1,29,0,0,0,447
1,1,0,1,29,0,0,0,72
3,2,1,1,29,0,0,0,50
1,0,1,1,29,0,0,0,45
2,0,2,1,29,0,0,0,99
0,0,0,1,7,1,0,0,39
1,0,1,1,29,0,0,0,341
1,0,1,1,29,0,0,0,52
1,0,1,1,29,0,0,0,96
2,0,2,1,29,0,0,0,225
38,11,27,2,5,1,0,0.0028328611898017,1059
1,1,0,1,29,0,0,0.0217391304347826,46
8,2,6,2,7,1,0,0.00510204081632653,392
1,0,1,1,29,0,0,0,48
2,0,2,1,29,0,0,0,66
1,1,0,1,29,0,0,0,45
1,0,1,1,29,0,0,0.00421940928270042,237
154,92,62,2,7,1,0,0.00632911392405063,158
1,1,0,1,29,0,0,0,46
1,1,0,1,29,0,0,0,41
2,0,2,1,29,0,0,0,110
3,2,1,1,29,0,0,0,45
1,1,0,1,29,0,0,0,49
2,0,2,1,29,0,0,0,73
1,1,0,1,29,0,0,0.025,40
1,0,1,1,29,0,0,0,69
1,0,1,1,29,0,0,0.025,40
1,0,1,1,29,0,0,0.0256410256410256,39
2,0,2,1,29,0,0,0.00442477876106195,226
37,23,14,3,2,2,1,0.00505050505050505,198
14,6,8,1,29,0,0,0.00980392156862745,102
16,7,9,1,29,0,0,0.00675675675675676,148
14,6,8,1,29,0,0,0.00763358778625954,131
3,1,2,1,29,0,0,0.0138888888888889,72
45,28,17,3,2,2,1,0.00552486187845304,181
5,1,4,1,29,0,0,0.00540540540540541,185
36,27,9,2,2,1,0,0.00495049504950495,202
3,1,2,1,29,0,0,0.0181818181818182,55
4,1,3,1,29,0,0,0.00465116279069767,215
4,1,3,1,29,0,0,0.00359712230215827,278
1,0,1,1,29,0,0,0.0161290322580645,62
4,1,3,1,29,0,0,0.0135135135135135,74
6,2,4,1,29,0,0,0,43
4,1,3,1,29,0,0,0,65
3,1,2,1,29,0,0,0,61
3,1,2,1,29,0,0,0,40
7,4,3,1,29,0,0,0,42
7,4,3,1,29,0,0,0,49
1,0,1,1,29,0,0,0,88
1,1,0,1,29,0,0,0,40
3,1,2,1,29,0,0,0,38
1,1,0,1,29,0,0,0,47
7,4,3,1,29,0,0,0,42
11,5,6,1,29,0,0,0,47
4,1,3,1,29,0,0,0,50
4,1,3,1,29,0,0,0,59
4,1,3,1,29,0,0,0,40
3,1,2,1,29,0,0,0,41
3,1,2,1,29,0,0,0,41
6,2,4,1,29,0,0,0,54
3,1,2,1,29,0,0,0.0357142857142857,56
5,2,3,1,29,0,0,0,39
3,2,1,1,29,0,0,0,45
8,3,5,1,29,0,0,0,54
6,2,4,1,29,0,0,0,40
7,4,3,1,29,0,0,0,45
3,1,2,1,29,0,0,0,45
3,1,2,1,29,0,0,0,41
7,3,4,1,29,0,0,0,43
7,3,4,1,29,0,0,0,39
7,4,3,1,29,0,0,0,43
1,1,0,1,29,0,0,0,59
3,1,2,1,29,0,0,0,40
5,2,3,1,29,0,0,0,49
3,1,2,1,29,0,0,0,41
7,3,4,1,29,0,0,0,39
3,2,1,1,29,0,0,0,36
8,5,3,1,29,0,0,0,55
2,0,2,1,29,0,0,0,41
5,3,2,1,29,0,0,0,45
3,1,2,1,29,0,0,0,42
3,1,2,1,29,0,0,0,48
3,0,3,1,29,0,0,0,42
1,0,1,1,29,0,0,0,39
3,1,2,1,29,0,0,0,43
7,3,4,1,29,0,0,0,39
3,2,1,1,29,0,0,0,39
5,2,3,1,29,0,0,0,40
3,2,1,1,29,0,0,0,46
5,2,3,1,29,0,0,0,44
6,2,4,1,29,0,0,0,61
11,5,6,1,29,0,0,0,57
3,1,2,1,29,0,0,0,51
4,1,3,1,29,0,0,0,39
1,1,0,1,29,0,0,0,41
3,1,2,1,29,0,0,0,40
3,1,2,1,29,0,0,0,64
3,1,2,1,29,0,0,0,41
3,1,2,1,29,0,0,0,61
3,1,2,1,29,0,0,0,44
3,1,2,1,29,0,0,0,40
1,1,0,1,29,0,0,0,41
7,4,3,1,29,0,0,0,43
1,1,0,1,29,0,0,0,41
1,0,1,1,29,0,0,0,45
1,1,0,1,29,0,0,0,50
3,1,2,1,29,0,0,0,41
3,1,2,1,29,0,0,0,40
3,1,2,1,29,0,0,0,40
5,2,3,1,29,0,0,0,39
5,3,2,1,29,0,0,0,39
1,1,0,1,29,0,0,0,41
3,1,2,1,29,0,0,0,47
1,1,0,1,29,0,0,0,54
5,2,3,1,29,0,0,0,54
4,1,3,1,29,0,0,0,54
5,2,3,1,29,0,0,0,54
5,2,3,1,29,0,0,0,55
3,1,2,1,29,0,0,0,50
1,1,0,1,29,0,0,0,36
6,2,4,1,29,0,0,0,42
1,1,0,1,29,0,0,0,54
4,1,3,1,29,0,0,0,39
4,1,3,1,29,0,0,0,45
3,1,2,1,29,0,0,0,107
3,1,2,1,29,0,0,0,40
5,2,3,1,29,0,0,0,38
9,4,5,1,29,0,0,0,42
5,2,3,1,29,0,0,0,37
3,1,2,1,29,0,0,0,41
3,1,2,1,29,0,0,0,43
3,1,2,1,29,0,0,0,40
7,4,3,1,29,0,0,0,42
7,3,4,1,29,0,0,0,40
6,2,4,1,29,0,0,0.0147058823529412,68
3,2,1,1,29,0,0,0.025,40
1,0,1,1,29,0,0,0.0138888888888889,72
3,1,2,1,29,0,0,0.0178571428571429,56
6,2,4,1,29,0,0,0.0131578947368421,76
1,0,1,1,29,0,0,0.0166666666666667,60
1,1,0,1,29,0,0,0.0166666666666667,60
21,10,11,1,29,0,0,0.00226244343891403,442
17,9,8,1,29,0,0,0.0099009900990099,101
1,1,0,1,29,0,0,0.0227272727272727,44
1,0,1,1,29,0,0,0.0263157894736842,38
18,9,9,1,29,0,0,0.0102040816326531,98
14,6,8,1,29,0,0,0.00793650793650794,126
22,13,9,2,4,1,1,0.00943396226415094,106
10,5,5,1,29,0,0,0.00735294117647059,136
12,5,7,1,29,0,0,0.0140845070422535,71
24,11,13,1,29,0,0,0.00602409638554217,166
4,1,3,1,29,0,0,0.0178571428571429,56
6,2,4,1,29,0,0,0.00970873786407767,103
1,0,1,1,29,0,0,0.00869565217391304,115
1,1,0,1,29,0,0,0.00970873786407767,103
2,0,2,1,29,0,0,0.0024390243902439,410
22,13,9,2,4,1,1,0.00980392156862745,102
3,1,2,1,29,0,0,0.00518134715025907,193
1,1,0,1,29,0,0,0.0172413793103448,58
1,1,0,1,29,0,0,0.0208333333333333,48
1,1,0,1,29,0,0,0.0123456790123457,81
2,0,2,1,29,0,0,0.00165837479270315,603
6,2,4,1,29,0,0,0.0185185185185185,54
11,6,5,1,29,0,0,0.00757575757575758,132
18,8,10,1,29,0,0,0.00689655172413793,145
4,1,3,1,29,0,0,0.0185185185185185,54
10,4,6,1,29,0,0,0.0128205128205128,78
5,2,3,1,29,0,0,0.0121951219512195,82
11,5,6,1,29,0,0,0.008,125
3,2,1,1,29,0,0,0.0181818181818182,55
3,2,1,1,29,0,0,0.0285714285714286,35
3,2,1,1,29,0,0,0.0185185185185185,54
9,5,4,2,4,1,1,0.00917431192660551,109
1,0,1,1,29,0,0,0,130
2,0,2,1,29,0,0,0,195
3,1,2,1,29,0,0,0,58
1,0,1,1,29,0,0,0,45
2,0,2,1,29,0,0,0.010752688172043,93
1,0,1,1,29,0,0,0,66
5,2,3,1,29,0,0,0,51
5,2,3,1,29,0,0,0,46
2,0,2,1,29,0,0,0,91
3,2,1,1,29,0,0,0,69
2,0,2,1,29,0,0,0,111
1,0,1,1,29,0,0,0,64
1,0,1,1,29,0,0,0,80
1,0,1,1,29,0,0,0,42
25,13,12,1,29,0,0,0.00574712643678161,174
1,1,0,1,29,0,0,0,89
1,0,1,1,29,0,0,0,55
2,0,2,1,29,0,0,0,52
4,1,3,1,29,0,0,0,45
14,5,9,2,4,1,1,0,293
3,2,1,1,29,0,0,0,35
14,7,7,1,29,0,0,0.0062111801242236,161
34,17,17,1,29,0,0,0.00201612903225806,496
3,1,2,1,29,0,0,0,99
4,1,3,1,29,0,0,0,137
20,10,10,1,29,0,0,0.00421940928270042,237
4,1,3,1,29,0,0,0,45
1,1,0,1,29,0,0,0,61
3,2,1,1,29,0,0,0,35
1,1,0,1,29,0,0,0,36
24,12,12,1,29,0,0,0.00558659217877095,179
3,2,1,1,29,0,0,0,56
15,8,7,1,29,0,0,0.00671140939597315,149
3,1,2,1,29,0,0,0,85
3,1,2,1,29,0,0,0,172
5,2,3,1,29,0,0,0,229
3,2,1,1,29,0,0,0,35
4,1,3,2,4,1,1,0.00617283950617284,162
1,0,1,1,29,0,0,0,35
4,1,3,2,4,1,1,0,64
2,0,2,1,29,0,0,0,69
2,0,2,1,29,0,0,0,46
2,0,2,1,29,0,0,0,60
1,0,1,1,29,0,0,0,42
6,2,4,1,29,0,0,0,75
12,5,7,1,29,0,0,0,83
5,2,3,1,29,0,0,0,57
6,2,4,1,29,0,0,0,86
5,2,3,1,29,0,0,0,54
9,4,5,1,29,0,0,0,114
9,5,4,1,29,0,0,0.0125,80
5,2,3,1,29,0,0,0,132
8,4,4,1,29,0,0,0.0126582278481013,79
6,2,4,1,29,0,0,0,49
5,2,3,1,29,0,0,0,39
10,5,5,2,4,1,1,0.00813008130081301,123
5,2,3,1,29,0,0,0,39
4,1,3,2,4,1,1,0,389
1,1,0,1,29,0,0,0.0113636363636364,88
1,1,0,1,29,0,0,0,49
13,6,7,1,29,0,0,0.000651253663301856,3071
44,15,29,4,5,3,0,0,243
9,4,5,2,4,1,1,0.00144508670520231,692
6,2,4,1,29,0,0,0,204
2,0,2,1,29,0,0,0,102
11,5,6,1,29,0,0,0.0106382978723404,94
4,1,3,2,4,1,1,0,241
2,0,2,1,29,0,0,0,175
256,157,99,10,2,9,1,0.00171107308726473,4091
2,0,2,1,29,0,0,0,156
4,1,3,1,29,0,0,0,57
3,1,2,2,4,1,1,0,98
6,2,4,2,4,1,1,0,130
11,5,6,2,4,1,1,0.00925925925925926,108
4,1,3,2,4,1,1,0,106
15,7,8,2,4,1,1,0.00158730158730159,630
2,0,2,1,29,0,0,0,110
6,2,4,2,4,1,1,0,700
24,12,12,5,4,4,1,0.00617283950617284,810
1,1,0,1,29,0,0,0,38
4,1,3,2,4,1,1,0,63
0,0,0,1,4,1,1,0.00252525252525253,396
2,0,2,1,29,0,0,0,76
129,80,49,5,4,4,1,0.000635727908455181,3146
6,2,4,2,4,1,1,0,145
3,0,3,1,29,0,0,0,137
2,0,2,1,29,0,0,0,100
2,0,2,1,29,0,0,0,334
2,0,2,1,29,0,0,0,60
54,33,21,4,5,3,0,0,756
1,0,1,1,29,0,0,0,67
12,6,6,2,4,1,1,0.00813008130081301,123
1,1,0,1,29,0,0,0,124
1,0,1,1,29,0,0,0,46
3,1,2,2,4,1,1,0,132
1,1,0,1,29,0,0,0,47
4,1,3,2,4,1,1,0,285
2,0,2,1,29,0,0,0,59
9,4,5,2,4,1,1,0.00716845878136201,279
1,0,1,1,29,0,0,0,74
4,1,3,1,29,0,0,0,94
2,0,2,1,29,0,0,0,96
2,0,2,1,29,0,0,0,139
1,0,1,1,29,0,0,0,75
1,1,0,1,29,0,0,0,33
1,0,1,1,29,0,0,0,46
22,9,13,2,4,1,1,0,401
2,0,2,1,29,0,0,0,48
2,0,2,1,29,0,0,0,38
2,0,2,1,29,0,0,0,48
2,0,2,1,29,0,0,0,43
87,14,73,4,1,3,1,0.00226757369614512,441
78,16,62,5,1,4,2,0.0151975683890578,329
2,0,2,1,29,0,0,0,74
8,3,5,2,4,1,1,0,129
1,1,0,1,29,0,0,0,56
2,0,2,1,29,0,0,0,67
5,2,3,2,4,1,1,0,73
1,0,1,1,29,0,0,0,42
1,0,1,1,29,0,0,0,41
73,46,27,5,4,4,1,0.000648929266709929,1541
2,0,2,1,29,0,0,0,47
49,30,19,5,4,4,1,0.00326086956521739,920
6,2,4,2,4,1,1,0,126
9,4,5,2,4,1,1,0.00684931506849315,146
4,1,3,2,4,1,1,0,449
1,0,1,1,29,0,0,0,83
3,1,2,1,29,0,0,0,76
1,1,0,1,29,0,0,0,36
1,0,1,1,29,0,0,0,37
13,6,7,2,4,1,1,0.00294985250737463,339
30,12,18,1,29,0,0,0.00239808153477218,417
10,5,5,2,4,1,1,0.00371747211895911,269
7,3,4,1,29,0,0,0.0333333333333333,60
13,6,7,2,4,1,1,0.0027027027027027,370
15,7,8,2,4,1,1,0.00173310225303293,577
3,2,1,1,29,0,0,0.0238095238095238,42
5,1,4,2,4,1,1,0,159
12,6,6,2,4,1,1,0.000399201596806387,2505
19,8,11,2,4,1,1,0.00325732899022801,307
4,1,3,2,4,1,1,0.0173410404624277,173
8,4,4,1,29,0,0,0.00578034682080925,173
12,5,7,2,4,1,1,0,123
10,4,6,1,29,0,0,0,124
13,6,7,2,4,1,1,0.0077720207253886,386
83,13,70,7,16,6,0,0,0
12,6,6,2,4,1,1,0.00408163265306122,245
2,0,2,1,29,0,0,0,115
3,0,3,1,29,0,0,0.00261096605744125,383
1,1,0,1,29,0,0,0.0232558139534884,43
1,0,1,1,29,0,0,0.0204081632653061,49
10,4,6,2,4,1,1,0,975
7,3,4,1,29,0,0,0.00392156862745098,255
2,0,2,1,29,0,0,0,569
2,0,2,1,29,0,0,0,323
8,3,5,2,4,1,1,0,235
4,1,3,1,29,0,0,0,433
6,2,4,2,4,1,1,0,250
2,0,2,1,29,0,0,0,600
2,0,2,1,29,0,0,0,80
2,0,2,1,29,0,0,0,512
2,0,2,1,29,0,0,0,90
2,0,2,1,29,0,0,0,489
3,0,3,1,29,0,0,0,211
2,0,2,1,29,0,0,0,166
4,1,3,1,29,0,0,0.0169491525423729,59
21,10,11,2,7,1,0,0.014218009478673,211
8,3,5,1,29,0,0,0.00680272108843537,147
22,13,9,2,7,1,0,0.0077720207253886,386
1,0,1,1,29,0,0,0,108
2,0,2,1,29,0,0,0,103
1,0,1,1,29,0,0,0,99
1,1,0,1,29,0,0,0,36
4,1,3,2,4,1,1,0,69
1,1,0,1,29,0,0,0,37
4,0,4,1,29,0,0,0,66
1,0,1,1,29,0,0,0,129
1,0,1,1,29,0,0,0,77
2,0,2,1,29,0,0,0,66
2,0,2,1,29,0,0,0,183
1,1,0,1,29,0,0,0,37
1,0,1,1,29,0,0,0,92
1,1,0,1,29,0,0,0,41
6,0,6,1,29,0,0,0,64
4,1,3,2,4,1,1,0,393
1,0,1,1,29,0,0,0,40
3,1,2,2,4,1,1,0,85
8,3,5,2,4,1,1,0,67
3,1,2,2,4,1,1,0,85
2,0,2,1,29,0,0,0,74
4,1,3,2,4,1,1,0,104
4,1,3,2,4,1,1,0,93
3,1,2,1,29,0,0,0,98
2,0,2,1,29,0,0,0,76
1,0,1,1,29,0,0,0,104
1,0,1,1,29,0,0,0,50
1,1,0,1,29,0,0,0,41
2,0,2,1,29,0,0,0,63
8,3,5,2,4,1,1,0,67
8,3,5,2,4,1,1,0,67
2,0,2,1,29,0,0,0,104
3,0,3,1,29,0,0,0,134
6,2,4,2,4,1,1,0,177
1,0,1,1,29,0,0,0,150
1,0,1,1,29,0,0,0,257
5,2,3,2,4,1,1,0,75
3,1,2,2,4,1,1,0,91
1,0,1,1,29,0,0,0,45
4,1,3,2,4,1,1,0,390
2,0,2,1,29,0,0,0,63
5,2,3,2,4,1,1,0,66
6,2,4,2,4,1,1,0,98
3,0,3,1,29,0,0,0,102
3,0,3,1,29,0,0,0,90
1,0,1,1,29,0,0,0,57
1,0,1,1,29,0,0,0,84
1,1,0,1,29,0,0,0,184
3,1,2,1,29,0,0,0,155
4,1,3,1,29,0,0,0,269
21,13,8,2,4,1,1,0,694
1,1,0,1,29,0,0,0,73
1,1,0,1,29,0,0,0,73
4,1,3,1,29,0,0,0,440
1,0,1,1,29,0,0,0,47
17,12,5,4,4,3,1,0.00826446280991736,242
74,69,5,3,4,2,1,0.00249875062468766,2001
1,1,0,1,29,0,0,0,53
15,10,5,1,29,0,0,0,131
9,4,5,2,4,1,1,0.00872093023255814,344
17,8,9,3,1,2,1,0.00150375939849624,665
8,3,5,2,4,1,1,0,242
2,0,2,1,29,0,0,0,100
2,0,2,1,29,0,0,0,251
4,1,3,1,29,0,0,0,365
2,0,2,1,29,0,0,0,125
2,0,2,1,29,0,0,0,98
13,9,4,1,29,0,0,0,139
2,0,2,1,29,0,0,0,241
1,0,1,1,29,0,0,0,49
1,1,0,1,29,0,0,0,44
4,1,3,2,4,1,1,0,367
1,1,0,1,29,0,0,0,44
1,1,0,1,29,0,0,0,40
3,1,2,1,29,0,0,0,48
34,16,18,2,4,1,1,0,496
13,6,7,2,4,1,1,0.00269541778975741,371
4,1,3,1,29,0,0,0,138
7,3,4,1,29,0,0,0.00840336134453781,119
15,10,5,1,29,0,0,0,108
45,40,5,3,4,2,1,0,426
6,2,4,1,29,0,0,0,90
1,0,1,1,29,0,0,0,73
7,3,4,1,29,0,0,0.00275482093663912,363
7,3,4,1,29,0,0,0,89
8,3,5,2,4,1,1,0,218
2,0,2,1,29,0,0,0,190
2,0,2,1,29,0,0,0,44
4,1,3,1,29,0,0,0,162
1,0,1,1,29,0,0,0,44
2,0,2,1,29,0,0,0,84
1,1,0,1,29,0,0,0,55
1,1,0,1,29,0,0,0,40
4,1,3,1,29,0,0,0,257
13,9,4,1,29,0,0,0,250
26,12,14,4,4,3,1,0,133
6,2,4,1,29,0,0,0,225
3,1,2,1,29,0,0,0,254
1,0,1,1,29,0,0,0,44
1,0,1,1,29,0,0,0,50
2,0,2,1,29,0,0,0,73
2,0,2,1,29,0,0,0,64
4,1,3,1,29,0,0,0,59
3,1,2,1,29,0,0,0,42
3,2,1,1,29,0,0,0,36
4,1,3,1,29,0,0,0,65
4,1,3,1,29,0,0,0,65
4,1,3,1,29,0,0,0,178
2,0,2,1,29,0,0,0,69
2,0,2,1,29,0,0,0,63
2,0,2,1,29,0,0,0,67
2,0,2,1,29,0,0,0,88
4,1,3,1,29,0,0,0,54
4,1,3,1,29,0,0,0,90
2,0,2,1,29,0,0,0,203
6,2,4,1,29,0,0,0,52
2,0,2,1,29,0,0,0,126
7,3,4,1,29,0,0,0.00854700854700855,117
2,0,2,1,29,0,0,0,146
2,0,2,1,29,0,0,0,121
1,0,1,1,29,0,0,0,72
8,3,5,1,29,0,0,0,59
2,0,2,1,29,0,0,0.0120481927710843,83
1,0,1,1,29,0,0,0.0117647058823529,85
2,0,2,1,29,0,0,0,87
24,11,13,2,7,1,0,0,136
10,5,5,2,7,1,0,0.00684931506849315,146
24,11,13,2,7,1,0,0,136
10,5,5,2,7,1,0,0.00684931506849315,146
22,10,12,2,7,1,0,0,131
9,4,5,2,7,1,0,0.00699300699300699,143
8,4,4,1,29,0,0,0.015625,64
37,25,12,3,2,2,0,0.00269541778975741,742
1,0,1,1,29,0,0,0,52
4,1,3,2,4,1,1,0.00336700336700337,297
8,4,4,2,4,1,1,0.00210970464135021,474
6,2,4,2,4,1,1,0.00337837837837838,296
7,3,4,1,29,0,0,0.00404858299595142,494
13,6,7,1,29,0,0,0.00240963855421687,415
10,4,6,1,29,0,0,0,131
36,17,19,1,29,0,0,0.00760456273764259,263
6,2,4,1,29,0,0,0.0077120822622108,389
6,2,4,1,29,0,0,0.0113636363636364,176
10,4,6,1,29,0,0,0,158
7,3,4,1,29,0,0,0,96
6,2,4,1,29,0,0,0,90
2,0,2,1,29,0,0,0.00396825396825397,252
4,1,3,1,29,0,0,0,36
7,3,4,1,29,0,0,0.00675675675675676,148
5,2,3,2,4,1,1,0,180
6,2,4,2,4,1,1,0,300
12,5,7,1,29,0,0,0,199
1,0,1,1,29,0,0,0,50
2,0,2,1,29,0,0,0,144
4,1,3,1,29,0,0,0,203
8,0,8,1,29,0,0,0,40
2,0,2,1,29,0,0,0.00476190476190476,210
9,4,5,1,29,0,0,0.00775193798449612,129
4,1,3,1,29,0,0,0,602
9,4,5,2,4,1,1,0.00177935943060498,562
4,1,3,1,29,0,0,0,67
1,1,0,1,29,0,0,0,74
44,17,27,3,4,2,1,0.0233463035019455,257
40,19,21,3,0,2,0,0.0136986301369863,365
16,8,8,2,4,1,1,0.00119402985074627,1675
5,2,3,1,29,0,0,0,68
4,1,3,2,4,1,1,0,101
37,16,21,3,5,2,0,0,0
19,9,10,1,29,0,0,0.0127388535031847,314
2,0,2,1,29,0,0,0,81
16,6,10,3,23,2,0,0,135
5,2,3,1,29,0,0,0,74
7,3,4,1,29,0,0,0.0072463768115942,138
7,3,4,1,29,0,0,0.00552486187845304,181
1,0,1,1,29,0,0,0,52
1,1,0,1,29,0,0,0,33
6,2,4,1,29,0,0,0,199
1,1,0,1,29,0,0,0,33
10,4,6,1,29,0,0,0.00444444444444444,225
3,1,2,1,29,0,0,0,56
14,6,8,1,29,0,0,0,199
1,0,1,2,1,1,0,0,0
1,0,1,1,29,0,0,0,55
5,2,3,1,29,0,0,0,108
1,1,0,1,29,0,0,0,35
3,1,2,1,29,0,0,0,94
5,2,3,1,29,0,0,0,85
1,0,1,1,29,0,0,0,46
30,13,17,2,4,1,1,0.00537634408602151,186
10,4,6,1,29,0,0,0,110
6,2,4,1,29,0,0,0,109
3,1,2,1,29,0,0,0,91
3,1,2,1,29,0,0,0,70
1,0,1,1,29,0,0,0,39
1,0,1,1,29,0,0,0,39
145,71,74,3,4,2,1,0.0048780487804878,205
0,0,0,1,7,1,0,0,89
7,3,4,2,7,1,0,0,0
0,0,0,1,7,1,0,0.0114942528735632,87
0,0,0,1,7,1,0,0.0289855072463768,69
204,73,131,2,7,1,0,0.0075187969924812,133
61,32,29,2,7,1,0,0.0133333333333333,75
25,6,19,2,7,1,0,0,78
0,0,0,1,7,1,0,0.0222222222222222,45
0,0,0,1,7,1,0,0,49
1,1,0,1,29,0,0,0,42
2,1,1,2,4,2,2,0,397
8,4,4,2,7,1,0,0,0
0,0,0,1,4,1,1,0,155
0,0,0,1,4,1,1,0,58
0,0,0,1,4,1,1,0,41
11,5,6,2,7,1,0,0,0
52,38,14,4,0,4,1,0.0115384615384615,260
20,10,10,2,4,1,1,0.00334448160535117,299
53,38,15,4,1,3,2,0.00840336134453781,357
12,5,7,3,29,2,0,0.0392156862745098,51
29,13,16,2,0,2,0,0.0075187969924812,133
369,190,179,4,4,3,1,0.00462962962962963,432
0,0,0,1,1,1,0,0,48
6,3,3,2,7,1,0,0,0
4,2,2,2,4,2,1,0,223
0,0,0,1,4,1,1,0,127
2,1,1,2,4,2,2,0.00970873786407767,103
0,0,0,1,4,1,1,0,74
0,0,0,1,4,1,1,0,82
2,0,2,1,29,0,0,0,82
8,4,4,1,29,0,0,0.00819672131147541,122
8,4,4,1,29,0,0,0.00595238095238095,168
1,0,1,1,29,0,0,0,55
11,2,9,1,29,0,0,0,58
44,21,23,2,7,1,0,0.00434782608695652,230
1,0,1,1,29,0,0,0,91
2,0,2,1,29,0,0,0,86
2,0,2,1,29,0,0,0,46
8,4,4,1,29,0,0,0.0123456790123457,81
5,1,4,1,29,0,0,0,219
2,0,2,1,29,0,0,0,68
3,0,3,1,29,0,0,0.00476190476190476,210
6,5,1,2,7,1,0,0,54
0,0,0,1,7,1,0,0,47
4,1,3,2,4,1,1,0,132
1,1,0,1,29,0,0,0,37
2,0,2,2,7,1,0,0,0
0,0,0,1,7,1,0,0,0
5,5,0,2,5,2,0,0.0099009900990099,101
4,2,2,2,7,1,0,0,86
27,23,4,3,1,2,1,0.0210526315789474,95
1,1,0,1,29,0,0,0,41
23,20,3,2,7,1,0,0,90
39,31,8,2,7,1,0,0.00847457627118644,118
0,0,0,1,7,1,0,0,33
0,0,0,1,1,1,0,0,44
27,11,16,3,4,2,1,0,0
16,10,6,3,4,2,1,0,0
1,0,1,1,29,0,0,0,41
233,160,73,4,1,3,2,0.00340136054421769,294
0,0,0,1,4,1,1,0.018348623853211,109
0,0,0,1,7,1,0,0,97
25,12,13,1,29,0,0,0.00576368876080692,347
9,4,5,1,29,0,0,0.0166666666666667,60
11,5,6,2,4,1,1,0.00323624595469256,309
4,1,3,1,29,0,0,0,73
1,0,1,1,29,0,0,0,54
1,1,0,1,29,0,0,0,84
7,3,4,1,29,0,0,0.00598802395209581,167
4,1,3,1,29,0,0,0,53
15,7,8,2,4,1,1,0.00598802395209581,334
4,1,3,1,29,0,0,0,66
17,7,10,3,4,2,1,0.00921658986175115,217
4,1,3,1,29,0,0,0,54
10,4,6,2,4,1,1,0,131
2,0,2,1,29,0,0,0,112
3,1,2,2,4,1,1,0,162
4,1,3,1,29,0,0,0,94
13,6,7,2,4,1,1,0.00289855072463768,345
4,1,3,1,29,0,0,0,48
4,1,3,1,29,0,0,0,117
4,1,3,1,29,0,0,0,112
4,1,3,1,29,0,0,0,125
3,2,1,1,29,0,0,0,36
4,1,3,1,29,0,0,0,103
3,1,2,1,29,0,0,0,82
14,6,8,2,4,1,1,0,105
4,1,3,2,7,1,0,0,0
12,6,6,2,7,1,0,0,0
1,0,1,2,7,1,0,0,0
8,4,4,2,7,1,0,0,0
0,0,0,1,7,1,0,0,41
0,0,0,1,7,1,0,0.0105263157894737,95
17,8,9,5,0,5,1,0.00864553314121038,347
14,7,7,2,0,2,0,0.03125,96
91,77,14,4,0,4,1,0.010752688172043,186
28,13,15,2,0,2,0,0.0048780487804878,205
9,0,9,2,3,2,0,0.0163934426229508,61
27,23,4,2,3,2,0,0.00578034682080925,173
10,1,9,2,3,2,0,0,74
146,123,23,4,0,4,1,0.00701754385964912,285
0,0,0,1,7,1,0,0,196
34,17,17,2,0,2,0,0.0036231884057971,276
10,2,8,3,3,3,1,0,102
25,15,10,3,0,3,0,0.00826446280991736,242
13,13,0,2,5,2,0,0.0175438596491228,57
0,0,0,1,7,1,0,0,36
0,0,0,1,7,1,0,0,52
0,0,0,1,7,1,0,0,57
8,8,0,2,0,2,0,0.00884955752212389,113
2,0,2,2,3,2,0,0,136
8,8,0,2,0,2,0,0.0140845070422535,71
10,0,10,2,3,2,0,0.0120481927710843,83
5,5,0,2,3,2,0,0,72
0,0,0,1,7,1,0,0,57
15,8,7,2,0,2,0,0.0161290322580645,62
5,3,2,2,5,2,0,0.0119760479041916,167
0,0,0,1,7,1,0,0,38
0,0,0,1,7,1,0,0,55
0,0,0,1,7,1,0,0,46
0,0,0,1,7,1,0,0,35
2,0,2,1,29,0,0,0,136
1,0,1,1,29,0,0,0,57
2,0,2,1,29,0,0,0,99
1,0,1,1,29,0,0,0,58
4,1,3,1,29,0,0,0,42
1,1,0,1,29,0,0,0,83
4,1,3,1,29,0,0,0,45
1,1,0,1,29,0,0,0,39
1,1,0,1,29,0,0,0,49
4,1,3,1,29,0,0,0,43
8,3,5,2,4,1,1,0.001953125,512
2,0,2,1,29,0,0,0.0119047619047619,84
1,1,0,1,29,0,0,0,50
4,1,3,1,29,0,0,0,43
1,0,1,1,29,0,0,0,93
2,0,2,1,29,0,0,0,34
1,1,0,1,29,0,0,0,40
4,1,3,1,29,0,0,0,42
1,0,1,1,29,0,0,0,36
1,0,1,1,29,0,0,0,43
4,1,3,1,29,0,0,0,39
2,0,2,1,29,0,0,0,163
4,1,3,1,29,0,0,0,143
1,0,1,1,29,0,0,0,106
4,1,3,1,29,0,0,0,43
1,0,1,1,29,0,0,0,104
2,0,2,1,29,0,0,0,53
1,1,0,1,29,0,0,0,69
2,0,2,1,29,0,0,0,53
1,0,1,1,29,0,0,0,43
1,0,1,1,29,0,0,0,35
1,0,1,1,29,0,0,0,44
1,0,1,1,29,0,0,0,35
1,0,1,1,29,0,0,0,43
1,0,1,1,29,0,0,0,35
2,0,2,1,29,0,0,0,66
1,0,1,1,29,0,0,0,35
2,0,2,1,29,0,0,0,66
1,0,1,1,29,0,0,0,35
2,0,2,1,29,0,0,0,70
1,0,1,1,29,0,0,0,35
2,0,2,1,29,0,0,0,80
1,0,1,1,29,0,0,0,35
1,0,1,1,29,0,0,0,43
1,0,1,1,29,0,0,0,35
1,0,1,1,29,0,0,0,44
1,0,1,1,29,0,0,0,35
1,0,1,1,29,0,0,0,43
1,0,1,1,29,0,0,0,35
2,0,2,1,29,0,0,0,69
1,0,1,1,29,0,0,0,38
2,0,2,1,29,0,0,0,66
1,0,1,1,29,0,0,0,38
2,0,2,1,29,0,0,0,81
1,0,1,1,29,0,0,0,36
2,0,2,1,29,0,0,0,81
1,0,1,1,29,0,0,0,38
1,0,1,1,29,0,0,0,82
4,1,3,1,29,0,0,0,47
1,0,1,1,29,0,0,0,84
4,1,3,1,29,0,0,0,43
2,0,2,1,29,0,0,0,115
2,0,2,1,29,0,0,0,44
41,20,21,4,0,3,1,0.00806451612903226,372
8,4,4,1,29,0,0,0.0168067226890756,119
8,4,4,1,29,0,0,0.0196078431372549,102
24,12,12,2,7,1,0,0.00959692898272553,521
1,0,1,1,29,0,0,0.00564971751412429,177
8,4,4,1,29,0,0,0.0116279069767442,86
14,7,7,2,4,1,1,0.00859598853868195,349
12,6,6,1,29,0,0,0.0153846153846154,65
8,4,4,1,29,0,0,0.0168067226890756,119
10,5,5,2,4,1,1,0.00860585197934595,581
1,0,1,1,29,0,0,0,59
8,4,4,1,29,0,0,0.013986013986014,143
12,6,6,1,29,0,0,0.00592592592592593,675
4,1,3,1,29,0,0,0,99
8,4,4,1,29,0,0,0.00452488687782805,663
12,6,6,2,4,1,1,0.00526315789473684,190
1,0,1,1,29,0,0,0,36
1,0,1,1,29,0,0,0.0131578947368421,76
1,0,1,1,29,0,0,0,51
10,5,5,2,4,1,1,0.0170454545454545,176
8,4,4,1,29,0,0,0.00930232558139535,215
4,1,3,1,29,0,0,0,78
1,0,1,1,29,0,0,0.0294117647058824,34
13,6,7,1,29,0,0,0.00549450549450549,364
3,0,3,1,29,0,0,0,77
1,0,1,1,29,0,0,0,88
12,5,7,2,4,1,1,0,251
15,7,8,1,29,0,0,0.0112359550561798,89
1,0,1,1,29,0,0,0,71
2,0,2,1,29,0,0,0,89
2,0,2,1,29,0,0,0,87
2,0,2,1,29,0,0,0,90
2,0,2,1,29,0,0,0,100
7,3,4,1,29,0,0,0.0170940170940171,117
7,3,4,1,29,0,0,0.0062111801242236,161
11,5,6,2,4,1,1,0,116
4,1,3,1,29,0,0,0,45
4,1,3,1,29,0,0,0,57
4,1,3,1,29,0,0,0,55
4,1,3,1,29,0,0,0,42
4,1,3,1,29,0,0,0,43
4,1,3,2,4,1,1,0,0
4,1,3,1,29,0,0,0,43
9,4,5,2,7,1,0,0,55
12,6,6,2,4,1,1,0.0072992700729927,137
4,1,3,1,29,0,0,0,54
13,6,7,2,4,1,1,0,142
1,1,0,1,29,0,0,0,59
1,0,1,1,29,0,0,0,42
4,1,3,1,29,0,0,0,74
10,4,6,2,4,1,1,0,66
4,1,3,1,29,0,0,0,49
2,0,2,1,29,0,0,0,106
1,0,1,1,29,0,0,0,63
3,1,2,1,29,0,0,0,50
3,1,2,1,29,0,0,0,38
9,4,5,2,4,1,1,0.00641025641025641,156
10,4,6,1,29,0,0,0.00531914893617021,188
4,1,3,1,29,0,0,0,58
8,4,4,1,29,0,0,0.0142857142857143,70
4,1,3,1,29,0,0,0,98
11,5,6,1,29,0,0,0.0121951219512195,82
1,0,1,1,29,0,0,0,39
3,1,2,1,29,0,0,0,45
4,1,3,1,29,0,0,0,80
15,7,8,2,4,1,1,0.00261096605744125,383
35,18,17,2,4,1,1,0.000800640512409928,1249
1,1,0,1,29,0,0,0,95
1,0,1,1,29,0,0,0,37
3,2,1,1,29,0,0,0,41
22,10,12,2,4,1,1,0,172
1,0,1,1,29,0,0,0,42
3,1,2,1,29,0,0,0,56
25,12,13,2,4,1,1,0.00506756756756757,592
32,15,17,1,29,0,0,0,264
9,4,5,2,4,1,1,0.00272479564032698,367
1,0,1,1,29,0,0,0,47
198,114,84,3,4,2,1,0.00974025974025974,308
3,1,2,2,7,1,0,0,114
14,7,7,3,4,2,1,0.00609756097560976,164
14,7,7,3,4,2,1,0.0050251256281407,199
1,0,1,1,29,0,0,0,50
11,4,7,2,4,1,1,0,104
10,4,6,2,4,1,1,0,161
5,2,3,1,29,0,0,0.0116279069767442,86
2,0,2,1,29,0,0,0,74
1,0,1,1,29,0,0,0,54
7,3,4,1,29,0,0,0.0106382978723404,94
2,0,2,1,29,0,0,0.0188679245283019,53
7,2,5,1,29,0,0,0,163
3,1,2,1,29,0,0,0,84
4,1,3,1,29,0,0,0,212
13,6,7,2,4,1,1,0,263
1,1,0,1,29,0,0,0,47
7,3,4,1,29,0,0,0,78
2,0,2,1,29,0,0,0,49
2,0,2,1,29,0,0,0,49
1,0,1,1,29,0,0,0,55
13,5,8,2,4,1,1,0,188
11,4,7,2,4,1,1,0.00444444444444444,225
2,0,2,1,29,0,0,0,45
9,4,5,1,29,0,0,0.0158730158730159,63
1,1,0,1,29,0,0,0,40
52,24,28,2,4,1,1,0.00145137880986938,689
3,1,2,1,29,0,0,0,37
13,6,7,1,29,0,0,0.00246305418719212,406
11,5,6,2,4,1,1,0.00146198830409357,684
25,13,12,2,4,1,1,0.00194174757281553,515
14,5,9,2,4,1,1,0.00193423597678917,517
9,4,5,1,29,0,0,0.00769230769230769,130
1,0,1,1,29,0,0,0,36
2,0,2,1,29,0,0,0,61
10,4,6,2,4,1,1,0,338
1,1,0,1,29,0,0,0,81
7,2,5,1,29,0,0,0,173
13,6,7,1,29,0,0,0.004739336492891,211
1,1,0,1,29,0,0,0,38
1,0,1,1,29,0,0,0,77
7,2,5,2,4,1,1,0,255
1,0,1,1,29,0,0,0,41
1,0,1,1,29,0,0,0,41
19,8,11,2,4,1,1,0,91
2,0,2,1,29,0,0,0,66
15,6,9,1,29,0,0,0.00357142857142857,280
3,1,2,1,29,0,0,0,43
3,1,2,1,29,0,0,0,43
11,5,6,1,29,0,0,0.00411522633744856,243
9,4,5,2,4,1,1,0,102
1,0,1,1,29,0,0,0,47
2,0,2,1,29,0,0,0,47
1,0,1,1,29,0,0,0,76
3,1,2,1,29,0,0,0,74
1,1,0,1,29,0,0,0,40
11,5,6,1,29,0,0,0.00602409638554217,166
1,0,1,1,29,0,0,0,60
1,0,1,1,29,0,0,0,63
8,3,5,2,4,1,1,0,93
6,1,5,1,29,0,0,0,456
2,0,2,1,29,0,0,0,97
1,0,1,1,29,0,0,0,49
3,0,3,1,29,0,0,0,68
3,1,2,1,29,0,0,0,35
6,2,4,1,29,0,0,0,74
1,0,1,1,29,0,0,0,63
1,0,1,1,29,0,0,0,58
2,0,2,1,29,0,0,0,50
3,1,2,1,29,0,0,0,48
1,1,0,1,29,0,0,0,40
9,4,5,1,29,0,0,0.0144927536231884,69
1,0,1,1,29,0,0,0,68
2,0,2,1,29,0,0,0,91
2,0,2,1,29,0,0,0,94
5,1,4,2,4,1,1,0,226
8,3,5,1,29,0,0,0,462
3,1,2,2,4,1,1,0,45
2,0,2,1,29,0,0,0,70
22,11,11,2,4,1,1,0.00393700787401575,254
16,7,9,2,4,1,1,0.00314465408805031,318
3,1,2,1,29,0,0,0,87
11,5,6,2,4,1,1,0.0136986301369863,73
3,0,3,1,29,0,0,0.00242130750605327,413
15,6,9,2,4,1,1,0.00492610837438424,203
4,1,3,1,29,0,0,0,62
4,1,3,1,29,0,0,0,150
6,2,4,1,29,0,0,0,303
1,0,1,1,29,0,0,0,54
3,1,2,2,4,1,1,0,75
1,1,0,1,29,0,0,0,38
3,1,2,2,4,1,1,0,72
1,0,1,1,29,0,0,0,48
6,2,4,2,4,1,1,0,59
3,0,3,1,29,0,0,0,524
10,4,6,2,4,1,1,0,155
26,10,16,2,4,1,1,0.0016260162601626,1230
12,5,7,2,4,1,1,0,254
1,0,1,1,29,0,0,0,53
8,2,6,2,4,1,1,0,514
2,0,2,1,29,0,0,0,42
3,1,2,2,4,1,1,0,99
2,0,2,1,29,0,0,0,71
2,0,2,1,29,0,0,0,136
2,0,2,1,29,0,0,0,48
2,0,2,1,29,0,0,0,135
9,4,5,2,7,1,0,0.0121951219512195,82
1,0,1,1,29,0,0,0,52
4,1,3,1,29,0,0,0,66
1,0,1,1,29,0,0,0,43
10,5,5,1,29,0,0,0.00146198830409357,684
26,15,11,2,7,1,0,0,195
15,7,8,3,4,2,1,0.00671140939597315,149
1,0,1,1,29,0,0,0,205
162,84,78,3,4,2,1,0.0068259385665529,293
9,2,7,2,5,1,0,0,105
1,0,1,1,29,0,0,0,38
1,0,1,1,29,0,0,0,59
3,1,2,1,29,0,0,0,46
10,4,6,1,29,0,0,0,159
11,5,6,2,7,1,0,0.00628930817610063,159
2,0,2,1,29,0,0,0,98
12,6,6,2,7,1,0,0.0078125,128
167,81,86,3,4,2,1,0.00884955752212389,226
2,0,2,1,29,0,0,0,89
2,0,2,1,29,0,0,0,62
9,4,5,2,4,1,1,0.00862068965517241,116
7,3,4,1,29,0,0,0.0106382978723404,94
3,1,2,1,29,0,0,0,41
5,2,3,1,29,0,0,0,89
4,1,3,1,29,0,0,0,77
11,5,6,2,4,1,1,0.00202429149797571,494
13,6,7,2,7,1,0,0.00628930817610063,159
8,4,4,1,29,0,0,0.002710027100271,369
233,115,118,4,4,3,2,0.00344827586206897,580
188,87,101,3,4,2,1,0.0101010101010101,198
14,7,7,2,4,1,1,0.0072463768115942,138
5,1,4,1,29,0,0,0,65
10,4,6,1,29,0,0,0,80
24,14,10,2,7,1,0,0,138
3,1,2,1,29,0,0,0,35
5,2,3,1,29,0,0,0,40
6,2,4,1,29,0,0,0,59
3,1,2,1,29,0,0,0,43
4,1,3,2,4,1,1,0,123
4,1,3,2,4,1,1,0,146
2,0,2,1,29,0,0,0,51
13,5,8,2,4,1,1,0,956
8,4,4,1,29,0,0,0.00347222222222222,288
22,14,8,3,5,2,0,0.0277777777777778,180
2,0,2,1,29,0,0,0,102
0,0,0,1,7,1,0,0,59
4,1,3,2,4,1,1,0,667
21,8,13,2,4,1,1,0,332
0,0,0,1,4,1,1,0,105
2,0,2,1,29,0,0,0,173
23,11,12,1,29,0,0,0.00549450549450549,182
13,3,10,1,29,0,0,0.0101010101010101,99
4,1,3,1,29,0,0,0,147
18,8,10,2,4,1,1,0,502
15,5,10,2,4,1,1,0,259
226,119,107,7,4,6,2,0.014514896867838,1309
32,16,16,1,29,0,0,0.00602409638554217,166
372,191,181,6,0,5,1,0.00425531914893617,2350
107,66,41,4,0,3,1,0.00559440559440559,715
7,6,1,2,0,2,0,0.0277777777777778,72
2,0,2,1,29,0,0,0,184
8,3,5,1,29,0,0,0.008,125
4,1,3,1,29,0,0,0.0173913043478261,115
1,0,1,1,29,0,0,0.0136986301369863,73
2,0,2,1,29,0,0,0.0181818181818182,55
8,3,5,1,29,0,0,0.0185185185185185,54
5,1,4,1,29,0,0,0.00602409638554217,166
4,1,3,1,29,0,0,0.00574712643678161,174
8,3,5,1,29,0,0,0.0196078431372549,51
0,0,0,1,4,1,1,0,143
0,0,0,1,4,1,1,0,161
0,0,0,1,4,1,1,0.00490196078431373,204
0,0,0,1,4,1,1,0,57
0,0,0,1,4,1,1,0,42
0,0,0,1,4,1,1,0,371
0,0,0,1,4,1,1,0.00269541778975741,371
0,0,0,1,4,1,1,0,661
1,0,1,1,29,0,0,0,79
2,1,1,1,29,0,0,0,41
0,0,0,1,4,1,1,0.00539083557951483,371
0,0,0,1,4,1,1,0,130
0,0,0,1,4,1,1,0,50
0,0,0,1,4,1,1,0,297
0,0,0,1,4,1,1,0,131
0,0,0,1,4,1,1,0,107
0,0,0,1,4,1,1,0,50
0,0,0,1,4,1,1,0,58
0,0,0,1,4,1,1,0,81
0,0,0,1,4,1,1,0,59
0,0,0,1,4,1,1,0,231
0,0,0,1,4,1,1,0,45
0,0,0,1,4,1,1,0,43
0,0,0,1,4,1,1,0,39
1,0,1,1,29,0,0,0,40
8,3,5,2,4,1,1,0,372
1,1,0,2,4,1,1,0,0
7,3,4,2,4,1,1,0,0
1,0,1,2,4,1,1,0,0
1,0,1,2,4,1,1,0,0
1,0,1,1,29,0,0,0,36
13,6,7,1,29,0,0,0.00421940928270042,237
2,0,2,2,7,1,0,0,0
0,0,0,1,4,1,1,0.00826446280991736,121
0,0,0,1,4,1,1,0.0128205128205128,78
0,0,0,1,4,1,1,0.00390625,256
0,0,0,1,4,1,1,0,49
0,0,0,1,4,1,1,0,55
0,0,0,1,4,1,1,0.00840336134453781,119
0,0,0,1,4,1,1,0,49
0,0,0,1,4,1,1,0,61
3,1,2,1,29,0,0,0,41
3,2,1,1,29,0,0,0,46
8,3,5,2,7,1,0,0,0
3,1,2,2,7,1,0,0,0
8,3,5,1,29,0,0,0,64
16,8,8,2,4,1,1,0.00518134715025907,193
0,0,0,1,5,1,0,0,46
3,1,2,1,29,0,0,0,52
2,0,2,1,29,0,0,0,44
2,0,2,2,4,1,1,0,0
1,0,1,2,4,1,1,0,0
1,1,0,2,4,1,1,0,0
1,1,0,2,4,1,1,0,0
9,4,5,2,4,1,1,0,0
67,45,22,6,4,5,1,0.0103092783505155,194
36,19,17,2,7,1,0,0,335
11,5,6,1,29,0,0,0.0132743362831858,226
7,3,4,1,29,0,0,0.00634920634920635,315
1,0,1,1,29,0,0,0,17
10,4,6,1,29,0,0,0,198
6,2,4,1,29,0,0,0,123
1,1,0,1,29,0,0,0,73
3,0,3,1,29,0,0,0,56
6,2,4,2,4,1,1,0,195
1,0,1,1,29,0,0,0,60
8,3,5,2,4,1,1,0,154
12,5,7,2,4,1,1,0.000921658986175115,1085
91,48,43,4,1,3,1,0.00154380548050946,2591
2,0,2,1,29,0,0,0,50
7,2,5,1,29,0,0,0,132
4,1,3,2,4,1,1,0,218
3,1,2,2,4,1,1,0,90
8,3,5,2,4,1,1,0,176
9,4,5,1,29,0,0,0.0120481927710843,83
8,3,5,2,4,1,1,0,124
2,0,2,1,29,0,0,0,47
5,2,3,2,4,1,1,0,61
4,1,3,1,29,0,0,0,70
10,3,7,2,4,1,1,0,139
9,4,5,1,29,0,0,0.0121951219512195,82
4,1,3,1,29,0,0,0,92
4,1,3,1,29,0,0,0,90
8,3,5,2,4,1,1,0.00384615384615385,260
10,4,6,2,4,1,1,0,240
18,6,12,2,4,1,1,0.0031104199066874,643
5,2,3,1,29,0,0,0,58
3,1,2,1,29,0,0,0,83
4,1,3,2,4,1,1,0,151
18,8,10,2,4,1,1,0.00155038759689922,645
3,1,2,1,29,0,0,0,77
5,2,3,1,29,0,0,0,50
3,1,2,1,29,0,0,0,72
5,2,3,1,29,0,0,0,53
3,2,1,1,29,0,0,0,34
3,1,2,1,29,0,0,0,58
3,1,2,1,29,0,0,0,49
7,3,4,1,29,0,0,0.00395256916996047,253
10,4,6,1,29,0,0,0,339
10,5,5,1,29,0,0,0.00191204588910134,523
1,0,1,1,29,0,0,0,125
10,3,7,2,4,1,1,0,155
9,3,6,2,4,1,1,0,69
3,1,2,1,29,0,0,0,58
18,9,9,2,4,1,1,0.00763358778625954,131
2,0,2,1,29,0,0,0,255
11,6,5,1,29,0,0,0,168
2,0,2,1,29,0,0,0,61
14,5,9,2,4,1,1,0.00164473684210526,608
1,0,1,1,29,0,0,0,43
2,0,2,1,29,0,0,0,61
3,0,3,1,29,0,0,0,87
5,1,4,2,4,1,1,0,91
2,0,2,1,29,0,0,0,51
1,0,1,1,29,0,0,0,71
1,0,1,1,29,0,0,0,52
12,4,8,2,4,1,1,0,657
4,1,3,2,4,1,1,0,366
10,2,8,2,4,1,1,0,445
2,0,2,1,29,0,0,0,135
4,1,3,2,4,1,1,0,117
1,0,1,1,29,0,0,0,72
1,0,1,1,29,0,0,0,141
1,0,1,1,29,0,0,0,36
1,1,0,1,29,0,0,0,36
2,0,2,1,29,0,0,0,183
2,0,2,1,29,0,0,0,72
1,0,1,1,29,0,0,0,73
2,0,2,1,29,0,0,0,47
1,0,1,1,29,0,0,0,86
4,1,3,2,4,1,1,0,165
1,0,1,1,29,0,0,0,69
2,0,2,1,29,0,0,0,115
4,1,3,1,29,0,0,0,207
2,0,2,1,29,0,0,0,78
1,0,1,1,29,0,0,0,54
2,0,2,1,29,0,0,0,63
3,0,3,1,29,0,0,0,118
2,0,2,1,29,0,0,0,70
4,2,2,1,29,0,0,0,183
1,1,0,1,29,0,0,0,40
1,0,1,1,29,0,0,0,67
1,1,0,1,29,0,0,0,36
3,0,3,1,29,0,0,0,169
4,0,4,1,29,0,0,0,162
24,13,11,2,4,1,1,0,865
1,1,0,1,29,0,0,0,64
2,0,2,1,29,0,0,0,55
1,0,1,1,29,0,0,0,43
6,2,4,2,4,1,1,0,322
1,0,1,1,29,0,0,0,77
3,1,2,1,29,0,0,0,36
152,90,62,2,4,1,1,0.00288184438040346,347
1,0,1,1,29,0,0,0,35
3,0,3,1,29,0,0,0,108
6,2,4,2,4,1,1,0,74
6,1,5,2,4,1,1,0,352
6,2,4,2,4,1,1,0,65
10,5,5,2,4,1,1,0,294
1,1,0,1,29,0,0,0,38
6,2,4,2,4,1,1,0,790
1,1,0,1,29,0,0,0,36
5,2,3,2,4,1,1,0,123
1,0,1,1,29,0,0,0,48
2,0,2,1,29,0,0,0,78
4,1,3,2,4,1,1,0,109
2,0,2,1,29,0,0,0,56
1,1,0,1,29,0,0,0,83
4,1,3,1,29,0,0,0.00398406374501992,251
1,0,1,1,29,0,0,0,72
1,0,1,1,29,0,0,0.0133333333333333,75
1,1,0,1,29,0,0,0.0178571428571429,56
1,0,1,1,29,0,0,0.0204081632653061,49
1,1,0,1,29,0,0,0.0208333333333333,48
1,1,0,1,29,0,0,0.0232558139534884,43
1,1,0,1,29,0,0,0.0232558139534884,43
1,1,0,1,29,0,0,0.025,40
1,0,1,1,29,0,0,0.0178571428571429,56
1,1,0,1,29,0,0,0.0256410256410256,39
1,1,0,1,29,0,0,0.0232558139534884,43
1,1,0,1,29,0,0,0.0212765957446809,47
1,1,0,1,29,0,0,0.0196078431372549,51
3,1,2,1,29,0,0,0.0149253731343284,67
10,5,5,1,29,0,0,0.0454545454545455,66
1,0,1,1,29,0,0,0.0178571428571429,56
1,0,1,1,29,0,0,0.0166666666666667,60
1,1,0,1,29,0,0,0.0165289256198347,121
2,1,1,1,29,0,0,0.0172413793103448,58
3,2,1,2,4,1,1,0.0108695652173913,92
1,1,0,1,29,0,0,0.0217391304347826,46
1,1,0,1,29,0,0,0.0256410256410256,39
6,3,3,1,29,0,0,0.0288461538461538,104
3,1,2,2,4,1,1,0.00819672131147541,122
1,0,1,1,29,0,0,0.0277777777777778,36
3,1,2,1,29,0,0,0.0135135135135135,74
1,1,0,1,29,0,0,0.027027027027027,37
1,1,0,1,29,0,0,0.00714285714285714,140
1,1,0,1,29,0,0,0.0161290322580645,62
1,1,0,1,29,0,0,0.0172413793103448,58
1,1,0,1,29,0,0,0.0217391304347826,46
1,0,1,1,29,0,0,0.0105263157894737,95
1,1,0,1,29,0,0,0.02,50
1,1,0,1,29,0,0,0.0151515151515152,66
1,1,0,1,29,0,0,0.027027027027027,37
1,1,0,1,29,0,0,0.0212765957446809,47
1,1,0,1,29,0,0,0.0120481927710843,83
1,0,1,1,29,0,0,0,76
4,1,3,1,29,0,0,0,90
4,1,3,1,29,0,0,0,107
1,1,0,1,29,0,0,0,48
6,2,4,1,29,0,0,0,84
6,2,4,1,29,0,0,0,73
6,2,4,1,29,0,0,0,85
8,3,5,1,29,0,0,0,79
0,0,0,3,5,3,0,0,0
4,1,3,2,5,1,0,0,0
207,137,70,4,4,3,2,0.00108283703302653,1847
32,22,10,3,4,2,1,0,356
2,0,2,1,29,0,0,0,309
1,0,1,1,29,0,0,0,123
1,1,0,1,29,0,0,0,43
1,0,1,1,29,0,0,0,62
5,2,3,2,4,1,1,0,74
10,5,5,1,29,0,0,0.0135135135135135,74
116,65,51,3,4,2,1,0,409
1,0,1,1,29,0,0,0,96
1,1,0,1,29,0,0,0,34
256,154,102,5,4,4,1,0.00121477162293489,4116
14,7,7,2,4,1,1,0.00334448160535117,299
1,0,1,1,29,0,0,0,68
1,0,1,1,29,0,0,0,51
9,2,7,2,4,1,1,0.00641025641025641,156
8,3,5,1,29,0,0,0.00130208333333333,768
4,1,3,1,29,0,0,0,92
10,3,7,2,4,1,1,0,778
2,0,2,1,29,0,0,0,117
1,1,0,1,29,0,0,0,70
11,5,6,1,29,0,0,0.0232558139534884,86
1,0,1,1,29,0,0,0,112
1,0,1,1,29,0,0,0,54
2,0,2,1,29,0,0,0,187
1,0,1,1,29,0,0,0,58
8,3,5,2,4,1,1,0,750
14,6,8,2,4,1,1,0,481
1,0,1,1,29,0,0,0,44
0,0,0,1,5,1,0,0.0289855072463768,69
0,0,0,1,5,1,0,0.0109289617486339,183
0,0,0,1,5,1,0,0.0289855072463768,69
0,0,0,1,5,1,0,0,88
0,0,0,1,5,1,0,0.037037037037037,54
0,0,0,1,5,1,0,0.0224719101123595,89
0,0,0,1,5,1,0,0,41
2,0,2,1,29,0,0,0,342
12,6,6,1,29,0,0,0.0168067226890756,119
4,1,3,1,29,0,0,0,177
11,5,6,2,4,1,1,0.00260416666666667,384
1,0,1,1,29,0,0,0,69
6,2,4,2,4,1,1,0,203
4,1,3,1,29,0,0,0,401
6,2,4,1,29,0,0,0,137
4,1,3,1,29,0,0,0,90
6,2,4,1,29,0,0,0,138
4,1,3,1,29,0,0,0,134
4,1,3,1,29,0,0,0,129
1,0,1,1,29,0,0,0,57
12,5,7,2,4,1,1,0,156
2,0,2,1,29,0,0,0,53
5,1,4,1,29,0,0,0.00289017341040462,346
1,0,1,1,29,0,0,0,71
3,1,2,1,29,0,0,0,35
1,0,1,1,29,0,0,0,54
1,1,0,1,29,0,0,0,61
2,0,2,1,29,0,0,0,181
2,0,2,1,29,0,0,0,83
6,2,4,1,29,0,0,0,50
32,15,17,1,29,0,0,0,588
2,0,2,1,29,0,0,0,62
2,0,2,1,29,0,0,0,50
6,2,4,1,29,0,0,0,102
6,2,4,1,29,0,0,0,57
8,3,5,2,4,1,1,0.0072463768115942,138
25,12,13,2,4,1,1,0.00421940928270042,237
6,2,4,1,29,0,0,0.0117647058823529,85
46,22,24,3,23,2,0,0.0099009900990099,101
36,13,23,2,4,1,1,0.00436681222707424,229
2,0,2,1,29,0,0,0,82
30,14,16,3,23,2,0,0,96
1,0,1,1,29,0,0,0,71
9,4,5,1,29,0,0,0.0116279069767442,86
1,0,1,1,29,0,0,0,145
2,0,2,1,29,0,0,0,58
2,0,2,1,29,0,0,0,59
2,0,2,1,29,0,0,0,59
2,0,2,1,29,0,0,0,60
1,1,0,1,29,0,0,0,36
2,0,2,1,29,0,0,0.00523560209424084,191
10,4,6,3,29,2,0,0.0416666666666667,48
2,0,2,1,29,0,0,0.0273972602739726,73
1,0,1,1,29,0,0,0,40
1,0,1,1,29,0,0,0,39
20,14,6,3,7,3,0,0.00480769230769231,208
0,0,0,2,16,2,0,0.024390243902439,41
0,0,0,2,16,2,0,0,41
235,175,60,6,4,6,1,0.00591715976331361,169
27,13,14,5,16,4,0,0,0
7,3,4,3,29,2,0,0,0
4,4,0,4,16,4,0,0,40
4,4,0,4,16,4,0,0.00806451612903226,124
16,8,8,3,29,2,0,0.0144404332129964,277
47,46,1,3,16,2,0,0.00641025641025641,156
69,57,12,5,4,4,1,0.00934579439252336,214
40,38,2,3,16,2,0,0.012987012987013,77
12,6,6,3,16,2,0,0.025974025974026,77
10,5,5,1,29,0,0,0.0131578947368421,76
4,1,3,1,29,0,0,0,77
6,2,4,2,2,1,0,0,121
12,5,7,3,29,2,0,0.0392156862745098,51
12,5,7,3,29,2,0,0.0392156862745098,51
7,3,4,1,29,0,0,0.0104166666666667,96
8,4,4,1,29,0,0,0.0272108843537415,147
3,0,3,1,29,0,0,0.037037037037037,54
2,0,2,1,29,0,0,0.0392156862745098,51
2,0,2,1,29,0,0,0,44
9,4,5,1,29,0,0,0.00917431192660551,218
12,5,7,3,29,2,0,0.0392156862745098,51
2,0,2,1,29,0,0,0.04,50
7,3,4,1,29,0,0,0.0111111111111111,90
10,4,6,3,29,2,0,0.0425531914893617,47
1,0,1,1,29,0,0,0.0408163265306122,49
0,0,0,1,7,1,0,0.0150375939849624,133
0,0,0,1,7,1,0,0,61
0,0,0,1,7,1,0,0,52
70,17,53,2,7,1,0,0,60
0,0,0,1,7,1,0,0.0142857142857143,70
0,0,0,1,7,1,0,0,63
0,0,0,1,7,1,0,0,63
0,0,0,1,7,1,0,0,55
190,151,39,6,0,5,0,0.0161290322580645,186
0,0,0,1,7,1,0,0,48
0,0,0,1,7,1,0,0,69
0,0,0,1,7,1,0,0,55
0,0,0,1,7,1,0,0,55
0,0,0,1,7,1,0,0,55
0,0,0,1,7,1,0,0,57
0,0,0,1,7,1,0,0,42
0,0,0,1,7,1,0,0,56
0,0,0,1,7,1,0,0,42
0,0,0,1,7,1,0,0,58
0,0,0,1,7,1,0,0,67
0,0,0,1,7,1,0,0,261
18,9,9,2,0,2,0,0.00970873786407767,103
0,0,0,1,7,1,0,0,55
43,33,10,2,7,1,0,0.0206185567010309,97
0,0,0,1,7,1,0,0,41
1,0,1,1,29,0,0,0,39
6,2,4,1,29,0,0,0,52
1,1,0,1,29,0,0,0.0181818181818182,55
7,6,1,2,7,1,0,0.0277777777777778,36
1,0,1,1,29,0,0,0,40
5,2,3,3,29,2,0,0.0204081632653061,49
44,38,6,4,16,4,0,0.0338983050847458,59
0,0,0,2,29,2,0,0.0769230769230769,39
1,1,0,3,29,2,0,0,0
1,1,0,3,29,2,0,0,0
10,9,1,4,5,4,0,0.0289855072463768,69
1,1,0,1,29,0,0,0,37
1,1,0,1,29,0,0,0,37
1,0,1,1,29,0,0,0.0232558139534884,43
0,0,0,2,16,2,0,0.025,40
0,0,0,2,16,2,0,0,47
20,20,0,4,16,4,0,0.0232558139534884,43
18,18,0,4,16,4,0,0,40
6,2,4,4,16,4,0,0.0434782608695652,46
1,0,1,1,29,0,0,0,61
1,0,1,1,29,0,0,0,139
1,0,1,1,29,0,0,0,112
1,1,0,1,29,0,0,0,32
3,1,2,1,29,0,0,0,44
8,3,5,2,4,1,1,0,56
3,1,2,2,4,1,1,0,81
1,0,1,1,29,0,0,0,68
3,0,3,1,29,0,0,0,141
1,0,1,1,29,0,0,0,61
1,1,0,1,29,0,0,0,47
8,2,6,2,4,1,1,0,121
1,0,1,1,29,0,0,0,63
6,2,4,2,4,1,1,0,116
2,0,2,1,29,0,0,0,138
8,3,5,1,29,0,0,0,99
3,1,2,2,4,1,1,0,110
1,0,1,1,29,0,0,0,64
1,0,1,1,29,0,0,0,149
1,0,1,1,29,0,0,0,151
2,0,2,1,29,0,0,0,211
5,2,3,2,4,1,1,0,208
1,1,0,1,29,0,0,0,33
6,2,4,2,4,1,1,0,168
2,0,2,1,29,0,0,0,215
1,1,0,1,29,0,0,0,122
10,4,6,2,4,1,1,0,733
2,0,2,1,29,0,0,0,240
1,1,0,1,29,0,0,0,35
1,0,1,1,29,0,0,0,45
1,0,1,1,29,0,0,0,53
1,1,0,1,29,0,0,0,54
1,0,1,1,29,0,0,0,47
1,1,0,1,29,0,0,0,34
9,4,5,2,4,1,1,0.00418410041841004,239
10,5,5,2,4,1,1,0.012987012987013,77
8,4,4,1,29,0,0,0.0116279069767442,86
1,1,0,1,29,0,0,0,71
1,1,0,1,29,0,0,0,35
1,0,1,1,29,0,0,0,79
3,1,2,1,29,0,0,0,63
1,0,1,1,29,0,0,0.0222222222222222,45
1,0,1,1,29,0,0,0.0222222222222222,45
1,1,0,1,29,0,0,0.0131578947368421,76
1,0,1,1,29,0,0,0.0138888888888889,72
1,0,1,1,29,0,0,0.0120481927710843,83
1,0,1,1,29,0,0,0.00649350649350649,154
2,0,2,1,29,0,0,0.0114942528735632,87
10,5,5,2,4,1,1,0.00140056022408964,714
1,0,1,1,29,0,0,0.0212765957446809,47
1,1,0,1,29,0,0,0.0119047619047619,84
1,0,1,1,29,0,0,0.0192307692307692,52
1,1,0,1,29,0,0,0.0072463768115942,138
1,0,1,1,29,0,0,0.02,50
2,0,2,1,29,0,0,0.0102040816326531,98
1,0,1,1,29,0,0,0.0181818181818182,55
2,0,2,1,29,0,0,0.0151515151515152,66
1,1,0,1,29,0,0,0.00427350427350427,234
9,4,5,2,4,1,1,0.0015015015015015,666
1,1,0,1,29,0,0,0.00490196078431373,204
1,0,1,1,29,0,0,0,85
1,0,1,1,29,0,0,0.0169491525423729,59
36,16,20,2,4,1,1,0.00510204081632653,196
2,0,2,1,29,0,0,0,97
1,0,1,1,29,0,0,0,64
12,5,7,2,4,1,1,0,79
78,45,33,4,0,3,2,0.00731261425959781,547
27,12,15,2,4,1,1,0,254
36,24,12,4,0,3,2,0.0105263157894737,285
31,14,17,2,4,1,1,0,238
28,21,7,3,0,2,1,0.0174418604651163,172
29,13,16,2,4,1,1,0,183
8,3,5,2,4,1,1,0,69
10,4,6,2,4,1,1,0,78
7,3,4,1,29,0,0,0.00483091787439614,207
23,11,12,1,29,0,0,0.00740740740740741,135
3,2,1,1,29,0,0,0.0126582278481013,79
3,2,1,1,29,0,0,0.0140845070422535,71
1,1,0,2,7,1,0,0,0
38,22,16,4,7,3,0,0,0
13,6,7,2,7,1,0,0,0
5,1,4,2,7,1,0,0,0
7,3,4,2,7,1,0,0,0
2,0,2,2,7,1,0,0,0
1,1,0,2,7,1,0,0,0
23,11,12,2,7,1,0,0,0
2,0,2,2,7,1,0,0,0
5,1,4,2,7,1,0,0,0
34,20,14,4,7,3,0,0,0
38,22,16,4,7,3,0,0,0
1,1,0,2,7,1,0,0,0
21,10,11,2,7,1,0,0,0
7,3,4,2,7,1,0,0,0
1,1,0,2,7,1,0,0,0
1,1,0,2,7,1,0,0,0
1,1,0,2,7,1,0,0,0
1,1,0,2,7,1,0,0,0
2,0,2,2,7,1,0,0,0
8,4,4,2,7,1,0,0,0
2,0,2,1,29,0,0,0,73
8,4,4,2,7,1,0,0,0
49,14,35,4,7,3,0,0,0
19,13,6,4,7,3,0,0,0
1,1,0,2,7,1,0,0,0
1,0,1,2,7,1,0,0,0
2,0,2,2,7,1,0,0,0
7,3,4,2,7,1,0,0,0
1,0,1,2,7,1,0,0,0
8,4,4,2,7,1,0,0,0
4,1,3,1,29,0,0,0,90
2,0,2,1,29,0,0,0,160
1,0,1,1,29,0,0,0,78
1,1,0,1,29,0,0,0,58
1,0,1,1,29,0,0,0,41
4,1,3,2,4,1,1,0,346
10,5,5,1,29,0,0,0.00925925925925926,108
1,0,1,1,29,0,0,0,92
5,0,5,2,4,1,1,0,93
1,0,1,1,29,0,0,0,60
3,1,2,2,4,1,1,0,88
3,1,2,1,29,0,0,0,58
3,2,1,1,29,0,0,0,51
1,1,0,1,29,0,0,0,84
8,3,5,2,4,1,1,0,74
2,0,2,1,29,0,0,0,84
2,0,2,1,29,0,0,0,596
4,1,3,1,29,0,0,0,104
1,0,1,1,29,0,0,0,122
2,0,2,1,29,0,0,0,61
15,7,8,4,4,3,1,0.0166666666666667,120
4,1,3,1,29,0,0,0,70
6,2,4,2,4,1,1,0,192
3,1,2,1,29,0,0,0,137
2,0,2,1,29,0,0,0,119
1,0,1,1,29,0,0,0,81
6,2,4,1,29,0,0,0,122
18,8,10,1,29,0,0,0,121
16,7,9,1,29,0,0,0,109
4,1,3,1,29,0,0,0,74
10,4,6,2,4,1,1,0,159
5,2,3,1,29,0,0,0,71
6,2,4,1,29,0,0,0,68
6,2,4,2,4,1,1,0.00523560209424084,191
12,6,6,1,29,0,0,0.00740740740740741,675
11,5,6,1,29,0,0,0.00418410041841004,239
12,6,6,1,29,0,0,0.00520833333333333,192
16,7,9,1,29,0,0,0,126
13,6,7,2,4,1,1,0.00313479623824451,638
12,5,7,1,29,0,0,0.00325732899022801,307
4,1,3,2,4,1,1,0,170
13,6,7,2,4,1,1,0.0079155672823219,379
18,8,10,1,29,0,0,0,188
14,6,8,1,29,0,0,0,118
1,1,0,1,29,0,0,0,37
2,0,2,1,29,0,0,0.0112359550561798,89
3,2,1,1,29,0,0,0,46
2,0,2,1,29,0,0,0,91
49,4,45,3,12,2,0,0,61
21,15,6,3,4,2,1,0.00808625336927224,371
4,1,3,2,4,1,1,0.00540540540540541,185
1,0,1,1,29,0,0,0,52
10,4,6,2,4,1,1,0.0025974025974026,385
2,0,2,1,29,0,0,0,141
4,1,3,1,29,0,0,0,94
2,0,2,1,29,0,0,0,70
1,1,0,1,29,0,0,0,39
9,4,5,1,29,0,0,0.00628930817610063,159
2,0,2,1,29,0,0,0,53
2,0,2,1,29,0,0,0,72
2,0,2,1,29,0,0,0,79
4,1,3,2,14,1,0,0.0169491525423729,59
2,0,2,1,29,0,0,0,80
6,2,4,2,4,1,1,0,217
2,0,2,1,29,0,0,0,93
2,0,2,1,29,0,0,0,46
2,0,2,1,29,0,0,0,69
3,1,2,1,29,0,0,0,49
1,0,1,1,29,0,0,0,60
3,1,2,2,14,1,0,0,48
3,1,2,1,29,0,0,0,49
2,0,2,1,29,0,0,0,71
1,0,1,1,29,0,0,0,50
4,1,3,2,14,1,0,0.0181818181818182,55
7,2,5,2,4,1,1,0.00141843971631206,705
12,5,7,2,4,1,1,0.00143884892086331,695
5,1,4,2,4,1,1,0.00341296928327645,293
2,0,2,1,29,0,0,0,149
2,0,2,1,29,0,0,0,58
6,2,4,1,29,0,0,0,119
11,4,7,3,4,2,1,0.00432900432900433,231
2,0,2,1,29,0,0,0,73
51,24,27,2,7,1,0,0.00699300699300699,143
1,1,0,1,29,0,0,0,34
2,0,2,1,29,0,0,0,65
4,1,3,1,29,0,0,0,59
4,1,3,2,4,1,1,0,684
15,8,7,3,4,2,1,0.00425531914893617,235
2,0,2,1,29,0,0,0,70
2,0,2,1,29,0,0,0,71
4,1,3,1,29,0,0,0,65
1,1,0,1,29,0,0,0,45
1,0,1,1,29,0,0,0,46
2,0,2,1,29,0,0,0,58
2,0,2,1,29,0,0,0,86
2,0,2,1,29,0,0,0,82
1,0,1,1,29,0,0,0,47
2,0,2,1,29,0,0,0,57
2,0,2,1,29,0,0,0,88
2,0,2,1,29,0,0,0.00699300699300699,286
2,0,2,1,29,0,0,0,112
5,2,3,2,14,1,0,0,46
3,1,2,2,14,1,0,0,44
2,0,2,1,29,0,0,0.00609756097560976,164
2,0,2,1,29,0,0,0,61
13,6,7,2,4,1,1,0.00858369098712446,233
2,0,2,1,29,0,0,0,65
1,1,0,1,29,0,0,0,47
4,1,3,2,4,1,1,0.0118343195266272,169
1,0,1,1,29,0,0,0,53
1,0,1,1,29,0,0,0,54
2,0,2,1,29,0,0,0.0120481927710843,83
1,1,0,1,29,0,0,0,46
3,1,2,2,14,1,0,0,44
1,0,1,1,29,0,0,0,57
8,3,5,2,4,1,1,0,155
2,0,2,1,29,0,0,0,56
1,0,1,1,29,0,0,0,37
2,0,2,1,29,0,0,0,69
2,0,2,1,29,0,0,0,94
32,0,32,2,12,1,0,0,89
2,0,2,1,29,0,0,0,81
2,0,2,1,29,0,0,0,78
2,0,2,1,29,0,0,0.0078740157480315,127
92,55,37,2,14,1,0,0.00303951367781155,329
7,3,4,2,12,1,0,0,108
1,0,1,1,29,0,0,0,54
1,0,1,1,29,0,0,0,65
1,0,1,1,29,0,0,0,46
2,0,2,1,29,0,0,0,70
2,0,2,1,29,0,0,0,59
2,0,2,1,29,0,0,0,83
2,0,2,1,29,0,0,0,67
2,0,2,1,29,0,0,0.00192678227360308,519
13,8,5,3,4,2,1,0.00619195046439629,323
2,0,2,1,29,0,0,0.00276243093922652,362
61,55,6,3,4,2,1,0.00561797752808989,178
2,0,2,1,29,0,0,0,49
2,0,2,1,29,0,0,0,49
2,0,2,1,29,0,0,0,63
2,0,2,1,29,0,0,0,73
3,1,2,2,14,1,0,0,45
3,1,2,1,29,0,0,0,50
1,0,1,1,29,0,0,0,39
2,0,2,1,29,0,0,0,66
1,0,1,1,29,0,0,0,53
1,0,1,1,29,0,0,0,48
7,3,4,1,29,0,0,0.012987012987013,77
1,0,1,1,29,0,0,0,45
1,0,1,1,29,0,0,0,46
5,4,1,2,14,1,0,0.0263157894736842,38
8,3,5,2,4,1,1,0,121
1,0,1,1,29,0,0,0,47
2,0,2,1,29,0,0,0,106
2,0,2,1,29,0,0,0,112
2,0,2,1,29,0,0,0,54
14,11,3,2,14,1,0,0,143
6,2,4,1,29,0,0,0,145
2,0,2,1,29,0,0,0,147
1,0,1,1,29,0,0,0,94
4,1,3,2,4,1,1,0,130
4,1,3,2,4,1,1,0,147
2,0,2,1,29,0,0,0,140
2,0,2,1,29,0,0,0,50
1,0,1,1,29,0,0,0,87
3,1,2,2,4,1,1,0,84
17,13,4,2,14,1,0,0,136
2,0,2,1,29,0,0,0,68
15,7,8,2,4,1,1,0.00396825396825397,252
2,0,2,1,29,0,0,0,141
2,0,2,1,29,0,0,0,100
2,0,2,1,29,0,0,0,100
1,0,1,1,29,0,0,0,63
1,0,1,1,29,0,0,0,38
2,0,2,1,29,0,0,0,100
2,0,2,1,29,0,0,0,118
2,0,2,1,29,0,0,0,163
2,0,2,1,29,0,0,0,166
2,0,2,1,29,0,0,0.00549450549450549,182
2,0,2,1,29,0,0,0,93
2,0,2,1,29,0,0,0,100
1,0,1,1,29,0,0,0,72
1,0,1,1,29,0,0,0,61
2,0,2,1,29,0,0,0,131
2,0,2,1,29,0,0,0,116
4,1,3,2,4,1,1,0,132
1,0,1,1,29,0,0,0,92
2,0,2,1,29,0,0,0,98
2,0,2,1,29,0,0,0,82
4,1,3,2,4,1,1,0,131
2,0,2,1,29,0,0,0,75
11,5,6,1,29,0,0,0.0111111111111111,90
7,3,4,1,29,0,0,0.0113636363636364,88
2,0,2,1,29,0,0,0.0158730158730159,63
1,0,1,1,29,0,0,0,39
2,0,2,1,29,0,0,0.0151515151515152,66
96,70,26,2,14,1,0,0.00775193798449612,129
1,0,1,1,29,0,0,0,39
69,50,19,2,14,1,0,0.00952380952380952,105
2,0,2,1,29,0,0,0.015625,64
4,1,3,1,29,0,0,0.015625,64
2,0,2,1,29,0,0,0.0158730158730159,63
1,0,1,1,29,0,0,0,38
2,0,2,1,29,0,0,0.0158730158730159,63
1,0,1,1,29,0,0,0,39
1,0,1,1,29,0,0,0,39
1,0,1,1,29,0,0,0,39
4,1,3,1,29,0,0,0.0158730158730159,63
2,0,2,1,29,0,0,0.0158730158730159,63
2,0,2,1,29,0,0,0.0434782608695652,46
4,1,3,1,29,0,0,0.015625,64
4,1,3,1,29,0,0,0.0158730158730159,63
2,0,2,1,29,0,0,0.0151515151515152,66
2,0,2,1,29,0,0,0.015625,64
2,0,2,1,29,0,0,0.0158730158730159,63
2,0,2,1,29,0,0,0,205
1,1,0,1,29,0,0,0,51
3,1,2,1,29,0,0,0,43
1,0,1,1,29,0,0,0,42
2,0,2,1,29,0,0,0,91
14,8,6,2,12,1,0,0.00540540540540541,185
2,0,2,1,29,0,0,0,53
2,0,2,2,4,1,1,0,0
1,1,0,2,4,1,1,0,0
1,0,1,2,4,1,1,0,0
2,0,2,2,4,1,1,0,0
69,68,1,4,4,3,1,0,0
1,0,1,2,4,1,1,0,0
7,3,4,2,4,1,1,0,0
23,11,12,2,4,1,1,0,0
1,0,1,2,4,1,1,0,0
1,1,0,2,4,1,1,0,0
25,10,15,4,4,3,1,0,0
10,4,6,2,4,1,1,0,0
1,0,1,2,4,1,1,0,0
1,0,1,2,4,1,1,0,0
17,8,9,2,4,1,1,0,0
5,2,3,3,4,2,1,0,0
1,0,1,2,4,1,1,0,0
1,0,1,2,4,1,1,0,0
1,0,1,2,4,1,1,0,0
1,0,1,2,4,1,1,0,0
2,0,2,2,4,1,1,0,0
7,3,4,2,4,1,1,0,0
6,2,4,2,4,1,1,0,0
1,0,1,2,4,1,1,0,0
3,1,2,2,4,1,1,0,0
6,2,4,2,4,1,1,0,0
7,3,4,2,4,1,1,0,0
7,3,4,2,4,1,1,0,0
11,5,6,2,4,1,1,0,0
1,0,1,2,4,1,1,0,0
1,0,1,2,4,1,1,0,0
2,0,2,2,4,1,1,0,0
2,0,2,2,4,1,1,0,0
26,22,4,4,0,1,0,0.0277777777777778,36
50,25,25,2,2,1,0,0,28
42,19,23,4,2,2,1,0,269
24,11,13,2,2,1,0,0,53
19,14,5,2,2,1,0,0,92
19,8,11,2,2,1,0,0.0136054421768707,147
40,34,6,2,2,1,0,0,40
13,4,9,2,2,1,0,0,107
205,97,108,4,2,3,0,0.00454545454545455,220
37,14,23,2,2,1,0,0,121
11,8,3,2,2,1,0,0,38
16,11,5,2,2,1,0,0,166
3,0,3,2,2,1,0,0,35
3,0,3,2,2,1,0,0,36
3,1,2,2,2,1,0,0,36
40,20,20,4,2,3,0,0.0179640718562874,167
70,36,34,4,2,3,0,0.00588235294117647,170
74,38,36,4,2,3,0,0.0114942528735632,174
60,18,42,2,2,1,0,0,335
47,24,23,2,2,1,0,0,244
22,11,11,2,2,1,0,0,77
22,12,10,2,1,1,0,0,0
35,21,14,2,1,2,0,0,357
46,29,17,3,2,2,1,0,69
1,1,0,1,29,0,0,0,28
11,6,5,2,2,1,0,0,54
18,9,9,2,2,1,0,0.0166666666666667,60
21,13,8,2,2,1,0,0.018348623853211,109
13,8,5,2,2,1,0,0,102
44,29,15,2,2,1,0,0,217
1,1,0,1,29,0,0,0,41
1,1,0,1,29,0,0,0,32
1,1,0,1,29,0,0,0,56
38,20,18,4,2,3,0,0.0217391304347826,46
19,8,11,2,0,1,0,0,48
111,64,47,2,0,1,0,0,42
5,2,3,1,29,0,0,0,14
4,2,2,1,29,0,0,0,36
122,70,52,2,0,1,0,0,47
3,2,1,1,29,0,0,0,14
4,2,2,1,29,0,0,0,36
4,2,2,1,29,0,0,0,15
5,2,3,1,29,0,0,0,36
1,0,1,1,29,0,0,0,22
1,0,1,1,29,0,0,0,11
3,1,2,2,4,1,1,0,72
1,0,1,1,29,0,0,0,25
1,0,1,1,29,0,0,0,56
1,0,1,1,29,0,0,0,45
51,24,27,3,16,2,0,0.00645161290322581,155
5,0,5,1,29,0,0,0,42
4,1,3,1,29,0,0,0,86
1,0,1,1,29,0,0,0,57
2,0,2,1,29,0,0,0.00516795865633075,387
1,0,1,1,29,0,0,0,21
1,0,1,1,29,0,0,0,147
1,0,1,1,29,0,0,0,53
1,0,1,1,29,0,0,0,19
1,0,1,1,29,0,0,0.00952380952380952,105
1,0,1,1,29,0,0,0,48
1,0,1,1,29,0,0,0,57
1,0,1,1,29,0,0,0,36
29,14,15,3,16,2,0,0.03125,32
48,28,20,3,16,2,0,0.0181818181818182,55
1,0,1,1,29,0,0,0,27
14,6,8,3,16,2,0,0.00662251655629139,151
1,0,1,1,29,0,0,0,20
1,0,1,1,29,0,0,0,57
1,0,1,1,29,0,0,0,19
1,0,1,1,29,0,0,0.00813008130081301,123
2,0,2,1,29,0,0,0,23
3,1,2,1,29,0,0,0,13
1,0,1,1,29,0,0,0,22
1,0,1,1,29,0,0,0,29
1,0,1,1,29,0,0,0,30
2,0,2,1,29,0,0,0,48
2,0,2,1,29,0,0,0,52
1,0,1,1,29,0,0,0,21
2,0,2,1,29,0,0,0,31
64,32,32,3,16,2,0,0.00460829493087558,217
2,0,2,1,29,0,0,0.00429184549356223,233
1,0,1,1,29,0,0,0,51
1,0,1,1,29,0,0,0,47
1,0,1,1,29,0,0,0,48
1,0,1,1,29,0,0,0,35
1,0,1,1,29,0,0,0,44
1,0,1,1,29,0,0,0,47
1,0,1,1,29,0,0,0,69
1,0,1,1,29,0,0,0,73
1,0,1,1,29,0,0,0,73
1,0,1,1,29,0,0,0,75
1,0,1,1,29,0,0,0,73
1,0,1,1,29,0,0,0,75
1,0,1,1,29,0,0,0,70
1,0,1,1,29,0,0,0,70
1,0,1,1,29,0,0,0,76
1,0,1,1,29,0,0,0,70
1,0,1,1,29,0,0,0,76
1,0,1,1,29,0,0,0,43
1,0,1,1,29,0,0,0,59
1,0,1,1,29,0,0,0,62
3,0,3,1,29,0,0,0,46
1,0,1,1,29,0,0,0,59
1,0,1,1,29,0,0,0,58
1,0,1,1,29,0,0,0,43
1,0,1,1,29,0,0,0,46
1,0,1,1,29,0,0,0,53
2,0,2,1,29,0,0,0,52
1,0,1,1,29,0,0,0,49
4,1,3,1,29,0,0,0,47
1,0,1,1,29,0,0,0,48
1,0,1,1,29,0,0,0,44
1,0,1,1,29,0,0,0,48
1,0,1,1,29,0,0,0,61
1,0,1,1,29,0,0,0,28
48,25,23,3,16,2,0,0.00956937799043062,209
1,0,1,1,29,0,0,0.00636942675159236,157
1,0,1,1,29,0,0,0,56
1,0,1,1,29,0,0,0,55
1,0,1,1,29,0,0,0,56
1,1,0,1,29,0,0,0,8
2,0,2,1,29,0,0,0,83
2,0,2,1,29,0,0,0,72
2,0,2,1,29,0,0,0,88
1,0,1,1,29,0,0,0,53
6,3,3,1,29,0,0,0,16
1,0,1,1,29,0,0,0.0188679245283019,53
1,0,1,1,29,0,0,0,32
5,1,4,1,29,0,0,0,54
39,19,20,3,16,2,0,0.0533333333333333,75
3,0,3,1,29,0,0,0,49
1,0,1,1,29,0,0,0,32
3,1,2,1,29,0,0,0,46
3,1,2,1,29,0,0,0,56
1,0,1,1,29,0,0,0,126
2,0,2,1,29,0,0,0.0172413793103448,58
2,0,2,1,29,0,0,0.0136986301369863,73
2,0,2,1,29,0,0,0.00970873786407767,103
2,0,2,1,29,0,0,0.0121951219512195,82
1,0,1,1,29,0,0,0,57
1,0,1,1,29,0,0,0,57
1,0,1,1,29,0,0,0,60
1,0,1,1,29,0,0,0.01,100
6,2,4,2,0,1,0,0.00793650793650794,126
1,0,1,1,29,0,0,0,58
1,0,1,1,29,0,0,0,60
2,0,2,1,29,0,0,0.00467289719626168,214
1,0,1,1,29,0,0,0,55
1,0,1,1,29,0,0,0,36
1,0,1,1,29,0,0,0,71
1,0,1,1,29,0,0,0,52
1,0,1,1,29,0,0,0,36
1,0,1,1,29,0,0,0,97
1,1,0,1,29,0,0,0,32
2,0,2,1,29,0,0,0,85
1,0,1,1,29,0,0,0,43
3,2,1,1,29,0,0,0,22
7,3,4,1,29,0,0,0.0196078431372549,51
3,2,1,1,29,0,0,0,14
30,27,3,2,0,1,0,0.00680272108843537,147
7,3,4,1,29,0,0,0,24
1,0,1,1,29,0,0,0,24
2,0,2,1,29,0,0,0,25
1,0,1,1,29,0,0,0,39
1,0,1,1,29,0,0,0,25
1,0,1,1,29,0,0,0,26
3,1,2,1,29,0,0,0,15
1,0,1,1,29,0,0,0,21
1,0,1,1,29,0,0,0,42
2,0,2,1,29,0,0,0.0028735632183908,348
9,4,5,1,29,0,0,0,18
11,5,6,1,29,0,0,0,16
9,4,5,1,29,0,0,0,16
10,4,6,1,29,0,0,0,16
1,0,1,1,29,0,0,0,30
1,0,1,1,29,0,0,0,51
3,1,2,1,29,0,0,0,13
7,3,4,1,29,0,0,0,12
3,1,2,1,29,0,0,0,48
1,0,1,1,29,0,0,0,75
3,1,2,1,29,0,0,0,24
4,1,3,1,29,0,0,0,20
2,0,2,1,29,0,0,0,35
1,0,1,1,29,0,0,0,36
1,0,1,1,29,0,0,0,76
1,0,1,1,29,0,0,0,55
1,0,1,1,29,0,0,0.0113636363636364,88
1,0,1,1,29,0,0,0,55
1,0,1,1,29,0,0,0,65
2,0,2,1,29,0,0,0,181
1,0,1,1,29,0,0,0,43
1,0,1,1,29,0,0,0,34
4,1,3,1,29,0,0,0,36
1,1,0,1,29,0,0,0,14
2,0,2,1,29,0,0,0.00393700787401575,254
2,0,2,1,29,0,0,0,57
1,1,0,1,29,0,0,0,9
2,0,2,1,29,0,0,0,44
2,0,2,1,29,0,0,0,47
6,2,4,1,29,0,0,0.00892857142857143,112
1,0,1,1,29,0,0,0,25
4,1,3,1,29,0,0,0,36
2,0,2,1,29,0,0,0,39
2,0,2,1,29,0,0,0,71
1,0,1,1,29,0,0,0,33
5,0,5,1,29,0,0,0,39
1,0,1,1,29,0,0,0,32
6,2,4,1,29,0,0,0,25
1,0,1,1,29,0,0,0.0416666666666667,24
1,0,1,1,29,0,0,0,19
3,1,2,1,29,0,0,0.032258064516129,31
12,5,7,1,29,0,0,0,49
2,1,1,1,29,0,0,0,4
2,0,2,1,29,0,0,0.00943396226415094,106
1,1,0,1,29,0,0,0,38
1,0,1,1,29,0,0,0,98
2,0,2,1,29,0,0,0,148
1,0,1,1,29,0,0,0,56
1,0,1,1,29,0,0,0,44
1,0,1,1,29,0,0,0,38
1,0,1,1,29,0,0,0,54
1,0,1,1,29,0,0,0,41
2,0,2,1,29,0,0,0,54
1,0,1,1,29,0,0,0,42
1,0,1,1,29,0,0,0,57
3,1,2,1,29,0,0,0.0144927536231884,69
1,0,1,1,29,0,0,0,40
1,1,0,1,29,0,0,0,34
1,0,1,1,29,0,0,0.0151515151515152,66
1,0,1,1,29,0,0,0,41
1,0,1,1,29,0,0,0,59
3,1,2,2,0,1,0,0.0158730158730159,63
4,1,3,1,29,0,0,0,114
5,1,4,1,29,0,0,0,134
3,2,1,1,29,0,0,0,31
4,1,3,1,29,0,0,0,91
2,0,2,1,29,0,0,0,49
1,0,1,1,29,0,0,0,33
4,1,3,1,29,0,0,0.015625,64
1,0,1,1,29,0,0,0,47
1,0,1,1,29,0,0,0,22
1,0,1,1,29,0,0,0,12
1,0,1,1,29,0,0,0.0151515151515152,66
1,0,1,1,29,0,0,0,13
1,0,1,1,29,0,0,0,22
1,0,1,1,29,0,0,0,242
1,0,1,1,29,0,0,0,149
1,0,1,1,29,0,0,0,66
2,0,2,1,29,0,0,0.00704225352112676,142
1,0,1,1,29,0,0,0,143
2,0,2,1,29,0,0,0,212
2,0,2,1,29,0,0,0,120
1,0,1,1,29,0,0,0,44
2,0,2,1,29,0,0,0.00757575757575758,132
2,0,2,1,29,0,0,0,118
2,0,2,1,29,0,0,0,22
1,0,1,1,29,0,0,0.0222222222222222,45
1,0,1,1,29,0,0,0,13
1,0,1,1,29,0,0,0,24
2,0,2,1,29,0,0,0,12
1,0,1,1,29,0,0,0.0196078431372549,51
1,0,1,1,29,0,0,0,13
1,0,1,1,29,0,0,0,10
3,0,3,1,29,0,0,0,22
2,0,2,1,29,0,0,0,11
1,0,1,1,29,0,0,0.0217391304347826,46
1,0,1,1,29,0,0,0,15
2,0,2,1,29,0,0,0,9
1,0,1,1,29,0,0,0,27
1,0,1,1,29,0,0,0,10
1,0,1,1,29,0,0,0.0196078431372549,51
1,0,1,1,29,0,0,0,12
1,0,1,1,29,0,0,0,10
1,0,1,1,29,0,0,0,29
1,0,1,1,29,0,0,0,12
1,0,1,1,29,0,0,0.0222222222222222,45
1,0,1,1,29,0,0,0,13
1,0,1,1,29,0,0,0,12
2,0,2,1,29,0,0,0.0101010101010101,99
3,0,3,1,29,0,0,0,29
2,0,2,1,29,0,0,0,30
2,0,2,1,29,0,0,0,18
1,0,1,1,29,0,0,0,16
2,0,2,1,29,0,0,0.00925925925925926,108
1,0,1,1,29,0,0,0,26
1,0,1,1,29,0,0,0,35
1,0,1,1,29,0,0,0,18
1,0,1,1,29,0,0,0.0128205128205128,78
1,0,1,1,29,0,0,0,30
2,0,2,1,29,0,0,0,22
1,0,1,1,29,0,0,0,18
1,0,1,1,29,0,0,0.0256410256410256,39
2,0,2,1,29,0,0,0,24
1,0,1,1,29,0,0,0,16
1,0,1,1,29,0,0,0,10
1,0,1,1,29,0,0,0.027027027027027,37
3,0,3,1,29,0,0,0,21
1,0,1,1,29,0,0,0,12
1,0,1,1,29,0,0,0.0227272727272727,44
3,0,3,1,29,0,0,0,23
1,0,1,1,29,0,0,0,12
1,0,1,1,29,0,0,0,12
1,0,1,1,29,0,0,0.0238095238095238,42
1,0,1,1,29,0,0,0,24
1,0,1,1,29,0,0,0,11
1,0,1,1,29,0,0,0,11
29,16,13,3,16,2,0,0.027027027027027,37
1,0,1,1,29,0,0,0,17
1,0,1,1,29,0,0,0,19
1,0,1,1,29,0,0,0,34
1,0,1,1,29,0,0,0,48
1,0,1,1,29,0,0,0,32
2,0,2,1,29,0,0,0,35
1,0,1,1,29,0,0,0,39
2,0,2,1,29,0,0,0.002,500
1,0,1,1,29,0,0,0,33
1,0,1,1,29,0,0,0,30
1,0,1,1,29,0,0,0,48
3,1,2,1,29,0,0,0,31
1,0,1,1,29,0,0,0,41
1,0,1,1,29,0,0,0,30
1,0,1,1,29,0,0,0,65
1,0,1,1,29,0,0,0,43
1,0,1,1,29,0,0,0,32
1,0,1,1,29,0,0,0,29
1,0,1,1,29,0,0,0,34
1,0,1,1,29,0,0,0,49
2,0,2,1,29,0,0,0,36
1,0,1,1,29,0,0,0,61
4,1,3,1,29,0,0,0,41
1,0,1,1,29,0,0,0,57
1,0,1,1,29,0,0,0,16
1,0,1,1,29,0,0,0,76
6,2,4,1,29,0,0,0,30
2,0,2,1,29,0,0,0,83
1,0,1,1,29,0,0,0,62
2,0,2,1,29,0,0,0.0123456790123457,81
1,0,1,1,29,0,0,0,76
2,0,2,1,29,0,0,0,76
8,2,6,2,0,1,0,0.0135135135135135,74
2,0,2,1,29,0,0,0,62
1,0,1,1,29,0,0,0,66
2,0,2,1,29,0,0,0,57
2,0,2,1,29,0,0,0,33
2,0,2,1,29,0,0,0,29
1,0,1,1,29,0,0,0,30
1,0,1,1,29,0,0,0.02,50
1,0,1,1,29,0,0,0,46
2,0,2,1,29,0,0,0.0013986013986014,715
1,0,1,1,29,0,0,0,62
1,0,1,1,29,0,0,0,57
7,3,4,2,12,1,0,0,88
1,0,1,1,29,0,0,0,20
1,0,1,1,29,0,0,0,71
1,0,1,1,29,0,0,0,20
3,1,2,1,29,0,0,0,56
4,1,3,1,29,0,0,0,31
2,0,2,1,29,0,0,0,46
5,1,4,1,29,0,0,0,125
1,0,1,1,29,0,0,0,70
1,0,1,1,29,0,0,0.00806451612903226,124
2,0,2,1,29,0,0,0,31
1,1,0,1,29,0,0,0,10
1,0,1,1,29,0,0,0,69
1,0,1,1,29,0,0,0,35
10,4,6,2,12,1,0,0,104
2,0,2,1,29,0,0,0,33
3,1,2,1,29,0,0,0,65
3,2,1,1,29,0,0,0,40
2,0,2,1,29,0,0,0,46
1,1,0,1,29,0,0,0.0232558139534884,43
6,3,3,2,12,1,0,0,100
3,1,2,1,29,0,0,0,77
3,1,2,1,29,0,0,0,36
1,0,1,1,29,0,0,0.0163934426229508,61
1,0,1,1,29,0,0,0,30
2,0,2,1,29,0,0,0,59
4,1,3,1,29,0,0,0,85
1,1,0,1,29,0,0,0,11
3,1,2,1,29,0,0,0,50
5,1,4,1,29,0,0,0,69
2,0,2,1,29,0,0,0,36
1,0,1,1,29,0,0,0,32
3,1,2,1,29,0,0,0,49
2,0,2,1,29,0,0,0,17
2,1,1,1,29,0,0,0,34
1,1,0,1,29,0,0,0,10
1,1,0,1,29,0,0,0,10
1,0,1,1,29,0,0,0.0238095238095238,42
1,0,1,1,29,0,0,0,11
3,1,2,1,29,0,0,0,13
1,0,1,1,29,0,0,0,11
1,0,1,1,29,0,0,0,18
9,4,5,1,29,0,0,0,39
2,0,2,1,29,0,0,0.00813008130081301,123
1,0,1,1,29,0,0,0,36
2,0,2,1,29,0,0,0,174
6,2,4,1,29,0,0,0,140
1,0,1,1,29,0,0,0,21
2,0,2,1,29,0,0,0,121
2,0,2,1,29,0,0,0,85
2,0,2,1,29,0,0,0,85
2,0,2,1,29,0,0,0,85
2,0,2,1,29,0,0,0,85
63,32,31,3,16,2,0,0.0229885057471264,174
2,0,2,1,29,0,0,0.0103092783505155,97
1,0,1,1,29,0,0,0,85
1,0,1,1,29,0,0,0,69
1,0,1,1,29,0,0,0,40
3,1,2,1,29,0,0,0,24
4,1,3,1,29,0,0,0,24
3,1,2,1,29,0,0,0,27
3,1,2,1,29,0,0,0,13
1,0,1,1,29,0,0,0,32
1,0,1,1,29,0,0,0,17
1,0,1,1,29,0,0,0,17
1,0,1,1,29,0,0,0,17
3,1,2,1,29,0,0,0,24
4,1,3,1,29,0,0,0,24
63,31,32,3,16,2,0,0.0394736842105263,76
34,13,21,1,29,0,0,0,47
3,1,2,1,29,0,0,0,24
5,2,3,1,29,0,0,0,34
15,4,11,1,29,0,0,0.0151515151515152,66
14,6,8,1,29,0,0,0,43
1,0,1,1,29,0,0,0.0161290322580645,62
1,0,1,1,29,0,0,0,53
1,0,1,1,29,0,0,0,10
1,0,1,1,29,0,0,0,33
1,0,1,1,29,0,0,0,41
1,0,1,1,29,0,0,0,10
1,0,1,1,29,0,0,0,23
3,2,1,1,29,0,0,0,11
13,6,7,2,12,1,0,0,69
1,0,1,1,29,0,0,0,21
9,4,5,1,29,0,0,0.0238095238095238,42
1,0,1,1,29,0,0,0,42
9,4,5,1,29,0,0,0,26
5,2,3,1,29,0,0,0,7
5,2,3,1,29,0,0,0,7
5,2,3,1,29,0,0,0,7
5,2,3,1,29,0,0,0.0434782608695652,23
18,8,10,1,29,0,0,0,33
5,2,3,1,29,0,0,0,7
5,2,3,1,29,0,0,0,7
5,2,3,1,29,0,0,0,7
1,0,1,1,29,0,0,0.0508474576271186,59
1,0,1,1,29,0,0,0.027027027027027,37
1,0,1,1,29,0,0,0.00326797385620915,306
3,1,2,1,29,0,0,0.05,60
1,0,1,1,29,0,0,0.0263157894736842,38
2,0,2,1,29,0,0,0,32
1,0,1,1,29,0,0,0,34
7,3,4,1,29,0,0,0,26
5,1,4,1,29,0,0,0,43
1,0,1,1,29,0,0,0,33
2,0,2,1,29,0,0,0,27
1,0,1,1,29,0,0,0,41
1,0,1,1,29,0,0,0,10
1,0,1,1,29,0,0,0,72
1,0,1,1,29,0,0,0,61
2,0,2,1,29,0,0,0,31
1,0,1,1,29,0,0,0,16
1,0,1,1,29,0,0,0,25
1,0,1,1,29,0,0,0,34
1,0,1,1,29,0,0,0,17
1,0,1,1,29,0,0,0,23
1,0,1,1,29,0,0,0,23
1,1,0,1,29,0,0,0,7
1,0,1,1,29,0,0,0,84
3,0,3,1,29,0,0,0,41
2,0,2,1,29,0,0,0,27
1,0,1,1,29,0,0,0,41
2,0,2,1,29,0,0,0,27
1,0,1,1,29,0,0,0,13
1,0,1,1,29,0,0,0,23
3,0,3,1,29,0,0,0,39
2,0,2,1,29,0,0,0,46
1,0,1,1,29,0,0,0,56
1,0,1,1,29,0,0,0,50
1,0,1,1,29,0,0,0,53
1,0,1,1,29,0,0,0.00826446280991736,121
1,1,0,1,29,0,0,0,12
1,0,1,1,29,0,0,0.0508474576271186,59
1,0,1,1,29,0,0,0.0263157894736842,38
11,6,5,2,0,1,0,0.00291545189504373,343
1,0,1,1,29,0,0,0.05,60
1,0,1,1,29,0,0,0.027027027027027,37
2,0,2,1,29,0,0,0,32
1,0,1,1,29,0,0,0,34
5,2,3,1,29,0,0,0,26
5,1,4,1,29,0,0,0,43
1,0,1,1,29,0,0,0,33
1,0,1,1,29,0,0,0,32
1,0,1,1,29,0,0,0,41
1,0,1,1,29,0,0,0,10
1,0,1,1,29,0,0,0,72
1,0,1,1,29,0,0,0,61
2,0,2,1,29,0,0,0,31
1,0,1,1,29,0,0,0,16
1,0,1,1,29,0,0,0,25
1,0,1,1,29,0,0,0,34
1,0,1,1,29,0,0,0,17
1,0,1,1,29,0,0,0,23
1,0,1,1,29,0,0,0,28
1,1,0,1,29,0,0,0,7
1,0,1,1,29,0,0,0,84
3,0,3,1,29,0,0,0,41
1,0,1,1,29,0,0,0,28
1,0,1,1,29,0,0,0,41
1,0,1,1,29,0,0,0,32
1,0,1,1,29,0,0,0,13
1,0,1,1,29,0,0,0,23
3,0,3,1,29,0,0,0,39
1,1,0,1,29,0,0,0,12
1,0,1,1,29,0,0,0,82
1,0,1,1,29,0,0,0,71
1,0,1,1,29,0,0,0.0175438596491228,57
3,1,2,1,29,0,0,0,146
6,3,3,2,0,1,0,0.0161290322580645,62
2,0,2,1,29,0,0,0.00854700854700855,117
3,0,3,1,29,0,0,0,95
1,0,1,1,29,0,0,0,97
1,0,1,1,29,0,0,0,71
2,0,2,1,29,0,0,0,74
1,0,1,1,29,0,0,0,75
5,2,3,1,29,0,0,0.0227272727272727,44
4,1,3,1,29,0,0,0,68
5,2,3,1,29,0,0,0,30
15,7,8,1,29,0,0,0,55
9,4,5,1,29,0,0,0,71
7,3,4,1,29,0,0,0,69
5,2,3,1,29,0,0,0,63
5,2,3,1,29,0,0,0,23
9,4,5,1,29,0,0,0,27
5,2,3,1,29,0,0,0,47
3,1,2,1,29,0,0,0.0123456790123457,81
5,2,3,1,29,0,0,0,24
2,0,2,1,29,0,0,0,64
13,6,7,1,29,0,0,0,69
9,4,5,1,29,0,0,0,26
7,3,4,1,29,0,0,0,37
5,2,3,1,29,0,0,0,31
1,0,1,1,29,0,0,0,38
1,0,1,1,29,0,0,0,15
1,0,1,1,29,0,0,0.0434782608695652,23
1,0,1,1,29,0,0,0.0476190476190476,21
1,0,1,1,29,0,0,0,38
1,0,1,1,29,0,0,0,68
2,0,2,1,29,0,0,0,15
1,0,1,1,29,0,0,0,51
1,0,1,1,29,0,0,0,66
2,0,2,1,29,0,0,0,15
2,0,2,1,29,0,0,0,12
6,0,6,1,29,0,0,0,51
2,0,2,1,29,0,0,0,35
1,0,1,1,29,0,0,0.0194805194805195,154
1,0,1,1,29,0,0,0,33
2,0,2,1,29,0,0,0,71
1,0,1,1,29,0,0,0,75
1,0,1,1,29,0,0,0,56
3,1,2,1,29,0,0,0,30
12,5,7,1,29,0,0,0.0123456790123457,81
1,0,1,1,29,0,0,0,57
1,0,1,1,29,0,0,0,40
3,1,2,1,29,0,0,0,17
3,1,2,1,29,0,0,0,20
3,1,2,1,29,0,0,0,26
5,2,3,1,29,0,0,0,35
11,5,6,1,29,0,0,0,42
33,28,5,2,0,1,0,0.00161550888529887,619
5,2,3,1,29,0,0,0.0256410256410256,39
1,0,1,1,29,0,0,0,43
1,0,1,1,29,0,0,0,47
1,0,1,1,29,0,0,0,41
1,0,1,1,29,0,0,0,81
1,0,1,1,29,0,0,0,48
1,0,1,1,29,0,0,0,53
3,1,2,1,29,0,0,0,40
5,2,3,1,29,0,0,0,30
6,2,4,1,29,0,0,0,37
3,1,2,1,29,0,0,0,57
2,0,2,1,29,0,0,0,45
1,0,1,1,29,0,0,0,10
2,0,2,1,29,0,0,0,31
1,0,1,1,29,0,0,0,24
2,0,2,1,29,0,0,0.00595238095238095,168
4,1,3,1,29,0,0,0,31
1,0,1,1,29,0,0,0,50
1,0,1,1,29,0,0,0,49
2,0,2,1,29,0,0,0,45
1,0,1,1,29,0,0,0.0181818181818182,55
3,0,3,1,29,0,0,0,39
4,1,3,1,29,0,0,0,104
3,1,2,1,29,0,0,0,39
7,3,4,1,29,0,0,0,40
3,1,2,1,29,0,0,0,92
3,1,2,1,29,0,0,0,47
3,1,2,1,29,0,0,0,66
5,2,3,1,29,0,0,0,65
2,0,2,1,29,0,0,0,31
3,1,2,1,29,0,0,0,37
3,1,2,1,29,0,0,0,47
3,1,2,1,29,0,0,0,19
1,0,1,1,29,0,0,0,30
3,1,2,1,29,0,0,0.03125,32
2,0,2,1,29,0,0,0.00364963503649635,274
3,1,2,1,29,0,0,0,55
3,1,2,1,29,0,0,0,48
3,1,2,1,29,0,0,0,79
9,4,5,1,29,0,0,0,37
1,0,1,1,29,0,0,0,46
3,1,2,1,29,0,0,0,19
1,0,1,1,29,0,0,0,21
3,1,2,1,29,0,0,0,9
1,0,1,1,29,0,0,0,28
1,0,1,1,29,0,0,0,35
1,0,1,1,29,0,0,0,51
1,0,1,1,29,0,0,0,32
2,0,2,1,29,0,0,0.0135135135135135,74
1,0,1,1,29,0,0,0,34
2,0,2,1,29,0,0,0,41
1,0,1,1,29,0,0,0,21
1,0,1,1,29,0,0,0,12
4,1,3,1,29,0,0,0,51
1,0,1,1,29,0,0,0,12
1,0,1,1,29,0,0,0,10
1,0,1,1,29,0,0,0,12
1,0,1,1,29,0,0,0,18
1,0,1,1,29,0,0,0,31
1,0,1,1,29,0,0,0,43
1,0,1,1,29,0,0,0,32
2,0,2,1,29,0,0,0.0151515151515152,66
1,0,1,1,29,0,0,0,30
3,2,1,1,29,0,0,0,12
3,1,2,1,29,0,0,0,32
3,1,2,1,29,0,0,0.0526315789473684,19
3,1,2,1,29,0,0,0,14
3,1,2,1,29,0,0,0,35
3,1,2,1,29,0,0,0,23
3,1,2,1,29,0,0,0,37
3,1,2,1,29,0,0,0,25
8,3,5,1,29,0,0,0,98
3,1,2,1,29,0,0,0,29
1,0,1,1,29,0,0,0,39
1,0,1,1,29,0,0,0,32
2,0,2,1,29,0,0,0.00454545454545455,220
1,0,1,1,29,0,0,0,33
14,6,8,1,29,0,0,0,24
25,11,14,1,29,0,0,0,43
6,2,4,1,29,0,0,0.0149253731343284,67
18,8,10,1,29,0,0,0,46
24,11,13,1,29,0,0,0,38
3,0,3,1,29,0,0,0,85
1,0,1,1,29,0,0,0,62
1,0,1,1,29,0,0,0.00598802395209581,167
3,0,3,1,29,0,0,0,25
1,0,1,1,29,0,0,0,47
2,0,2,1,29,0,0,0,26
1,0,1,1,29,0,0,0,14
1,0,1,1,29,0,0,0,18
1,0,1,1,29,0,0,0,79
17,7,10,3,0,2,1,0.00598802395209581,167
9,3,6,2,0,1,0,0.0163934426229508,61
2,0,2,1,29,0,0,0,80
1,0,1,1,29,0,0,0,78
12,4,8,3,0,2,0,0.012987012987013,77
1,0,1,1,29,0,0,0,47
2,0,2,1,29,0,0,0,48
16,6,10,3,0,2,1,0.00617283950617284,162
1,0,1,1,29,0,0,0,60
1,0,1,1,29,0,0,0,60
10,5,5,2,0,1,0,0.00526315789473684,190
1,0,1,1,29,0,0,0,45
1,0,1,1,29,0,0,0,28
3,1,2,1,29,0,0,0,34
5,2,3,1,29,0,0,0,28
3,1,2,1,29,0,0,0,64
1,0,1,1,29,0,0,0,49
1,0,1,1,29,0,0,0,34
5,2,3,1,29,0,0,0,22
3,1,2,1,29,0,0,0,23
2,0,2,1,29,0,0,0,24
4,1,3,1,29,0,0,0,84
3,0,3,1,29,0,0,0,77
1,0,1,1,29,0,0,0,58
2,0,2,1,29,0,0,0,48
7,2,5,1,29,0,0,0,48
1,0,1,1,29,0,0,0,36
1,0,1,1,29,0,0,0,50
1,0,1,1,29,0,0,0,28
1,0,1,1,29,0,0,0,44
1,0,1,1,29,0,0,0,62
3,1,2,1,29,0,0,0,59
2,0,2,1,29,0,0,0.0222222222222222,45
45,20,25,2,7,1,0,0.00129533678756477,772
1,0,1,1,29,0,0,0,31
3,1,2,1,29,0,0,0,30
3,1,2,1,29,0,0,0,32
1,0,1,1,29,0,0,0,73
1,0,1,1,29,0,0,0,45
2,0,2,1,29,0,0,0,89
3,1,2,1,29,0,0,0,51
1,0,1,1,29,0,0,0,26
7,3,4,1,29,0,0,0,33
2,0,2,1,29,0,0,0,49
10,4,6,1,29,0,0,0,121
1,0,1,1,29,0,0,0,31
1,0,1,1,29,0,0,0,36
3,1,2,1,29,0,0,0,15
7,3,4,1,29,0,0,0,18
23,11,12,1,29,0,0,0,42
8,3,5,1,29,0,0,0,64
6,2,4,1,29,0,0,0,48
10,4,6,1,29,0,0,0,56
9,4,5,1,29,0,0,0,100
1,0,1,1,29,0,0,0,33
5,2,3,1,29,0,0,0.0163934426229508,61
4,0,4,1,29,0,0,0.02,50
22,20,2,2,13,1,0,0.00275482093663912,363
1,0,1,1,29,0,0,0,67
1,0,1,1,29,0,0,0,50
7,3,4,1,29,0,0,0,49
20,16,4,2,13,1,0,0,58
1,0,1,1,29,0,0,0,32
1,0,1,1,29,0,0,0,39
11,5,6,1,29,0,0,0,60
25,12,13,1,29,0,0,0,112
11,5,6,1,29,0,0,0,38
1,0,1,1,29,0,0,0,67
5,0,5,1,29,0,0,0,8
10,4,6,2,0,1,0,0.0144927536231884,69
5,0,5,1,29,0,0,0,6
1,0,1,1,29,0,0,0,61
3,0,3,1,29,0,0,0,43
1,0,1,1,29,0,0,0,70
4,1,3,1,29,0,0,0,103
3,1,2,1,29,0,0,0,123
6,2,4,1,29,0,0,0,77
2,0,2,1,29,0,0,0,62
4,1,3,1,29,0,0,0,73
4,1,3,1,29,0,0,0,69
6,3,3,2,0,1,0,0.004739336492891,211
3,1,2,1,29,0,0,0,75
2,0,2,1,29,0,0,0,92
3,1,2,1,29,0,0,0,96
3,1,2,1,29,0,0,0,125
2,0,2,1,29,0,0,0,66
5,1,4,1,29,0,0,0,71
3,1,2,1,29,0,0,0,44
6,2,4,1,29,0,0,0,64
2,0,2,1,29,0,0,0.0175438596491228,57
3,1,2,1,29,0,0,0,44
3,1,2,1,29,0,0,0,54
11,2,9,1,29,0,0,0,61
1,0,1,1,29,0,0,0,33
1,0,1,1,29,0,0,0,43
1,0,1,1,29,0,0,0,12
45,22,23,3,16,2,0,0.0315789473684211,95
2,0,2,1,29,0,0,0,33
2,0,2,1,29,0,0,0,65
2,0,2,1,29,0,0,0,40
1,0,1,1,29,0,0,0.0267857142857143,112
2,0,2,1,29,0,0,0.00584795321637427,171
5,2,3,1,29,0,0,0,32
2,0,2,1,29,0,0,0,48
1,0,1,1,29,0,0,0,33
1,0,1,1,29,0,0,0.0227272727272727,44
1,0,1,1,29,0,0,0,32
2,0,2,1,29,0,0,0,70
3,1,2,1,29,0,0,0,27
3,1,2,1,29,0,0,0,34
1,0,1,1,29,0,0,0,32
33,28,5,2,0,1,0,0.00210084033613445,476
5,1,4,1,29,0,0,0,66
3,1,2,1,29,0,0,0.0196078431372549,51
1,0,1,1,29,0,0,0,29
1,0,1,1,29,0,0,0,72
1,0,1,1,29,0,0,0,40
11,5,6,1,29,0,0,0,59
3,1,2,1,29,0,0,0,45
2,0,2,1,29,0,0,0,48
1,0,1,1,29,0,0,0,37
9,4,5,1,29,0,0,0,54
1,0,1,1,29,0,0,0,42
1,0,1,1,29,0,0,0,36
1,0,1,1,29,0,0,0,61
4,1,3,1,29,0,0,0,56
1,0,1,1,29,0,0,0,32
2,0,2,1,29,0,0,0,66
2,0,2,1,29,0,0,0,62
1,0,1,1,29,0,0,0,33
1,0,1,1,29,0,0,0,34
14,13,1,2,13,1,0,0,61
1,0,1,1,29,0,0,0,72
1,0,1,1,29,0,0,0,48
1,1,0,1,29,0,0,0,53
1,0,1,1,29,0,0,0,21
40,20,20,3,16,2,0,0.0303030303030303,33
27,25,2,2,13,1,0,0.0024390243902439,410
7,3,4,1,29,0,0,0,34
6,2,4,1,29,0,0,0,37
1,0,1,1,29,0,0,0,20
2,0,2,1,29,0,0,0,19
1,0,1,1,29,0,0,0,45
1,0,1,1,29,0,0,0,48
1,0,1,1,29,0,0,0,32
1,0,1,1,29,0,0,0,33
1,1,0,1,29,0,0,0,63
1,0,1,1,29,0,0,0,20
1,0,1,1,29,0,0,0,16
1,0,1,1,29,0,0,0,45
13,6,7,1,29,0,0,0,36
1,0,1,1,29,0,0,0,33
1,0,1,1,29,0,0,0.0178571428571429,56
23,11,12,1,29,0,0,0,41
1,0,1,1,29,0,0,0,60
1,0,1,1,29,0,0,0,64
1,0,1,1,29,0,0,0,32
29,15,14,3,16,2,0,0.0652173913043478,46
1,0,1,1,29,0,0,0,38
2,0,2,1,29,0,0,0,64
2,0,2,1,29,0,0,0,37
10,4,6,1,29,0,0,0.00961538461538462,104
1,0,1,1,29,0,0,0.025,40
3,1,2,1,29,0,0,0,47
1,0,1,1,29,0,0,0,54
3,1,2,1,29,0,0,0,21
3,1,2,1,29,0,0,0,46
5,1,4,1,29,0,0,0,42
1,0,1,1,29,0,0,0,13
4,1,3,1,29,0,0,0,53
3,1,2,1,29,0,0,0,41
5,1,4,1,29,0,0,0,21
3,1,2,1,29,0,0,0,17
1,0,1,1,29,0,0,0,19
1,0,1,1,29,0,0,0,17
2,0,2,1,29,0,0,0,22
2,0,2,1,29,0,0,0,16
1,0,1,1,29,0,0,0.0222222222222222,45
4,1,3,1,29,0,0,0,37
3,2,1,1,29,0,0,0,9
6,2,4,2,7,1,0,0.0285714285714286,35
4,1,3,1,29,0,0,0,14
1,0,1,1,29,0,0,0,72
1,0,1,1,29,0,0,0,51
5,2,3,1,29,0,0,0,24
18,8,10,1,29,0,0,0,83
1,0,1,1,29,0,0,0,36
1,0,1,1,29,0,0,0,65
1,0,1,1,29,0,0,0,30
1,0,1,1,29,0,0,0,46
1,0,1,1,29,0,0,0,26
1,0,1,1,29,0,0,0,65
11,8,3,2,0,1,0,0.00231481481481481,432
1,0,1,1,29,0,0,0,79
1,0,1,1,29,0,0,0,12
1,0,1,1,29,0,0,0,48
7,0,7,1,29,0,0,0,45
1,0,1,1,29,0,0,0.0227272727272727,44
5,2,3,1,29,0,0,0.0285714285714286,35
7,3,4,1,29,0,0,0,20
9,4,5,1,29,0,0,0,43
1,0,1,1,29,0,0,0.010752688172043,93
1,0,1,1,29,0,0,0,94
1,0,1,1,29,0,0,0,55
1,0,1,1,29,0,0,0,68
1,0,1,1,29,0,0,0,79
1,0,1,1,29,0,0,0,61
3,1,2,1,29,0,0,0,21
7,3,4,1,29,0,0,0,54
1,0,1,1,29,0,0,0,89
1,0,1,1,29,0,0,0,39
1,0,1,1,29,0,0,0,56
4,1,3,1,29,0,0,0.00515463917525773,194
5,2,3,1,29,0,0,0,23
5,2,3,1,29,0,0,0,70
3,1,2,1,29,0,0,0,76
3,2,1,1,29,0,0,0,11
3,1,2,1,29,0,0,0,53
3,2,1,1,29,0,0,0,27
3,1,2,1,29,0,0,0,10
11,4,7,2,4,1,1,0.00206185567010309,485
3,1,2,1,29,0,0,0.0869565217391304,23
3,1,2,1,29,0,0,0,34
3,2,1,1,29,0,0,0,18
3,1,2,1,29,0,0,0.0909090909090909,22
3,1,2,1,29,0,0,0,20
3,1,2,1,29,0,0,0,32
3,1,2,1,29,0,0,0,12
3,1,2,1,29,0,0,0,20
6,2,4,2,4,1,1,0,53
1,1,0,1,29,0,0,0,27
4,1,3,1,29,0,0,0,60
1,0,1,1,29,0,0,0.0232558139534884,43
3,1,2,1,29,0,0,0,64
4,1,3,1,29,0,0,0,62
4,1,3,1,29,0,0,0,56
6,2,4,2,7,1,0,0.0114942528735632,87
4,1,3,1,29,0,0,0,50
1,0,1,1,29,0,0,0,36
3,1,2,1,29,0,0,0,14
1,0,1,1,29,0,0,0,19
1,0,1,1,29,0,0,0,19
5,1,4,1,29,0,0,0.0114942528735632,87
2,0,2,1,29,0,0,0,77
1,1,0,1,29,0,0,0,40
6,2,4,1,29,0,0,0,76
2,1,1,1,29,0,0,0,34
1,0,1,1,29,0,0,0,41
1,1,0,1,29,0,0,0,33
1,0,1,1,29,0,0,0,41
3,1,2,1,29,0,0,0.00970873786407767,103
5,2,3,1,29,0,0,0,14
8,3,5,1,29,0,0,0,27
5,2,3,1,29,0,0,0,52
3,1,2,1,29,0,0,0,19
11,5,6,1,29,0,0,0,31
10,4,6,2,4,1,1,0,55
3,1,2,1,29,0,0,0,24
5,2,3,1,29,0,0,0,49
5,2,3,1,29,0,0,0.0303030303030303,33
2,0,2,1,29,0,0,0,46
1,0,1,1,29,0,0,0,78
2,0,2,1,29,0,0,0,20
18,8,10,2,12,1,0,0,145
1,0,1,1,29,0,0,0.0333333333333333,30
0,0,0,1,15,1,0,0,0
2,1,1,2,15,2,0,0,0
0,0,0,1,15,1,0,0,0
0,0,0,1,15,1,0,0,0
6,2,4,1,29,0,0,0,23
2,0,2,1,29,0,0,0,52
2,0,2,1,29,0,0,0,65
5,2,3,1,29,0,0,0.0344827586206897,29
2,0,2,1,29,0,0,0.0163934426229508,61
1,0,1,1,29,0,0,0.0151515151515152,66
3,1,2,1,29,0,0,0,33
1,0,1,1,29,0,0,0.0151515151515152,66
4,1,3,1,29,0,0,0,37
2,0,2,1,29,0,0,0,64
2,0,2,1,29,0,0,0,81
1,0,1,1,29,0,0,0.0113636363636364,88
2,0,2,1,29,0,0,0,74
3,1,2,1,29,0,0,0,18
1,0,1,1,29,0,0,0,33
1,0,1,1,29,0,0,0.00144927536231884,690
1,0,1,1,29,0,0,0.00204498977505112,489
1,0,1,1,29,0,0,0.00420168067226891,238
1,0,1,1,29,0,0,0.00185185185185185,540
1,0,1,1,29,0,0,0.00333333333333333,300
4,1,3,2,0,1,0,0.00704225352112676,142
3,0,3,1,29,0,0,0.00943396226415094,106
1,1,0,1,29,0,0,0,38
1,0,1,1,29,0,0,0,38
1,0,1,1,29,0,0,0,38
3,2,1,1,29,0,0,0,11
3,2,1,1,29,0,0,0,11
1,0,1,1,29,0,0,0,38
3,2,1,1,29,0,0,0,27
1,1,0,1,29,0,0,0,31
1,1,0,1,29,0,0,0,12
3,1,2,1,29,0,0,0,33
1,1,0,1,29,0,0,0,12
1,0,1,1,29,0,0,0,24
3,2,1,1,29,0,0,0,27
1,1,0,1,29,0,0,0,36
2,0,2,1,29,0,0,0.012987012987013,77
8,4,4,2,0,1,0,0.0227272727272727,44
1,0,1,1,29,0,0,0,56
3,1,2,1,29,0,0,0,46
1,1,0,1,29,0,0,0,16
3,1,2,1,29,0,0,0,44
7,3,4,1,29,0,0,0,29
139,77,62,2,0,1,0,0,57
9,4,5,1,29,0,0,0,46
3,2,1,1,29,0,0,0,39
3,2,1,1,29,0,0,0,38
7,3,4,1,29,0,0,0,54
3,2,1,1,29,0,0,0,11
3,2,1,1,29,0,0,0,39
1,1,0,1,29,0,0,0,27
51,34,17,2,0,1,0,0,51
1,1,0,1,29,0,0,0,18
76,42,34,2,2,1,0,0,117
82,46,36,2,2,1,0,0,75
70,44,26,2,0,1,0,0,123
1,0,1,1,29,0,0,0,61
61,40,21,2,0,1,0,0,119
1,1,0,1,29,0,0,0,45
1,0,1,1,29,0,0,0,33
1,0,1,1,29,0,0,0,47
60,38,22,2,0,1,0,0,116
70,43,27,2,0,1,0,0,119
1,0,1,1,29,0,0,0,46
3,1,2,1,29,0,0,0,77
4,1,3,1,29,0,0,0,76
3,2,1,1,29,0,0,0,32
181,105,76,2,0,1,0,0.0142857142857143,70
165,96,69,2,0,1,0,0.0158730158730159,63
49,34,15,2,2,1,0,0.02,50
166,95,71,2,0,1,0,0.0153846153846154,65
49,34,15,2,2,1,0,0.02,50
3,0,3,1,29,0,0,0,68
2,0,2,1,29,0,0,0.00434782608695652,230
5,2,3,1,29,0,0,0,129
60,39,21,2,0,1,0,0,140
33,12,21,2,0,1,0,0,78
1,1,0,1,29,0,0,0,30
1,1,0,1,29,0,0,0,30
5,2,3,1,29,0,0,0,120
5,2,3,1,29,0,0,0,116
1,1,0,1,29,0,0,0,54
3,1,2,1,29,0,0,0,53
96,45,51,2,0,1,0,0,362
1,0,1,1,29,0,0,0,39
89,57,32,2,0,1,0,0,76
234,112,122,2,0,1,0,0,294
20,3,17,2,0,1,0,0,48
19,3,16,2,0,1,0,0,48
19,3,16,2,0,1,0,0,48
19,3,16,2,0,1,0,0,48
22,7,15,2,0,1,0,0,63
292,146,146,2,0,1,0,0,563
5,1,4,1,29,0,0,0,154
5,1,4,1,29,0,0,0,116
5,1,4,1,29,0,0,0,77
1,1,0,1,29,0,0,0,121
3,1,2,1,29,0,0,0,104
39,22,17,3,2,2,1,0,76
79,38,41,5,2,4,1,0.0072992700729927,137
48,36,12,2,2,1,0,0.00305810397553517,327
131,40,91,7,16,6,0,0,0
9,4,5,5,16,4,0,0,0
0,0,0,2,23,2,0,0,35
0,0,0,2,23,2,0,0,36
11,7,4,3,5,3,0,0,700
53,26,27,6,2,6,0,0.0246913580246914,81
0,0,0,2,23,2,0,0,46
0,0,0,2,23,2,0,0,42
56,38,18,2,0,1,0,0,266
75,28,47,2,0,1,0,0,507
5,2,3,1,29,0,0,0,72
1,0,1,1,29,0,0,0,136
1,0,1,1,29,0,0,0,144
1,0,1,1,29,0,0,0,74
1,1,0,1,29,0,0,0,82
1,0,1,1,29,0,0,0,129
2,0,2,1,29,0,0,0,45
76,44,32,3,0,2,1,0,283
1,0,1,1,29,0,0,0,58
1,0,1,1,29,0,0,0,51
1,0,1,1,29,0,0,0,48
7,3,4,1,29,0,0,0,45
165,92,73,2,0,1,0,0,67
7,3,4,1,29,0,0,0,36
163,91,72,2,0,1,0,0,66
7,3,4,1,29,0,0,0,45
165,92,73,2,0,1,0,0,67
3,2,1,1,29,0,0,0,35
7,3,4,1,29,0,0,0,47
304,164,140,2,0,1,0,0,134
1,1,0,1,29,0,0,0,34
62,44,18,2,0,1,0,0,245
1,1,0,1,29,0,0,0,28
1,1,0,1,29,0,0,0,34
1,1,0,1,29,0,0,0,28
1,0,1,1,29,0,0,0,54
1,0,1,1,29,0,0,0,23
3,2,1,1,29,0,0,0,70
1,0,1,1,29,0,0,0,79
7,3,4,1,29,0,0,0,36
38,14,24,2,0,1,0,0.0185185185185185,54
802,415,387,2,0,1,0,0,381
37,22,15,3,1,2,1,0.0065359477124183,153
2,0,2,1,29,0,0,0.0144927536231884,69
0,0,0,1,7,1,0,0,57
0,0,0,1,7,1,0,0,74
0,0,0,1,7,1,0,0,60
29,11,18,7,16,6,0,0,0
5,5,0,2,0,2,0,0.01,100
8,8,0,2,0,2,0,0.028169014084507,71
0,0,0,1,7,1,0,0.0121951219512195,82
30,12,18,2,0,2,0,0.016260162601626,123
100,65,35,2,0,1,0,0.00257731958762887,388
9,4,5,1,29,0,0,0,57
1,1,0,1,29,0,0,0,28
1,0,1,1,29,0,0,0,69
1,0,1,1,29,0,0,0,43
254,134,120,2,0,1,0,0,113
7,3,4,1,29,0,0,0,29
9,4,5,1,29,0,0,0,25
3,2,1,1,29,0,0,0,46
3,2,1,1,29,0,0,0,64
166,92,74,2,0,1,0,0,69
3,2,1,1,29,0,0,0,37
3,2,1,1,29,0,0,0,26
3,2,1,1,29,0,0,0,28
1,1,0,1,29,0,0,0,72
58,38,20,2,0,1,0,0,126
1,0,1,1,29,0,0,0,53
143,83,60,5,0,4,1,0.00719424460431655,278
42,27,15,3,0,2,0,0,36
73,54,19,4,0,3,1,0.00301204819277108,332
52,32,20,3,0,2,0,0,34
20,11,9,1,0,1,0,0.0147058823529412,68
3,2,1,1,29,0,0,0,33
1,0,1,1,29,0,0,0,50
55,37,18,2,0,1,0,0.0327868852459016,122
65,47,18,3,0,2,0,0.00970873786407767,103
3,2,1,1,29,0,0,0,40
3,2,1,1,29,0,0,0,48
1,1,0,1,29,0,0,0,59
1,0,1,1,29,0,0,0.03125,32
1,1,0,1,29,0,0,0,29
1,0,1,1,29,0,0,0,45
288,164,124,3,0,2,1,0.00122174709835064,1637
1,0,1,1,29,0,0,0,62
3,2,1,1,29,0,0,0,30
19,9,10,2,0,1,0,0,91
53,25,28,2,0,1,0,0,127
1,0,1,1,29,0,0,0,17
1,0,1,1,29,0,0,0.0181818181818182,55
1,1,0,1,29,0,0,0,27
1,1,0,1,29,0,0,0,23
1,0,1,1,29,0,0,0,49
1,0,1,1,29,0,0,0,74
55,38,17,2,0,1,0,0,121
1,0,1,1,29,0,0,0,99
51,34,17,2,0,1,0,0,98
1,0,1,1,29,0,0,0,36
10,4,6,2,12,1,0,0,102
1,1,0,1,29,0,0,0,29
1,1,0,1,29,0,0,0,38
7,3,4,1,29,0,0,0,45
382,205,177,2,0,1,0,0,172
3,2,1,1,29,0,0,0,33
11,5,6,1,29,0,0,0,56
9,3,6,1,29,0,0,0,43
3,0,3,1,29,0,0,0,140
34,16,18,2,0,1,0,0,69
1,0,1,1,29,0,0,0,70
398,178,220,2,0,1,0,0.00492610837438424,812
5,2,3,1,29,0,0,0.02,50
70,46,24,3,2,2,1,0,65
51,31,20,2,2,1,0,0,29
24,5,19,2,2,1,0,0,54
51,31,20,2,2,1,0,0,29
1,1,0,1,29,0,0,0,12
1,1,0,1,29,0,0,0,36
70,47,23,2,0,1,0,0,251
1,0,1,1,29,0,0,0,48
1,1,0,1,29,0,0,0,71
1,1,0,1,29,0,0,0,19
1,1,0,1,29,0,0,0,12
1,1,0,1,29,0,0,0,10
3,1,2,1,29,0,0,0,51
1,0,1,1,29,0,0,0,16
3,1,2,1,29,0,0,0,72
54,38,16,2,0,1,0,0,110
8,2,6,1,29,0,0,0,57
1,0,1,1,29,0,0,0,23
20,9,11,2,4,1,1,0,66
9,4,5,1,29,0,0,0,30
67,45,22,2,0,1,0,0,123
49,23,26,2,0,1,0,0,147
16,7,9,2,4,1,1,0,76
15,7,8,1,29,0,0,0,85
1,0,1,1,29,0,0,0,37
61,41,20,2,0,1,0,0,159
1,1,0,1,29,0,0,0,23
2,0,2,1,29,0,0,0,164
153,87,66,3,0,2,1,0,357
1,1,0,1,29,0,0,0,50
1,1,0,1,29,0,0,0,59
1,1,0,1,29,0,0,0,46
38,16,22,2,0,1,0,0,77
1,0,1,1,29,0,0,0,56
1,1,0,1,29,0,0,0,35
1,1,0,1,29,0,0,0,35
49,34,15,2,0,1,0,0,137
55,36,19,2,0,1,0,0,106
25,12,13,2,0,1,0,0,56
55,37,18,2,0,1,0,0.0105263157894737,190
3,1,2,1,29,0,0,0,48
1,0,1,1,29,0,0,0,47
1,1,0,1,29,0,0,0,11
46,34,12,2,0,1,0,0,41
1,0,1,1,29,0,0,0,38
1,1,0,1,29,0,0,0,30
129,76,53,2,0,1,0,0,781
1,0,1,1,29,0,0,0,99
113,59,54,2,0,1,0,0,329
1,1,0,1,29,0,0,0,34
1,1,0,1,29,0,0,0,48
1,1,0,1,29,0,0,0,60
2,0,2,1,29,0,0,0.00471698113207547,212
1,1,0,1,29,0,0,0,15
1,0,1,1,29,0,0,0,57
44,22,22,2,0,1,0,0,66
52,22,30,2,0,1,0,0,55
52,22,30,2,0,1,0,0,55
2,0,2,1,29,0,0,0,60
4,1,3,1,29,0,0,0,103
52,22,30,2,0,1,0,0,59
51,21,30,2,0,1,0,0,47
53,22,31,2,0,1,0,0,60
1,0,1,1,29,0,0,0,46
4,1,3,1,29,0,0,0,83
4,0,4,1,29,0,0,0,37
1,0,1,1,29,0,0,0,42
54,23,31,2,0,1,0,0,62
53,23,30,2,0,1,0,0,62
54,23,31,2,0,1,0,0,57
5,1,4,1,29,0,0,0,41
53,23,30,2,0,1,0,0,55
36,19,17,2,0,1,0,0.0606060606060606,99
1,0,1,1,29,0,0,0,47
182,101,81,4,0,3,1,0,102
3,1,2,1,29,0,0,0,48
1,1,0,1,29,0,0,0,36
1,0,1,1,29,0,0,0,48
52,35,17,3,0,2,0,0.0104712041884817,191
1,1,0,1,29,0,0,0,51
1,1,0,1,29,0,0,0,39
58,41,17,2,0,1,0,0,218
1,0,1,1,29,0,0,0,28
1,0,1,1,29,0,0,0,40
1,0,1,1,29,0,0,0,45
1,1,0,1,29,0,0,0,124
3,1,2,1,29,0,0,0,89
1,1,0,1,29,0,0,0,69
1,1,0,1,29,0,0,0,78
41,26,15,2,0,1,0,0.00324675324675325,308
1,1,0,1,29,0,0,0,59
1,0,1,1,29,0,0,0,103
3,1,2,1,29,0,0,0,39
123,83,40,2,0,1,0,0.00652173913043478,920
1,1,0,1,29,0,0,0,68
3,1,2,1,29,0,0,0,86
1,0,1,1,29,0,0,0,107
5,2,3,1,29,0,0,0,67
27,15,12,2,0,1,0,0,92
1,1,0,1,29,0,0,0,52
1,0,1,1,29,0,0,0,52
51,30,21,2,0,1,0,0,199
1,1,0,1,29,0,0,0,72
1,1,0,1,29,0,0,0,52
1,0,1,1,29,0,0,0,45
50,33,17,2,0,1,0,0,97
1,0,1,1,29,0,0,0,30
97,62,35,2,0,1,0,0,54
3,2,1,1,29,0,0,0,56
1,1,0,1,29,0,0,0,38
77,47,30,2,0,1,0,0,62
63,35,28,2,0,1,0,0,38
52,29,23,2,0,1,0,0,32
50,27,23,2,0,1,0,0,36
330,166,164,2,0,1,0,0.00632911392405063,158
3,2,1,1,29,0,0,0,42
7,3,4,1,29,0,0,0,61
3,2,1,1,29,0,0,0,42
1,1,0,1,29,0,0,0,29
54,33,21,2,0,1,0,0,45
3,2,1,1,29,0,0,0,29
124,68,56,2,0,1,0,0,50
83,33,50,3,0,2,1,0.00145348837209302,688
504,307,197,3,0,2,1,0.00146896804994491,2723
1,1,0,1,29,0,0,0,96
3,1,2,1,29,0,0,0,98
3,2,1,1,29,0,0,0,46
164,106,58,2,0,1,0,0.0024174053182917,1241
1,1,0,1,29,0,0,0,11
1,1,0,1,29,0,0,0,10
46,31,15,2,0,1,0,0,62
7,3,4,1,29,0,0,0,77
31,15,16,2,12,1,0,0,102
3,2,1,1,29,0,0,0,115
1,0,1,1,29,0,0,0,39
238,128,110,2,0,1,0,0,104
734,387,347,2,0,1,0,0.00292397660818713,342
1,1,0,1,29,0,0,0,10
1,1,0,1,29,0,0,0,18
84,44,40,2,0,1,0,0.00328947368421053,304
1,1,0,1,29,0,0,0,57
1,1,0,1,29,0,0,0,29
1,0,1,1,29,0,0,0,65
1,1,0,1,29,0,0,0,57
59,31,28,2,0,1,0,0,349
449,275,174,2,0,1,0,0,1421
1,1,0,1,29,0,0,0,36
10,3,7,1,29,0,0,0,1077
1,0,1,1,29,0,0,0,126
1,1,0,1,29,0,0,0,50
1,1,0,1,29,0,0,0,37
1,1,0,1,29,0,0,0,38
1,0,1,1,29,0,0,0,51
1,1,0,1,29,0,0,0,25
1,1,0,1,29,0,0,0,10
1,0,1,1,29,0,0,0,56
1,1,0,1,29,0,0,0,45
1,1,0,1,29,0,0,0,48
1,1,0,1,29,0,0,0,10
1,1,0,1,29,0,0,0,11
351,55,296,3,0,2,1,0,545
1,1,0,1,29,0,0,0,16
1,1,0,1,29,0,0,0,11
67,47,20,2,0,1,0,0,405
1,1,0,1,29,0,0,0,64
1,0,1,1,29,0,0,0,78
1,1,0,1,29,0,0,0,66
1,0,1,1,29,0,0,0,37
1,1,0,1,29,0,0,0,11
1,0,1,1,29,0,0,0,47
1,1,0,1,29,0,0,0,78
1,1,0,1,29,0,0,0,30
57,35,22,2,0,1,0,0,197
1,0,1,1,29,0,0,0,108
1,1,0,1,29,0,0,0,27
49,34,15,2,0,1,0,0,105
1,1,0,1,29,0,0,0,27
1,1,0,1,29,0,0,0,18
1,1,0,1,29,0,0,0,27
49,34,15,2,0,1,0,0,43
1,0,1,1,29,0,0,0,72
21,11,10,2,0,1,0,0,80
7,0,7,2,0,1,0,0,50
17,8,9,2,0,1,0,0,59
1,0,1,1,29,0,0,0,58
1,1,0,1,29,0,0,0,25
54,36,18,2,0,1,0,0,98
1,0,1,1,29,0,0,0,36
1,1,0,1,29,0,0,0,91
1,0,1,1,29,0,0,0,35
1,1,0,1,29,0,0,0,15
48,32,16,2,0,1,0,0,67
136,64,72,2,0,1,0,0,69
1,0,1,1,29,0,0,0,58
36,12,24,2,0,1,0,0,76
1,0,1,1,29,0,0,0,57
168,93,75,2,0,1,0,0.0144927536231884,69
3,2,1,1,29,0,0,0,35
189,104,85,2,0,1,0,0.0126582278481013,79
191,104,87,2,0,1,0,0.0123456790123457,81
140,78,62,2,0,1,0,0,56
3,2,1,1,29,0,0,0,35
163,90,73,2,0,1,0,0.0149253731343284,67
159,88,71,2,0,1,0,0,64
143,80,63,2,0,1,0,0,56
3,2,1,1,29,0,0,0,35
163,90,73,2,0,1,0,0,66
159,88,71,2,0,1,0,0,64
398,208,190,2,0,1,0,0,185
3,2,1,1,29,0,0,0,50
5,2,3,1,29,0,0,0,63
9,4,5,1,29,0,0,0,59
3,2,1,1,29,0,0,0,46
2,0,2,1,29,0,0,0,134
1,0,1,1,29,0,0,0,55
77,51,26,2,0,1,0,0,1547
1,0,1,1,29,0,0,0,41
3,0,3,1,29,0,0,0,61
1,0,1,1,29,0,0,0,97
65,43,22,2,0,1,0,0,1100
169,105,64,2,0,1,0,0.000849617672047579,1177
1,0,1,1,29,0,0,0,157
1,0,1,1,29,0,0,0,78
1,0,1,1,29,0,0,0,64
1,0,1,1,29,0,0,0,74
3,0,3,1,29,0,0,0,84
1,0,1,1,29,0,0,0,129
23,5,18,2,0,1,0,0,46
23,4,19,2,0,1,0,0,47
23,4,19,2,0,1,0,0,47
23,5,18,2,0,1,0,0,46
89,37,52,2,0,1,0,0,102
90,37,53,2,0,1,0,0,101
25,6,19,2,0,1,0,0,56
20,4,16,2,0,1,0,0,52
24,5,19,2,0,1,0,0,47
24,5,19,2,0,1,0,0,47
23,4,19,2,0,1,0,0,47
23,4,19,2,0,1,0,0,47
23,4,19,2,0,1,0,0,47
24,5,19,2,0,1,0,0,47
23,4,19,2,0,1,0,0,47
23,4,19,2,0,1,0,0,47
1,1,0,1,29,0,0,0,26
1,1,0,1,29,0,0,0,35
62,43,19,2,0,1,0,0,46
3,2,1,1,29,0,0,0,30
360,186,174,3,0,2,0,0,121
5,2,3,1,29,0,0,0,46
9,4,5,1,29,0,0,0,43
76,49,27,2,2,1,0,0.0104166666666667,96
50,26,24,3,16,2,0,0.0204081632653061,49
3,2,1,1,29,0,0,0,11
2,0,2,1,29,0,0,0.015625,64
17,7,10,1,29,0,0,0,46
17,8,9,1,29,0,0,0,46
10,4,6,1,29,0,0,0.0666666666666667,15
9,4,5,1,29,0,0,0,47
24,11,13,1,29,0,0,0,206
18,8,10,1,29,0,0,0,72
15,6,9,1,29,0,0,0.0113636363636364,88
13,6,7,1,29,0,0,0,66
7,3,4,1,29,0,0,0,68
31,15,16,2,12,1,0,0,108
1,0,1,1,29,0,0,0,122
3,2,1,1,29,0,0,0,53
1,1,0,1,29,0,0,0,51
1,0,1,1,29,0,0,0,79
1,1,0,1,29,0,0,0,46
1,1,0,1,29,0,0,0,46
1,1,0,1,29,0,0,0,35
3,2,1,1,29,0,0,0,70
384,207,177,3,0,2,0,0.024390243902439,123
89,32,57,2,2,1,0,0.0169491525423729,59
78,26,52,2,2,1,0,0.0166666666666667,60
2,0,2,1,29,0,0,0,19
3,2,1,1,29,0,0,0,64
2,0,2,1,29,0,0,0,51
60,43,17,2,0,1,0,0,208
1,0,1,1,29,0,0,0,52
2,0,2,1,29,0,0,0,20
2,0,2,1,29,0,0,0,45
1,0,1,1,29,0,0,0,59
1,0,1,1,29,0,0,0,22
1,0,1,1,29,0,0,0,49
4,1,3,1,29,0,0,0,93
1,1,0,1,29,0,0,0,17
1,1,0,1,29,0,0,0,22
65,43,22,2,0,1,0,0,99
1,1,0,1,29,0,0,0,22
1,1,0,1,29,0,0,0,35
1,1,0,1,29,0,0,0,27
1,1,0,1,29,0,0,0,35
1,1,0,1,29,0,0,0,21
54,36,18,2,0,1,0,0.00980392156862745,102
1,1,0,1,29,0,0,0,70
53,29,24,2,0,1,0,0.0149253731343284,134
1,1,0,1,29,0,0,0,60
8,3,5,4,2,3,2,0,69
152,60,92,3,2,2,0,0.00409836065573771,244
48,25,23,3,2,2,0,0.00699300699300699,143
35,21,14,2,2,2,0,0.0187793427230047,213
1,1,0,1,29,0,0,0,36
1,0,1,1,29,0,0,0,48
54,37,17,2,0,1,0,0.00478468899521531,209
69,47,22,2,0,1,0,0,363
1,1,0,1,29,0,0,0,104
1,1,0,1,29,0,0,0,64
3,2,1,1,29,0,0,0,37
1,1,0,1,29,0,0,0,12
1,1,0,1,29,0,0,0,36
1,0,1,1,29,0,0,0,61
62,43,19,2,0,1,0,0,278
1,1,0,1,29,0,0,0,94
1,0,1,1,29,0,0,0,48
1,1,0,1,29,0,0,0,21
1,0,1,1,29,0,0,0,48
1,0,1,1,29,0,0,0,32
1,0,1,1,29,0,0,0,63
62,42,20,2,0,1,0,0,264
1,0,1,1,29,0,0,0,32
316,168,148,3,0,2,1,0.03125,128
7,3,4,1,29,0,0,0,52
3,2,1,1,29,0,0,0,37
3,2,1,1,29,0,0,0,19
5,2,3,1,29,0,0,0,65
647,332,315,2,0,1,0,0.00643086816720257,311
3,2,1,1,29,0,0,0,53
3,2,1,1,29,0,0,0,50
3,2,1,1,29,0,0,0,40
3,2,1,1,29,0,0,0,41
3,2,1,1,29,0,0,0,24
3,2,1,1,29,0,0,0,31
3,2,1,1,29,0,0,0,44
3,2,1,1,29,0,0,0,41
3,2,1,1,29,0,0,0,40
3,2,1,1,29,0,0,0,40
192,106,86,2,0,1,0,0,81
11,5,6,1,29,0,0,0,135
7,3,4,1,29,0,0,0,106
92,32,60,3,0,2,1,0,215
557,280,277,2,0,1,0,0,272
82,42,40,2,0,1,0,0,262
1,1,0,1,29,0,0,0,89
229,125,104,2,0,1,0,0,98
148,84,64,2,0,1,0,0,60
78,46,32,2,0,1,0,0,28
147,83,64,2,0,1,0,0,60
7,3,4,1,29,0,0,0,45
336,176,160,2,0,1,0,0.0193548387096774,155
237,129,108,2,0,1,0,0.00980392156862745,102
9,4,5,1,29,0,0,0,85
7,3,4,1,29,0,0,0,45
237,129,108,2,0,1,0,0.00980392156862745,102
9,4,5,1,29,0,0,0,47
1,0,1,1,29,0,0,0,99
74,42,32,2,0,1,0,0.0145985401459854,137
1,0,1,1,29,0,0,0,37
1,0,1,1,29,0,0,0,45
68,47,21,2,0,1,0,0.0121951219512195,82
1,1,0,1,29,0,0,0,27
1,1,0,1,29,0,0,0.0178571428571429,56
61,39,22,2,0,1,0,0.00332225913621262,301
61,38,23,2,0,1,0,0.0123456790123457,162
1,0,1,1,29,0,0,0,32
1,1,0,1,29,0,0,0,14
1,0,1,1,29,0,0,0,27
1,0,1,1,29,0,0,0,39
1,1,0,1,29,0,0,0,68
1,1,0,1,29,0,0,0,19
1,1,0,1,29,0,0,0,49
1,0,1,1,29,0,0,0,450
1,0,1,1,29,0,0,0,57
1,0,1,1,29,0,0,0,47
1,0,1,1,29,0,0,0,90
1,0,1,1,29,0,0,0,68
132,74,58,2,2,1,0,0,141
1,0,1,1,29,0,0,0,84
1,1,0,1,29,0,0,0,49
1,1,0,1,29,0,0,0,89
1,1,0,1,29,0,0,0,30
1,1,0,1,29,0,0,0,43
1,0,1,1,29,0,0,0,34
1,1,0,1,29,0,0,0,91
1,0,1,1,29,0,0,0,141
46,31,15,2,0,1,0,0,206
1,1,0,1,29,0,0,0,61
1,0,1,1,29,0,0,0,56
1,0,1,1,29,0,0,0,54
1,0,1,1,29,0,0,0,89
1,0,1,1,29,0,0,0,350
1,1,0,1,29,0,0,0,33
10,4,6,2,4,1,1,0.00148148148148148,675
38,18,20,2,0,1,0,0.0140845070422535,213
1,1,0,1,29,0,0,0.0161290322580645,62
1,0,1,1,29,0,0,0,59
3,0,3,1,29,0,0,0,103
1,1,0,1,29,0,0,0,21
1,1,0,1,29,0,0,0,21
1,0,1,1,29,0,0,0,70
1,0,1,1,29,0,0,0,71
1,0,1,1,29,0,0,0.0103092783505155,97
1,0,1,1,29,0,0,0,30
1,0,1,1,29,0,0,0.0169491525423729,59
2,0,2,1,29,0,0,0.00229885057471264,435
335,167,168,4,0,3,1,0.0010386373078521,4814
1,0,1,1,29,0,0,0,132
1,1,0,1,29,0,0,0,65
2,0,2,1,29,0,0,0,185
1,1,0,1,29,0,0,0,41
85,45,40,3,0,2,0,0.00334075723830735,898
1,0,1,1,29,0,0,0,58
2,0,2,1,29,0,0,0,214
1,0,1,1,29,0,0,0,51
1,0,1,1,29,0,0,0,114
1,1,0,1,29,0,0,0,37
103,60,43,2,0,1,0,0.00793650793650794,126
52,23,29,2,0,1,0,0.0125,80
1,1,0,1,29,0,0,0,40
1,0,1,1,29,0,0,0,60
1,0,1,1,29,0,0,0,45
1,1,0,1,29,0,0,0,37
1,1,0,1,29,0,0,0,18
1,1,0,1,29,0,0,0,46
1,0,1,1,29,0,0,0,17
69,41,28,3,0,2,1,0.0106382978723404,94
1,0,1,1,29,0,0,0,124
1,0,1,1,29,0,0,0,133
1,1,0,1,29,0,0,0,39
1,1,0,1,29,0,0,0,38
48,32,16,2,0,1,0,0.0062111801242236,161
1,0,1,1,29,0,0,0.00704225352112676,142
104,78,26,2,0,1,0,0.00286532951289398,1047
1,1,0,1,29,0,0,0,21
1,0,1,1,29,0,0,0,41
1,0,1,1,29,0,0,0,56
1,0,1,1,29,0,0,0,41
1,0,1,1,29,0,0,0,91
1,0,1,1,29,0,0,0,119
36,23,13,2,0,1,0,0.00470219435736677,638
1,0,1,1,29,0,0,0,8
2,0,2,1,29,0,0,0,149
1,1,0,1,29,0,0,0,19
1,1,0,1,29,0,0,0,14
1,0,1,1,29,0,0,0,14
68,45,23,3,0,2,0,0,187
1,1,0,1,29,0,0,0,38
1,0,1,1,29,0,0,0,48
45,30,15,2,0,1,0,0.00854700854700855,117
1,0,1,1,29,0,0,0,41
1,0,1,1,29,0,0,0,45
1,1,0,1,29,0,0,0,63
82,61,21,2,0,1,0,0.00254237288135593,1180
1,1,0,1,29,0,0,0,31
1,1,0,1,29,0,0,0,39
1,1,0,1,29,0,0,0,48
1,0,1,1,29,0,0,0,103
48,33,15,2,0,1,0,0.0075187969924812,133
2,0,2,1,29,0,0,0,178
1,1,0,1,29,0,0,0,39
1,1,0,1,29,0,0,0,68
1,0,1,1,29,0,0,0,25
1,0,1,1,29,0,0,0,47
1,1,0,1,29,0,0,0,43
65,24,41,2,0,1,0,0.00701262272089762,713
78,41,37,2,0,1,0,0.00298507462686567,670
1,0,1,1,29,0,0,0,89
1,0,1,1,29,0,0,0.00793650793650794,126
1,0,1,1,29,0,0,0,92
1,1,0,1,29,0,0,0,34
49,32,17,2,0,1,0,0,61
1,0,1,1,29,0,0,0,11
1,0,1,1,29,0,0,0,92
1,1,0,1,29,0,0,0,42
1,1,0,1,29,0,0,0,46
1,0,1,1,29,0,0,0,80
1,1,0,1,29,0,0,0,16
1,1,0,1,29,0,0,0.00862068965517241,116
1,1,0,1,29,0,0,0,14
1,1,0,1,29,0,0,0,7
1,0,1,1,29,0,0,0,38
2,0,2,1,29,0,0,0.0169491525423729,59
1,0,1,1,29,0,0,0,43
1,0,1,1,29,0,0,0,78
1,1,0,1,29,0,0,0,56
1,1,0,1,29,0,0,0,44
94,41,53,3,0,2,1,0.00485436893203883,206
383,187,196,3,0,2,1,0.00526315789473684,190
19,2,17,2,0,1,0,0,48
8,3,5,1,29,0,0,0,49
3,2,1,1,29,0,0,0,54
288,145,143,3,0,2,1,0,141
3,2,1,1,29,0,0,0,53
215,108,107,2,0,1,0,0,106
47,10,37,2,0,1,0,0,67
38,9,29,2,0,1,0,0,57
1,0,1,1,29,0,0,0,28
3,1,2,1,29,0,0,0,54
50,33,17,2,0,1,0,0,88
23,4,19,2,0,1,0,0,48
1,0,1,1,29,0,0,0,55
52,36,16,2,0,1,0,0,125
1,0,1,1,29,0,0,0,45
113,55,58,3,0,2,0,0,177
3,1,2,1,29,0,0,0,66
3,1,2,1,29,0,0,0,66
9,4,5,1,29,0,0,0,68
304,162,142,2,0,1,0,0,136
9,4,5,1,29,0,0,0,53
548,277,271,2,0,1,0,0,269
3,1,2,1,29,0,0,0,89
1,0,1,1,29,0,0,0,108
3,1,2,1,29,0,0,0,94
24,7,17,2,0,1,0,0,53
2,0,2,1,29,0,0,0,99
27,9,18,2,0,1,0,0,52
271,134,137,2,0,1,0,0,133
1,0,1,1,29,0,0,0,28
58,38,20,2,0,1,0,0,117
1,0,1,1,29,0,0,0,40
1,0,1,1,29,0,0,0,36
1,1,0,1,29,0,0,0,36
56,38,18,2,0,1,0,0,113
1,1,0,1,29,0,0,0,38
1,0,1,1,29,0,0,0,28
1,0,1,1,29,0,0,0,28
49,33,16,2,0,1,0,0,58
1,1,0,1,29,0,0,0,29
68,37,31,2,2,1,0,0,76
158,50,108,2,2,1,0,0,202
3,2,1,1,29,0,0,0,6
48,25,23,3,2,2,1,0,252
5,2,3,1,29,0,0,0,30
2,0,2,1,29,0,0,0,81
2,0,2,1,29,0,0,0,114
1,1,0,1,29,0,0,0,14
1,1,0,1,29,0,0,0,80
38,16,22,2,0,1,0,0,139
1,1,0,1,29,0,0,0,58
1,1,0,1,29,0,0,0,26
53,40,13,2,0,1,0,0.03125,32
1,0,1,1,29,0,0,0,20
3,2,1,1,29,0,0,0,44
282,138,144,2,0,1,0,0,141
60,34,26,2,0,1,0,0.00398406374501992,251
3,1,2,1,29,0,0,0,57
1,1,0,1,29,0,0,0,80
135,79,56,2,0,1,0,0,377
1,1,0,1,29,0,0,0,35
327,174,153,4,0,3,1,0.0152671755725191,131
5,2,3,1,29,0,0,0,66
3,1,2,1,29,0,0,0,31
3,1,2,1,29,0,0,0,35
89,56,33,3,0,2,0,0.00401606425702811,249
214,118,96,2,0,1,0,0.0108695652173913,92
1,0,1,1,29,0,0,0,34
1,0,1,1,29,0,0,0,43
79,52,27,2,0,1,0,0.00398406374501992,251
95,61,34,4,0,3,0,0.00237812128418549,841
1,0,1,1,29,0,0,0,88
1,0,1,1,29,0,0,0,82
5,2,3,1,29,0,0,0,53
5,2,3,1,29,0,0,0,46
97,67,30,2,0,1,0,0.00393700787401575,508
7,3,4,1,29,0,0,0,47
9,4,5,1,29,0,0,0,66
1,1,0,1,29,0,0,0,12
1,0,1,1,29,0,0,0,48
65,43,22,2,0,1,0,0.0112359550561798,89
1,1,0,1,29,0,0,0,80
1,0,1,1,29,0,0,0,17
70,35,35,2,0,1,0,0.00529100529100529,189
42,13,29,2,0,1,0,0,68
1,1,0,1,29,0,0,0,48
3,1,2,1,29,0,0,0,95
51,34,17,2,0,1,0,0,92
1,0,1,1,29,0,0,0,49
38,5,33,2,0,1,0,0,62
38,5,33,2,0,1,0,0,65
39,6,33,2,0,1,0,0,62
38,5,33,2,0,1,0,0,66
1,0,1,1,29,0,0,0,56
57,39,18,2,0,1,0,0,162
1,0,1,1,29,0,0,0,41
1,1,0,1,29,0,0,0,17
1,1,0,1,29,0,0,0,10
57,37,20,2,0,1,0,0.00641025641025641,156
1,1,0,1,29,0,0,0,10
1,1,0,1,29,0,0,0,11
1,1,0,1,29,0,0,0,23
1,1,0,1,29,0,0,0,23
54,37,17,2,0,1,0,0,88
1,0,1,1,29,0,0,0,37
30,13,17,2,0,1,0,0.0126582278481013,79
3,2,1,1,29,0,0,0,16
3,2,1,1,29,0,0,0,9
125,72,53,2,0,1,0,0,48
3,2,1,1,29,0,0,0,9
3,2,1,1,29,0,0,0,10
1,1,0,1,29,0,0,0,13
55,37,18,2,0,1,0,0.00689655172413793,145
1,1,0,1,29,0,0,0,10
1,0,1,1,29,0,0,0,11
1,1,0,1,29,0,0,0,11
117,68,49,2,0,1,0,0.0212765957446809,47
3,2,1,1,29,0,0,0,66
5,2,3,1,29,0,0,0,30
3,2,1,1,29,0,0,0,35
64,44,20,3,0,2,0,0,215
203,110,93,2,0,1,0,0,89
3,1,2,1,29,0,0,0,34
3,1,2,1,29,0,0,0,43
86,55,31,2,0,1,0,0,130
134,87,47,2,0,1,0,0.00123152709359606,812
1,0,1,1,29,0,0,0,87
1,0,1,1,29,0,0,0,74
3,2,1,1,29,0,0,0,53
3,2,1,1,29,0,0,0,46
96,64,32,2,0,1,0,0.00431034482758621,464
5,2,3,1,29,0,0,0,46
7,3,4,1,29,0,0,0,65
1,1,0,1,29,0,0,0,88
45,21,24,2,0,1,0,0,204
1,1,0,1,29,0,0,0,27
53,36,17,2,0,1,0,0,85
1,0,1,1,29,0,0,0,28
1,1,0,1,29,0,0,0,42
90,62,28,3,0,2,1,0.00336700336700337,297
1,0,1,1,29,0,0,0,23
1,0,1,1,29,0,0,0,25
51,33,18,2,0,1,0,0,54
1,0,1,1,29,0,0,0,61
21,11,10,2,0,1,0,0,89
1,1,0,1,29,0,0,0,50
1,1,0,1,29,0,0,0,57
21,11,10,2,0,1,0,0,89
1,1,0,1,29,0,0,0,50
1,0,1,1,29,0,0,0,104
20,10,10,2,0,1,0,0,89
1,1,0,1,29,0,0,0,50
1,1,0,1,29,0,0,0,57
25,14,11,2,0,1,0,0,129
1,1,0,1,29,0,0,0,50
1,1,0,1,29,0,0,0,44
21,11,10,2,0,1,0,0,90
1,1,0,1,29,0,0,0,51
1,1,0,1,29,0,0,0,58
22,12,10,2,0,1,0,0,95
1,1,0,1,29,0,0,0,50
1,1,0,1,29,0,0,0,48
1,0,1,1,29,0,0,0,110
46,36,10,2,0,1,0,0,62
1,0,1,1,29,0,0,0,67
61,27,34,2,0,1,0,0.00558659217877095,179
1,1,0,1,29,0,0,0,32
3,2,1,1,29,0,0,0,49
3,2,1,1,29,0,0,0,74
3,1,2,1,29,0,0,0,22
7,3,4,1,29,0,0,0,87
569,298,271,2,0,1,0,0.0037593984962406,266
18,12,6,1,0,1,0,0,91
3,2,1,1,29,0,0,0,47
189,94,95,2,0,1,0,0.010752688172043,93
3,1,2,1,29,0,0,0,43
3,2,1,1,29,0,0,0,44
3,2,1,1,29,0,0,0,46
3,2,1,1,29,0,0,0,43
190,94,96,2,0,1,0,0.0106382978723404,94
3,2,1,1,29,0,0,0,43
3,2,1,1,29,0,0,0,58
3,2,1,1,29,0,0,0,19
3,2,1,1,29,0,0,0,45
147,83,64,2,0,1,0,0,62
3,1,2,1,29,0,0,0,37
3,2,1,1,29,0,0,0,24
157,87,70,2,0,1,0,0,68
3,2,1,1,29,0,0,0,45
3,2,1,1,29,0,0,0,57
3,2,1,1,29,0,0,0,18
3,2,1,1,29,0,0,0,43
150,85,65,2,0,1,0,0,60
5,2,3,1,29,0,0,0,62
1,0,1,1,29,0,0,0,76
3,2,1,1,29,0,0,0,35
1,0,1,1,29,0,0,0,33
76,52,24,6,0,5,1,0,402
197,125,72,3,0,2,1,0.000372300819061802,2686
1,1,0,1,29,0,0,0,134
1,0,1,1,29,0,0,0,58
1,1,0,1,29,0,0,0,55
1,0,1,1,29,0,0,0,79
21,5,16,2,0,1,0,0,59
20,4,16,2,0,1,0,0,46
21,5,16,2,0,1,0,0,50
1,0,1,1,29,0,0,0,85
50,21,29,2,0,1,0,0,85
20,4,16,2,0,1,0,0,46
22,5,17,2,0,1,0,0,51
3,1,2,1,29,0,0,0,33
1,1,0,1,29,0,0,0,96
130,88,42,2,0,1,0,0.00261096605744125,383
1,0,1,1,29,0,0,0,100
1,1,0,1,29,0,0,0,60
1,1,0,1,29,0,0,0,52
1,0,1,1,29,0,0,0,52
32,18,14,2,0,1,0,0,111
34,17,17,2,0,1,0,0.0144927536231884,69
48,27,21,2,0,1,0,0,267
1,1,0,1,29,0,0,0,72
1,1,0,1,29,0,0,0,52
37,17,20,2,0,1,0,0.012987012987013,77
5,2,3,1,29,0,0,0,115
1,1,0,1,29,0,0,0,23
3,1,2,1,29,0,0,0,74
1,0,1,1,29,0,0,0,62
3,2,1,1,29,0,0,0,34
1,0,1,1,29,0,0,0,32
692,169,523,3,0,2,1,0.000605693519079346,1651
91,61,30,3,0,2,0,0,1684
837,408,429,2,0,1,0,0,1409
80,37,43,2,0,1,0,0,1206
45,24,21,2,0,1,0,0,613
52,32,20,2,0,1,0,0,693
1,0,1,1,29,0,0,0,46
1,1,0,1,29,0,0,0,27
1,1,0,1,29,0,0,0,50
7,3,4,1,29,0,0,0,95
3,2,1,1,29,0,0,0,35
180,99,81,2,0,1,0,0,76
7,3,4,1,29,0,0,0,36
487,257,230,2,0,1,0,0,224
3,2,1,1,29,0,0,0,92
3,2,1,1,29,0,0,0,55
3,2,1,1,29,0,0,0,56
214,106,108,2,0,1,0,0,106
1,0,1,1,29,0,0,0,54
105,52,53,2,0,1,0,0.0196078431372549,102
7,3,4,2,12,1,0,0,63
66,53,13,3,0,2,0,0.0638297872340425,47
1,1,0,1,29,0,0,0,31
19,11,8,3,2,3,0,0.0227272727272727,88
1,0,1,1,29,0,0,0,28
52,35,17,2,0,1,0,0,76
3,2,1,1,29,0,0,0,31
75,41,34,2,0,1,0,0,29
3,2,1,1,29,0,0,0,30
301,166,135,2,0,1,0,0,133
3,2,1,1,29,0,0,0,32
1,0,1,1,29,0,0,0,106
3,1,2,1,29,0,0,0,66
1,1,0,1,29,0,0,0,65
3,1,2,1,29,0,0,0,77
7,3,4,2,12,1,0,0,84
5,2,3,1,29,0,0,0,54
1,0,1,1,29,0,0,0,58
1,1,0,1,29,0,0,0,66
9,4,5,1,29,0,0,0,65
3,2,1,1,29,0,0,0,54
3,2,1,1,29,0,0,0,36
1,1,0,1,29,0,0,0,65
82,54,28,3,0,2,1,0.00574712643678161,174
194,111,83,2,0,1,0,0,81
49,28,21,2,0,1,0,0,33
49,28,21,2,0,1,0,0,33
48,28,20,2,0,1,0,0,32
49,28,21,2,0,1,0,0,33
30,9,21,2,0,1,0,0,50
55,30,25,2,0,1,0,0,38
125,70,55,2,0,1,0,0,49
106,61,45,3,0,2,1,0.00116959064327485,855
27,17,10,2,0,1,0,0.00943396226415094,106
1,1,0,1,29,0,0,0,58
1,1,0,1,29,0,0,0,48
1,1,0,1,29,0,0,0,14
1,0,1,1,29,0,0,0,45
1,1,0,1,29,0,0,0,24
1,1,0,1,29,0,0,0,27
43,21,22,2,0,1,0,0.00869565217391304,115
55,37,18,2,0,1,0,0.00606060606060606,165
1,1,0,1,29,0,0,0,66
49,22,27,3,0,2,1,0.0208333333333333,144
1,0,1,1,29,0,0,0,110
1,1,0,1,29,0,0,0,56
1,0,1,1,29,0,0,0,37
1,1,0,1,29,0,0,0,42
1,1,0,1,29,0,0,0,43
1,1,0,1,29,0,0,0,8
57,37,20,2,0,1,0,0,72
1,1,0,1,29,0,0,0,8
74,46,28,3,0,2,0,0.00854700854700855,234
1,1,0,1,29,0,0,0,27
53,34,19,2,0,1,0,0.00775193798449612,129
3,1,2,1,29,0,0,0,55
53,34,19,2,0,1,0,0.00714285714285714,140
1,1,0,1,29,0,0,0,54
54,35,19,2,0,1,0,0.0078740157480315,127
1,1,0,1,29,0,0,0,45
1,1,0,1,29,0,0,0,39
1,1,0,1,29,0,0,0,45
70,44,26,2,0,1,0,0.00826446280991736,121
1,0,1,1,29,0,0,0,33
1,0,1,1,29,0,0,0,44
90,58,32,2,0,1,0,0,381
1,0,1,1,29,0,0,0,46
1,0,1,1,29,0,0,0,43
56,39,17,2,0,1,0,0.008,125
1,0,1,1,29,0,0,0,36
55,35,20,2,0,1,0,0.0113636363636364,88
1,0,1,1,29,0,0,0,43
640,325,315,5,0,4,1,0.00399201596806387,501
39,21,18,2,2,2,0,0.0215827338129496,139
46,25,21,2,2,2,0,0.0185185185185185,162
47,26,21,2,2,2,0,0.0224719101123595,178
1,0,1,1,29,0,0,0,54
1,0,1,1,29,0,0,0,44
1,0,1,1,29,0,0,0,39
56,38,18,2,0,1,0,0,110
1,0,1,1,29,0,0,0,54
1,0,1,1,29,0,0,0,40
1,0,1,1,29,0,0,0,39
57,38,19,2,0,1,0,0,100
0,0,0,1,14,1,0,0,55
0,0,0,1,14,1,0,0.0238095238095238,42
0,0,0,1,14,1,0,0,42
0,0,0,1,14,1,0,0.00961538461538462,104
26,17,9,2,0,2,0,0.00961538461538462,208
13,6,7,2,12,1,0,0.0246913580246914,81
108,67,41,2,0,1,0,0.00833333333333333,120
1,1,0,1,29,0,0,0,63
1,1,0,1,29,0,0,0,29
1,1,0,1,29,0,0,0,44
61,41,20,2,0,1,0,0,125
52,36,16,2,0,1,0,0,119
1,1,0,1,29,0,0,0,40
1,0,1,1,29,0,0,0,28
1,0,1,1,29,0,0,0,37
1,0,1,1,29,0,0,0,71
1,1,0,1,29,0,0,0,18
1,0,1,1,29,0,0,0,31
1,1,0,1,29,0,0,0,27
1,0,1,1,29,0,0,0,60
1,1,0,1,29,0,0,0,48
66,45,21,2,0,1,0,0,398
1,1,0,1,29,0,0,0,60
1,0,1,1,29,0,0,0,56
1,0,1,1,29,0,0,0,93
32,18,14,2,0,1,0,0,81
1,0,1,1,29,0,0,0,68
1,1,0,1,29,0,0,0,12
1,1,0,1,29,0,0,0,36
1,0,1,1,29,0,0,0,61
1,1,0,1,29,0,0,0,83
73,47,26,2,0,1,0,0,222
1,1,0,1,29,0,0,0,40
1,0,1,1,29,0,0,0,6
1,0,1,1,29,0,0,0,13
2,0,2,1,29,0,0,0,58
1,0,1,1,29,0,0,0,17
1,0,1,1,29,0,0,0,38
50,34,16,2,0,1,0,0.0163934426229508,61
5,2,3,1,29,0,0,0,12
5,2,3,1,29,0,0,0,27
24,11,13,1,29,0,0,0,73
7,3,4,1,29,0,0,0,32
124,72,52,2,0,1,0,0,47
10,4,6,1,29,0,0,0,27
34,17,17,2,2,1,0,0,106
6,2,4,1,29,0,0,0,63
57,37,20,3,2,2,1,0.032258064516129,31
3,2,1,1,29,0,0,0,37
57,35,22,2,2,1,0,0,30
9,4,5,1,29,0,0,0,32
1,0,1,1,29,0,0,0,42
1,1,0,1,29,0,0,0,34
1,1,0,1,29,0,0,0,41
53,37,16,2,0,1,0,0,133
55,35,20,2,0,1,0,0,115
1,0,1,1,29,0,0,0,55
1,0,1,1,29,0,0,0,65
3,1,2,1,29,0,0,0,64
1,0,1,1,29,0,0,0,55
1,0,1,1,29,0,0,0,65
87,61,26,2,0,1,0,0.0050251256281407,199
2,0,2,1,29,0,0,0,63
1,0,1,1,29,0,0,0,51
48,32,16,2,0,1,0,0,55
0,0,0,3,2,3,0,0,48
8,3,5,3,2,2,0,0,243
1,1,0,2,2,1,0,0,53
1,1,0,2,2,1,0,0,40
22,12,10,3,0,2,0,0,58
1,0,1,2,0,1,0,0,62
1,0,1,2,0,1,0,0,49
2,0,2,2,0,1,0,0,68
1,0,1,2,0,1,0,0,59
2,0,2,2,0,1,0,0,65
6,2,4,2,0,1,0,0,63
480,241,239,8,0,6,0,0.00523560209424084,191
3,1,2,2,0,1,0,0,51
91,44,47,6,0,5,0,0,220
3,1,2,2,0,1,0,0,547
3,1,2,2,0,1,0,0,148
88,44,44,7,0,6,1,0.00574712643678161,348
48,46,2,3,16,2,0,0.0186915887850467,107
1,0,1,1,29,0,0,0.0129032258064516,155
1,0,1,1,29,0,0,0,109
6,2,4,1,29,0,0,0.0208333333333333,48
28,15,13,3,2,2,0,0.00458715596330275,218
94,61,33,3,2,2,1,0,346
22,13,9,2,2,1,0,0,102
3,0,3,2,2,1,0,0,50
3,0,3,2,2,1,0,0,49
12,8,4,2,2,1,0,0,76
3,1,2,2,2,1,0,0,49
3,1,2,2,2,1,0,0,50
2,0,2,1,29,0,0,0,107
1,0,1,1,29,0,0,0,82
1,0,1,1,29,0,0,0,98
28,16,12,3,2,2,0,0.00819672131147541,122
3,0,3,2,2,1,0,0,33
23,15,8,3,2,2,1,0.00819672131147541,122
30,19,11,3,2,2,1,0,54
4,1,3,1,29,0,0,0.00917431192660551,109
9,4,5,1,29,0,0,0.00371747211895911,269
47,36,11,3,14,0,0,0.0178571428571429,56
13,6,7,2,4,1,1,0.00602409638554217,166
1,0,1,1,29,0,0,0.025,40
54,16,38,1,29,0,0,0.00555555555555556,180
1,0,1,1,29,0,0,0.025,40
0,0,0,2,0,2,0,0,0
9,3,6,3,0,2,0,0,62
0,0,0,2,0,2,0,0,0
0,0,0,2,0,2,0,0,0
0,0,0,1,0,1,0,0,0
0,0,0,1,0,1,0,0,0
0,0,0,1,0,1,0,0,0
334,167,167,6,0,5,1,0.00155884645362432,1283
6,3,3,1,29,0,0,0.0024330900243309,411
23,17,6,6,1,5,0,0.0032258064516129,310
19,9,10,3,2,2,1,0,0
450,243,207,12,1,11,1,0.00620732464307883,1611
3,1,2,1,29,0,0,0,46
44,17,27,5,16,4,0,0.0130434782608696,230
12,7,5,2,0,1,0,0.0180722891566265,166
25,22,3,3,14,0,0,0.0102040816326531,98
2,0,2,1,29,0,0,0.00378787878787879,264
2,0,2,1,29,0,0,0,38
2,0,2,1,29,0,0,0.0294117647058824,34
2,0,2,1,29,0,0,0,152
8,2,6,3,16,2,0,0,107
1,0,1,1,29,0,0,0,29
3,1,2,1,29,0,0,0,67
5,2,3,1,29,0,0,0.00156985871271586,637
3,0,3,1,29,0,0,0,142
7,3,4,1,29,0,0,0.0217391304347826,46
8,4,4,1,29,0,0,0.0144927536231884,69
1,0,1,1,29,0,0,0,48
1,0,1,1,29,0,0,0,62
1,0,1,1,29,0,0,0,39
32,15,17,1,29,0,0,0,1398
12,6,6,2,4,1,1,0.00214132762312634,467
4,1,3,1,29,0,0,0,392
1,0,1,1,29,0,0,0,288
1,0,1,1,29,0,0,0,83
4,0,4,1,29,0,0,0,40
1,1,0,1,29,0,0,0,44
1,0,1,1,29,0,0,0,41
1,0,1,1,29,0,0,0,39
1,0,1,1,29,0,0,0,39
3,1,2,1,29,0,0,0,59
1,0,1,1,29,0,0,0,50
1,0,1,1,29,0,0,0,41
1,0,1,1,29,0,0,0,40
1,0,1,1,29,0,0,0,42
22,10,12,1,29,0,0,0,391
1,1,0,1,29,0,0,0,35
1,0,1,1,29,0,0,0,35
1,0,1,1,29,0,0,0,39
1,0,1,1,29,0,0,0,34
1,0,1,1,29,0,0,0,330
2,0,2,1,29,0,0,0,92
4,1,3,1,29,0,0,0,220
1,0,1,1,29,0,0,0,46
5,2,3,1,29,0,0,0,98
4,1,3,1,29,0,0,0,110
3,1,2,1,29,0,0,0,90
4,1,3,1,29,0,0,0,52
2,0,2,1,29,0,0,0,161
3,1,2,1,29,0,0,0,68
7,2,5,1,29,0,0,0,100
2,0,2,1,29,0,0,0,79
2,0,2,1,29,0,0,0,50
3,1,2,1,29,0,0,0,89
4,1,3,1,29,0,0,0,93
2,0,2,1,29,0,0,0,52
5,2,3,1,29,0,0,0,148
4,1,3,1,29,0,0,0,65
5,2,3,1,29,0,0,0,158
3,1,2,1,29,0,0,0,65
4,2,2,1,29,0,0,0,93
3,1,2,1,29,0,0,0,84
1,0,1,1,29,0,0,0,40
1,0,1,1,29,0,0,0,42
1,0,1,1,29,0,0,0,201
5,1,4,1,29,0,0,0,73
4,1,3,1,29,0,0,0,71
2,0,2,1,29,0,0,0,42
2,0,2,1,29,0,0,0,42
1,0,1,1,29,0,0,0,42
1,0,1,1,29,0,0,0,48
1,0,1,1,29,0,0,0,42
4,1,3,1,29,0,0,0,116
1,0,1,1,29,0,0,0,42
5,2,3,1,29,0,0,0,106
1,0,1,1,29,0,0,0,42
4,1,3,1,29,0,0,0,122
5,2,3,1,29,0,0,0,129
1,0,1,1,29,0,0,0,42
2,0,2,1,29,0,0,0,651
3,0,3,1,29,0,0,0,100
2,0,2,1,29,0,0,0,261
3,0,3,1,29,0,0,0,77
3,0,3,1,29,0,0,0,88
3,0,3,1,29,0,0,0,114
2,0,2,1,29,0,0,0,286
3,0,3,1,29,0,0,0,83
2,0,2,1,29,0,0,0,92
2,0,2,1,29,0,0,0,91
3,0,3,1,29,0,0,0,79
2,0,2,1,29,0,0,0,86
2,0,2,1,29,0,0,0,103
4,1,3,1,29,0,0,0,71
4,1,3,1,29,0,0,0,53
4,1,3,1,29,0,0,0,98
2,0,2,1,29,0,0,0,91
4,1,3,1,29,0,0,0,68
2,0,2,1,29,0,0,0,78
6,2,4,1,29,0,0,0,179
2,0,2,1,29,0,0,0,174
3,1,2,1,29,0,0,0,63
4,1,3,1,29,0,0,0,77
6,2,4,1,29,0,0,0,192
3,1,2,1,29,0,0,0,67
3,1,2,1,29,0,0,0,141
3,1,2,1,29,0,0,0,89
4,1,3,1,29,0,0,0,81
1,1,0,1,29,0,0,0,41
3,1,2,1,29,0,0,0.0188679245283019,53
4,1,3,2,4,1,1,0.0114942528735632,87
1,1,0,1,29,0,0,0.0333333333333333,30
19,12,7,1,29,0,0,0.00888888888888889,225
3,1,2,2,4,1,1,0.0212765957446809,47
4,1,3,1,29,0,0,0.0461538461538462,65
1,0,1,1,29,0,0,0.0120481927710843,83
3,1,2,2,4,1,1,0.0212765957446809,47
2,0,2,1,29,0,0,0.0158730158730159,63
8,3,5,1,29,0,0,0.0133333333333333,75
1,0,1,1,29,0,0,0.0303030303030303,33
1,0,1,1,29,0,0,0.0204081632653061,49
1,0,1,1,29,0,0,0.0208333333333333,48
1,0,1,1,29,0,0,0.0204081632653061,49
1,0,1,1,29,0,0,0.0111111111111111,90
2,0,2,1,29,0,0,0.0158730158730159,63
2,0,2,1,29,0,0,0.0158730158730159,63
4,1,3,1,29,0,0,0.00917431192660551,109
6,2,4,2,4,1,1,0.0126582278481013,79
2,0,2,1,29,0,0,0.0125,80
10,4,6,2,4,1,1,0,141
3,1,2,1,29,0,0,0,276
14,6,8,1,29,0,0,0,527
1,0,1,1,29,0,0,0,43
7,4,3,1,29,0,0,0.00104602510460251,956
1,0,1,1,29,0,0,0,33
1,0,1,1,29,0,0,0,45
2,0,2,1,29,0,0,0,54
1,0,1,1,29,0,0,0,62
2,0,2,1,29,0,0,0,19
7,4,3,1,29,0,0,0.00218818380743982,457
16,7,9,1,29,0,0,0,208
2,0,2,1,29,0,0,0,258
3,1,2,1,29,0,0,0,144
15,8,7,1,29,0,0,0.00386100386100386,259
1,1,0,1,29,0,0,0,37
1,0,1,1,29,0,0,0,61
7,4,3,1,29,0,0,0.00740740740740741,135
1,1,0,1,29,0,0,0,42
9,5,4,1,29,0,0,0.00769230769230769,130
1,1,0,1,29,0,0,0,40
10,5,5,1,29,0,0,0.00847457627118644,118
2,0,2,1,29,0,0,0,71
3,1,2,1,29,0,0,0,46
9,5,4,2,4,1,1,0.0050251256281407,199
1,1,0,1,29,0,0,0,51
1,0,1,1,29,0,0,0,52
4,1,3,2,4,1,1,0,242
1,1,0,1,29,0,0,0,37
3,1,2,1,29,0,0,0,258
9,5,4,2,4,1,1,0.00289017341040462,346
5,2,3,1,29,0,0,0,65
2,0,2,1,29,0,0,0,214
87,30,57,3,3,2,0,0,0
59,36,23,3,3,2,0,0,0
2,0,2,1,29,0,0,0,99
7,2,5,1,29,0,0,0,106
2,0,2,1,29,0,0,0,117
1,0,1,1,29,0,0,0,109
14,7,7,1,29,0,0,0.010752688172043,93
14,6,8,1,29,0,0,0.00423728813559322,236
1,1,0,1,29,0,0,0,53
7,4,3,1,29,0,0,0.0142857142857143,70
0,0,0,1,29,0,0,0,0
2,0,2,1,29,0,0,0.0118343195266272,169
8,1,7,1,29,0,0,0.00865800865800866,231
3,0,3,1,29,0,0,0.00584795321637427,171
6,2,4,1,29,0,0,0.0294117647058824,68
4,0,4,1,29,0,0,0.00333333333333333,300
2,0,2,1,29,0,0,0.0053475935828877,187
5,2,3,1,29,0,0,0,98
1,0,1,1,29,0,0,0,66
3,0,3,1,29,0,0,0.0235294117647059,85
3,1,2,1,29,0,0,0,63
2,0,2,1,29,0,0,0.0166666666666667,60
5,1,4,2,0,1,0,0.00775193798449612,129
2,0,2,1,29,0,0,0.0163934426229508,61
4,1,3,1,29,0,0,0.0108695652173913,92
1,0,1,1,29,0,0,0.0487804878048781,41
1,0,1,1,29,0,0,0,122
1,0,1,1,29,0,0,0,122
1,0,1,1,29,0,0,0,64
1,0,1,1,29,0,0,0,152
1,0,1,1,29,0,0,0,180
2,0,2,1,29,0,0,0.0289855072463768,69
1,0,1,1,29,0,0,0,124
1,0,1,1,29,0,0,0,97
1,0,1,1,29,0,0,0,167
1,0,1,1,29,0,0,0,111
1,0,1,1,29,0,0,0,169
1,0,1,1,29,0,0,0,59
1,0,1,1,29,0,0,0,142
3,1,2,1,29,0,0,0.0116279069767442,172
1,0,1,1,29,0,0,0,48
2,0,2,1,29,0,0,0.00828729281767956,362
2,0,2,1,29,0,0,0,85
1,0,1,1,29,0,0,0,56
1,0,1,1,29,0,0,0,17
1,0,1,1,29,0,0,0,13
3,1,2,1,29,0,0,0,13
15,6,9,2,6,1,0,0.00881057268722467,227
1,0,1,1,29,0,0,0,50
4,1,3,1,29,0,0,0.0350877192982456,57
3,1,2,1,29,0,0,0,38
3,1,2,1,29,0,0,0,37
3,1,2,1,29,0,0,0,34
11,5,6,1,29,0,0,0,37
3,0,3,1,29,0,0,0.0333333333333333,60
4,1,3,1,29,0,0,0,37
29,17,12,2,2,1,0,0,133
1,0,1,1,29,0,0,0,55
1,0,1,1,29,0,0,0,56
2,0,2,1,29,0,0,0,53
2,0,2,1,29,0,0,0.0169491525423729,118
2,0,2,1,29,0,0,0,54
2,0,2,1,29,0,0,0.021978021978022,91
5,1,4,2,0,1,0,0.00854700854700855,234
1,0,1,1,29,0,0,0,21
1,0,1,1,29,0,0,0,16
1,0,1,1,29,0,0,0,29
1,0,1,1,29,0,0,0,37
1,0,1,1,29,0,0,0,63
3,1,2,1,29,0,0,0,13
1,0,1,1,29,0,0,0,16
1,0,1,1,29,0,0,0,15
1,0,1,1,29,0,0,0,72
3,1,2,1,29,0,0,0,42
1,0,1,1,29,0,0,0,44
7,3,4,1,29,0,0,0,23
3,1,2,1,29,0,0,0,63
1,0,1,1,29,0,0,0,37
3,1,2,1,29,0,0,0,28
3,1,2,1,29,0,0,0,15
4,1,3,1,29,0,0,0.021505376344086,93
1,0,1,1,29,0,0,0,77
2,0,2,1,29,0,0,0.0224719101123595,89
13,6,7,1,29,0,0,0.025974025974026,77
2,0,2,1,29,0,0,0,62
1,0,1,1,29,0,0,0,120
2,0,2,1,29,0,0,0.00934579439252336,214
2,0,2,1,29,0,0,0.0307692307692308,65
1,0,1,1,29,0,0,0,36
1,0,1,1,29,0,0,0,26
1,0,1,1,29,0,0,0,63
1,0,1,1,29,0,0,0,61
1,0,1,1,29,0,0,0,37
3,1,2,1,29,0,0,0,35
2,0,2,1,29,0,0,0,55
3,0,3,1,29,0,0,0,59
2,0,2,1,29,0,0,0,57
3,1,2,1,29,0,0,0,39
3,0,3,1,29,0,0,0,48
1,0,1,1,29,0,0,0,43
1,1,0,1,29,0,0,0,12
2,0,2,1,29,0,0,0,128
0,0,0,2,23,2,0,0,35
3,0,3,1,29,0,0,0.00813008130081301,246
3,0,3,1,29,0,0,0.0222222222222222,90
6,0,6,1,29,0,0,0,33
2,0,2,1,29,0,0,0,154
4,1,3,1,29,0,0,0,18
2,0,2,1,29,0,0,0,114
16,10,6,3,5,3,0,0,491
5,1,4,2,4,1,1,0,78
0,0,0,1,1,1,0,0,0
2,0,2,1,29,0,0,0,124
1,0,1,1,29,0,0,0,18
5,2,3,1,29,0,0,0,24
14,6,8,1,29,0,0,0,45
5,2,3,1,29,0,0,0,38
1,0,1,1,29,0,0,0,50
1,0,1,1,29,0,0,0,19
5,2,3,1,29,0,0,0,13
7,3,4,1,29,0,0,0,38
4,1,3,1,29,0,0,0.0333333333333333,60
9,3,6,1,29,0,0,0.0158730158730159,126
4,1,3,1,29,0,0,0.0444444444444444,45
3,1,2,1,29,0,0,0,30
4,1,3,1,29,0,0,0.0108108108108108,185
5,2,3,1,29,0,0,0,42
1,0,1,1,29,0,0,0,42
3,1,2,1,29,0,0,0,23
4,1,3,1,29,0,0,0.0540540540540541,37
4,2,2,1,29,0,0,0.0384615384615385,104
1,0,1,1,29,0,0,0,91
1,0,1,1,29,0,0,0,54
1,0,1,1,29,0,0,0,54
1,0,1,1,29,0,0,0,38
1,0,1,1,29,0,0,0,38
1,0,1,1,29,0,0,0,38
1,0,1,1,29,0,0,0,38
4,1,3,1,29,0,0,0.0210526315789474,95
4,2,2,1,29,0,0,0.0298507462686567,134
1,0,1,1,29,0,0,0,73
5,2,3,1,29,0,0,0,43
2,0,2,1,29,0,0,0,46
7,3,4,1,29,0,0,0,26
4,1,3,1,29,0,0,0.0512820512820513,39
3,1,2,1,29,0,0,0,21
2,0,2,1,29,0,0,0,74
2,0,2,1,29,0,0,0.025,40
1,1,0,1,29,0,0,0,18
3,0,3,1,29,0,0,0,169
4,0,4,1,29,0,0,0.0384615384615385,52
1,0,1,1,29,0,0,0,51
1,0,1,1,29,0,0,0,50
2,1,1,1,29,0,0,0.00482509047044632,829
1,0,1,1,29,0,0,0,74
2,0,2,1,29,0,0,0.00851063829787234,235
5,2,3,1,29,0,0,0,33
7,0,7,1,29,0,0,0,45
1,0,1,1,29,0,0,0.0769230769230769,26
3,1,2,1,29,0,0,0,64
5,2,3,1,29,0,0,0,53
1,0,1,1,29,0,0,0,9
1,0,1,1,29,0,0,0,41
1,0,1,1,29,0,0,0,41
1,0,1,1,29,0,0,0,33
1,0,1,1,29,0,0,0,60
1,0,1,1,29,0,0,0,41
1,0,1,1,29,0,0,0,50
1,0,1,1,29,0,0,0,41
3,1,2,1,29,0,0,0,53
3,1,2,1,29,0,0,0,64
5,2,3,1,29,0,0,0,67
3,1,2,1,29,0,0,0,67
8,3,5,1,29,0,0,0,103
1,0,1,1,29,0,0,0,59
18,8,10,1,29,0,0,0.00547945205479452,365
2,0,2,1,29,0,0,0,78
3,1,2,1,29,0,0,0,116
1,0,1,1,29,0,0,0,51
2,0,2,1,29,0,0,0.0714285714285714,28
1,0,1,1,29,0,0,0,24
1,0,1,1,29,0,0,0,12
2,0,2,1,29,0,0,0.0143884892086331,139
1,1,0,1,29,0,0,0,41
1,0,1,1,29,0,0,0,52
14,10,4,1,29,0,0,0,92
3,1,2,1,29,0,0,0,31
1,0,1,1,29,0,0,0,34
1,0,1,1,29,0,0,0,34
2,0,2,1,29,0,0,0.0645161290322581,31
2,0,2,1,29,0,0,0.0145985401459854,137
1,0,1,1,29,0,0,0,19
2,0,2,1,29,0,0,0.0363636363636364,55
2,0,2,1,29,0,0,0.0147058823529412,136
1,0,1,1,29,0,0,0,59
1,1,0,1,29,0,0,0,28
2,0,2,1,29,0,0,0.00858369098712446,233
1,0,1,1,29,0,0,0,19
1,0,1,1,29,0,0,0,19
1,0,1,1,29,0,0,0,32
1,0,1,1,29,0,0,0,41
3,1,2,1,29,0,0,0,23
3,2,1,1,29,0,0,0,11
5,2,3,1,29,0,0,0,23
1,0,1,1,29,0,0,0,28
3,2,1,1,29,0,0,0,22
1,0,1,1,29,0,0,0,42
1,0,1,1,29,0,0,0,4
1,0,1,1,29,0,0,0,40
3,1,2,1,29,0,0,0,22
3,2,1,1,29,0,0,0,10
5,2,3,1,29,0,0,0,22
1,0,1,1,29,0,0,0,27
3,2,1,1,29,0,0,0,21
1,0,1,1,29,0,0,0,41
2,1,1,1,29,0,0,0,5
1,0,1,1,29,0,0,0,39
3,1,2,1,29,0,0,0,11
1,0,1,1,29,0,0,0,32
1,1,0,1,29,0,0,0,27
1,0,1,1,29,0,0,0,3
1,0,1,1,29,0,0,0,30
5,2,3,1,29,0,0,0,43
5,2,3,1,29,0,0,0,43
1,1,0,1,29,0,0,0,18
1,1,0,1,29,0,0,0,18
1,0,1,1,29,0,0,0,41
3,1,2,1,29,0,0,0,23
3,2,1,1,29,0,0,0,11
5,2,3,1,29,0,0,0,23
1,0,1,1,29,0,0,0,28
3,2,1,1,29,0,0,0,22
1,0,1,1,29,0,0,0,42
1,0,1,1,29,0,0,0,5
2,0,2,1,29,0,0,0,48
2,0,2,1,29,0,0,0.00355871886120996,281
4,1,3,2,4,1,1,0.00433839479392625,461
17,7,10,1,29,0,0,0.00268096514745308,373
1,0,1,1,29,0,0,0,19
2,0,2,1,29,0,0,0.00952380952380952,105
4,1,3,1,29,0,0,0.0363636363636364,55
6,2,4,1,29,0,0,0.00573613766730402,523
1,0,1,1,29,0,0,0,45
2,0,2,1,29,0,0,0.00666666666666667,300
1,0,1,1,29,0,0,0,23
3,1,2,1,29,0,0,0,39
2,0,2,1,29,0,0,0,29
3,0,3,1,29,0,0,0.0333333333333333,60
2,0,2,1,29,0,0,0.0588235294117647,34
2,0,2,1,29,0,0,0,113
5,2,3,1,29,0,0,0,95
3,1,2,1,29,0,0,0,80
3,2,1,1,29,0,0,0,54
11,5,6,1,29,0,0,0,48
3,1,2,1,29,0,0,0.0285714285714286,35
3,1,2,1,29,0,0,0,64
3,2,1,1,29,0,0,0,11
3,2,1,1,29,0,0,0,11
4,1,3,1,29,0,0,0.0263157894736842,76
4,1,3,1,29,0,0,0.0769230769230769,26
3,2,1,1,29,0,0,0,54
11,5,6,1,29,0,0,0,48
3,1,2,1,29,0,0,0,64
3,2,1,1,29,0,0,0,11
3,2,1,1,29,0,0,0,11
4,1,3,1,29,0,0,0.0512820512820513,39
4,1,3,1,29,0,0,0.03125,32
2,2,0,1,29,0,0,0,115
2,2,0,1,29,0,0,0,101
2,2,0,1,29,0,0,0,469
1,0,1,1,29,0,0,0,57
3,1,2,1,29,0,0,0,36
9,4,5,1,29,0,0,0,40
9,4,5,1,29,0,0,0,31
2,0,2,1,29,0,0,0,210
9,3,6,1,29,0,0,0.010989010989011,91
1,0,1,1,29,0,0,0,47
1,0,1,1,29,0,0,0,47
3,1,2,1,29,0,0,0,91
37,27,10,3,14,0,0,0.0238095238095238,42
1,1,0,1,29,0,0,0,32
1,0,1,1,29,0,0,0,38
1,1,0,1,29,0,0,0,33
1,0,1,1,29,0,0,0.0238095238095238,42
1,1,0,1,29,0,0,0,39
1,0,1,1,29,0,0,0.024390243902439,41
1,0,1,1,29,0,0,0.0256410256410256,39
1,1,0,1,29,0,0,0,68
1,0,1,1,29,0,0,0,39
1,0,1,1,29,0,0,0,37
4,1,3,1,29,0,0,0,38
4,1,3,1,29,0,0,0,38
4,1,3,1,29,0,0,0,38
2,0,2,1,29,0,0,0,135
3,0,3,1,29,0,0,0,183
11,6,5,1,29,0,0,0.0104166666666667,96
15,6,9,1,29,0,0,0,160
2,0,2,1,29,0,0,0,105
5,1,4,1,29,0,0,0,75
43,22,21,3,25,0,0,0,314
6,2,4,1,29,0,0,0,48
21,10,11,3,25,0,0,0.00177619893428064,563
1,1,0,1,29,0,0,0,61
7,1,6,1,29,0,0,0,83
33,18,15,1,29,0,0,0.00155763239875389,642
12,5,7,1,29,0,0,0,49
2,0,2,1,29,0,0,0,70
5,1,4,1,29,0,0,0,158
1,0,1,1,29,0,0,0,65
29,20,9,3,25,0,0,0,252
2,0,2,1,29,0,0,0,100
1,0,1,1,29,0,0,0,130
13,6,7,1,29,0,0,0,146
1,1,0,1,29,0,0,0,34
16,9,7,1,29,0,0,0,315
4,1,3,1,29,0,0,0,90
1,0,1,1,29,0,0,0,39
4,1,3,1,29,0,0,0,55
6,2,4,1,29,0,0,0,14
6,2,4,1,29,0,0,0,190
1,0,1,1,29,0,0,0.00892857142857143,112
2,0,2,1,29,0,0,0,125
12,5,7,2,4,1,1,0,114
1,0,1,1,29,0,0,0,55
1,0,1,1,29,0,0,0,104
3,1,2,1,29,0,0,0,97
1,1,0,1,29,0,0,0,55
34,15,19,2,12,1,0,0,106
4,1,3,2,4,1,1,0,107
1,0,1,1,29,0,0,0,33
4,1,3,1,29,0,0,0,33
14,5,9,1,29,0,0,0,154
4,1,3,1,29,0,0,0,85
7,2,5,1,29,0,0,0,70
1,0,1,1,29,0,0,0,31
13,5,8,1,29,0,0,0,106
9,3,6,1,29,0,0,0,98
2,0,2,1,29,0,0,0,61
2,0,2,1,29,0,0,0,86
9,3,6,2,4,1,1,0,116
2,0,2,1,29,0,0,0,97
4,1,3,1,29,0,0,0,98
1,0,1,1,29,0,0,0,74
1,0,1,1,29,0,0,0,31
3,0,3,1,29,0,0,0,128
7,2,5,1,29,0,0,0,153
5,1,4,1,29,0,0,0,71
3,1,2,1,29,0,0,0,69
5,1,4,1,29,0,0,0,82
5,1,4,1,29,0,0,0,75
1,0,1,1,29,0,0,0,50
1,0,1,1,29,0,0,0,82
13,5,8,1,29,0,0,0,98
11,4,7,1,29,0,0,0,110
2,0,2,1,29,0,0,0,61
2,0,2,1,29,0,0,0,42
2,0,2,1,29,0,0,0,57
2,0,2,1,29,0,0,0,57
2,0,2,1,29,0,0,0,52
2,0,2,1,29,0,0,0,55
4,1,3,1,29,0,0,0,53
30,13,17,3,0,2,0,0.0174825174825175,286
5,1,4,1,29,0,0,0,65
2,0,2,1,29,0,0,0,70
2,0,2,1,29,0,0,0,68
2,0,2,1,29,0,0,0,84
1,1,0,1,29,0,0,0,32
8,3,5,1,29,0,0,0,83
2,0,2,1,29,0,0,0,84
2,0,2,1,29,0,0,0,135
4,0,4,1,29,0,0,0,91
4,1,3,1,29,0,0,0,131
2,0,2,1,29,0,0,0,39
4,1,3,1,29,0,0,0,155
1,0,1,1,29,0,0,0,70
2,0,2,1,29,0,0,0,106
2,0,2,1,29,0,0,0,108
4,1,3,1,29,0,0,0,38
2,0,2,1,29,0,0,0,174
7,1,6,1,29,0,0,0,115
2,0,2,1,29,0,0,0,135
23,13,10,1,29,0,0,0.00289017341040462,346
1,0,1,1,29,0,0,0,44
1,1,0,1,29,0,0,0,43
1,0,1,1,29,0,0,0,53
11,8,3,1,29,0,0,0,127
9,3,6,1,29,0,0,0,68
5,2,3,1,29,0,0,0,125
8,3,5,1,29,0,0,0,82
2,0,2,1,29,0,0,0,57
1,0,1,1,29,0,0,0,34
2,0,2,1,29,0,0,0,56
1,0,1,1,29,0,0,0,59
10,4,6,1,29,0,0,0,264
1,0,1,1,29,0,0,0,52
3,1,2,1,29,0,0,0,50
1,0,1,1,29,0,0,0,59
1,1,0,1,29,0,0,0,32
1,0,1,1,29,0,0,0,46
3,1,2,1,29,0,0,0,47
1,0,1,1,29,0,0,0,49
1,0,1,1,29,0,0,0,42
3,1,2,1,29,0,0,0,51
3,1,2,1,29,0,0,0,51
3,1,2,1,29,0,0,0,50
3,1,2,1,29,0,0,0,57
1,0,1,1,29,0,0,0,44
3,1,2,1,29,0,0,0,64
13,5,8,1,29,0,0,0,225
2,0,2,1,29,0,0,0,113
2,0,2,1,29,0,0,0,145
1,0,1,1,29,0,0,0,37
3,1,2,1,29,0,0,0,44
1,0,1,1,29,0,0,0,37
3,1,2,1,29,0,0,0,48
1,0,1,1,29,0,0,0,42
1,0,1,1,29,0,0,0,42
1,0,1,1,29,0,0,0,38
1,0,1,1,29,0,0,0,35
1,0,1,1,29,0,0,0,41
1,0,1,1,29,0,0,0,35
4,0,4,1,29,0,0,0,285
4,1,3,1,29,0,0,0,37
24,13,11,1,29,0,0,0.0087719298245614,114
2,0,2,1,29,0,0,0,89
1,0,1,1,29,0,0,0,33
4,1,3,1,29,0,0,0,42
2,0,2,1,29,0,0,0,73
20,9,11,1,29,0,0,0,98
22,10,12,1,29,0,0,0,76
9,4,5,1,29,0,0,0.04,25
2,0,2,1,29,0,0,0,177
7,2,5,1,29,0,0,0.00645161290322581,155
5,1,4,1,29,0,0,0.0151515151515152,66
7,2,5,1,29,0,0,0,98
5,1,4,1,29,0,0,0,87
4,1,3,1,29,0,0,0,55
5,1,4,1,29,0,0,0,82
5,1,4,1,29,0,0,0,86
14,6,8,1,29,0,0,0,181
5,1,4,1,29,0,0,0,85
15,6,9,1,29,0,0,0,206
1,1,0,1,29,0,0,0,38
1,1,0,1,29,0,0,0,37
1,1,0,1,29,0,0,0,42
1,1,0,1,29,0,0,0,40
1,0,1,1,29,0,0,0,1733
1,0,1,1,29,0,0,0,39
1,1,0,1,29,0,0,0,51
1,1,0,1,29,0,0,0,38
1,1,0,1,29,0,0,0,72
1,0,1,1,29,0,0,0,73
18,12,6,1,29,0,0,0,162
1,1,0,1,29,0,0,0,80
1,0,1,1,29,0,0,0,37
1,0,1,1,29,0,0,0,67
1,0,1,1,29,0,0,0,70
1,0,1,1,29,0,0,0,73
2,0,2,1,29,0,0,0,240
2,0,2,1,29,0,0,0,215
12,6,6,1,29,0,0,0,92
1,0,1,1,29,0,0,0,60
0,0,0,1,29,0,0,0,0
11,6,5,1,29,0,0,0.0428571428571429,140
76,39,37,3,16,2,0,0.027027027027027,111
84,46,38,3,16,2,0,0.03125,96
2,0,2,1,29,0,0,0,90
2,0,2,1,29,0,0,0,91
2,0,2,1,29,0,0,0,106
2,0,2,1,29,0,0,0,106
2,0,2,1,29,0,0,0,91
4,1,3,1,29,0,0,0,107
1,0,1,1,29,0,0,0,90
5,1,4,1,29,0,0,0,103
5,1,4,1,29,0,0,0,85
5,1,4,1,29,0,0,0,83
5,1,4,1,29,0,0,0,83
1,0,1,1,29,0,0,0,82
1,0,1,1,29,0,0,0,82
7,2,5,1,29,0,0,0,96
2,0,2,1,29,0,0,0,110
1,0,1,1,29,0,0,0,67
1,1,0,1,29,0,0,0,65
2,0,2,1,29,0,0,0,109
6,2,4,1,29,0,0,0,85
2,0,2,1,29,0,0,0,94
8,3,5,1,29,0,0,0,87
2,0,2,1,29,0,0,0,94
10,4,6,1,29,0,0,0,86
2,0,2,1,29,0,0,0,94
1,0,1,1,29,0,0,0,76
5,1,4,1,29,0,0,0,95
2,0,2,1,29,0,0,0,135
5,1,4,1,29,0,0,0,93
15,6,9,2,12,1,0,0,116
4,1,3,1,29,0,0,0,86
1,1,0,1,29,0,0,0,41
8,4,4,2,12,1,0,0,99
3,1,2,1,29,0,0,0,82
6,2,4,1,29,0,0,0,87
1,0,1,1,29,0,0,0,81
2,0,2,1,29,0,0,0,86
2,0,2,1,29,0,0,0,85
2,0,2,1,29,0,0,0,81
3,1,2,1,29,0,0,0,54
6,2,4,1,29,0,0,0,46
1,0,1,1,29,0,0,0,80
2,0,2,1,29,0,0,0,102
2,0,2,1,29,0,0,0,104
2,0,2,1,29,0,0,0,103
2,0,2,1,29,0,0,0,104
2,0,2,1,29,0,0,0,104
2,0,2,1,29,0,0,0,104
2,0,2,1,29,0,0,0,103
13,8,5,1,29,0,0,0,99
11,7,4,1,29,0,0,0,113
11,7,4,1,29,0,0,0,113
14,9,5,1,29,0,0,0,95
14,9,5,1,29,0,0,0,94
16,10,6,1,29,0,0,0,112
2,0,2,1,29,0,0,0,104
12,7,5,1,29,0,0,0,94
10,5,5,1,29,0,0,0,116
2,0,2,1,29,0,0,0,105
2,0,2,1,29,0,0,0,104
2,0,2,1,29,0,0,0,113
4,1,3,1,29,0,0,0,107
5,1,4,1,29,0,0,0,107
2,0,2,1,29,0,0,0,104
2,0,2,1,29,0,0,0,104
2,0,2,1,29,0,0,0,105
2,0,2,1,29,0,0,0,110
8,5,3,1,29,0,0,0,86
8,5,3,1,29,0,0,0,86
12,7,5,1,29,0,0,0,101
2,0,2,1,29,0,0,0,120
9,6,3,1,29,0,0,0,98
16,9,7,1,29,0,0,0,93
5,2,3,1,29,0,0,0,61
13,10,3,1,29,0,0,0,94
14,8,6,1,29,0,0,0,91
8,5,3,1,29,0,0,0,87
14,8,6,1,29,0,0,0,92
2,0,2,1,29,0,0,0,105
2,0,2,1,29,0,0,0,107
2,0,2,1,29,0,0,0,105
2,0,2,1,29,0,0,0,106
2,0,2,1,29,0,0,0,122
4,1,3,1,29,0,0,0,59
16,10,6,1,29,0,0,0,96
9,6,3,1,29,0,0,0,98
2,0,2,1,29,0,0,0,105
2,0,2,1,29,0,0,0,127
2,0,2,1,29,0,0,0,105
2,0,2,1,29,0,0,0,128
2,0,2,1,29,0,0,0,92
5,1,4,1,29,0,0,0,82
2,0,2,1,29,0,0,0,79
2,0,2,1,29,0,0,0,80
4,1,3,1,29,0,0,0,82
4,1,3,1,29,0,0,0,70
5,1,4,1,29,0,0,0.0285714285714286,70
2,0,2,1,29,0,0,0,96
5,1,4,1,29,0,0,0.0434782608695652,46
5,1,4,1,29,0,0,0.0266666666666667,75
4,1,3,1,29,0,0,0,108
5,1,4,1,29,0,0,0.0256410256410256,78
2,0,2,1,29,0,0,0,107
3,0,3,1,29,0,0,0.0235294117647059,85
2,0,2,1,29,0,0,0,86
1,0,1,1,29,0,0,0,84
2,0,2,1,29,0,0,0,103
2,0,2,1,29,0,0,0,101
1,0,1,1,29,0,0,0,99
2,0,2,1,29,0,0,0,101
5,1,4,1,29,0,0,0.0149253731343284,134
5,1,4,1,29,0,0,0.0285714285714286,70
5,1,4,1,29,0,0,0.0161290322580645,124
5,1,4,1,29,0,0,0.0303030303030303,66
5,1,4,1,29,0,0,0.0204081632653061,98
6,1,5,1,29,0,0,0.0289855072463768,69
5,1,4,1,29,0,0,0.0127388535031847,157
5,1,4,1,29,0,0,0.024390243902439,82
5,1,4,1,29,0,0,0.0266666666666667,75
5,1,4,1,29,0,0,0.0142857142857143,140
5,1,4,1,29,0,0,0.02,100
5,1,4,1,29,0,0,0.0240963855421687,83
9,3,6,1,29,0,0,0.019047619047619,105
5,1,4,1,29,0,0,0.0165289256198347,121
5,1,4,1,29,0,0,0.0151515151515152,132
5,1,4,1,29,0,0,0.0166666666666667,120
5,1,4,1,29,0,0,0.0185185185185185,108
2,0,2,1,29,0,0,0,87
5,1,4,1,29,0,0,0.0196078431372549,102
2,0,2,1,29,0,0,0,86
6,2,4,1,29,0,0,0.0357142857142857,56
1,0,1,1,29,0,0,0,14
1,0,1,1,29,0,0,0,15
10,6,4,1,29,0,0,0,45
13,8,5,1,29,0,0,0,43
5,1,4,1,29,0,0,0.0116279069767442,172
3,1,2,1,29,0,0,0.0105820105820106,378
5,1,4,1,29,0,0,0.0240963855421687,83
9,3,6,1,29,0,0,0.0188679245283019,106
9,3,6,1,29,0,0,0.018348623853211,109
11,4,7,1,29,0,0,0.018348623853211,109
5,1,4,1,29,0,0,0.0208333333333333,96
5,1,4,1,29,0,0,0.0238095238095238,84
2,0,2,1,29,0,0,0,97
5,1,4,1,29,0,0,0.0285714285714286,70
2,0,2,1,29,0,0,0,109
5,1,4,1,29,0,0,0.0277777777777778,72
2,0,2,1,29,0,0,0,122
5,1,4,1,29,0,0,0.028169014084507,71
1,0,1,1,29,0,0,0,64
2,0,2,1,29,0,0,0,87
5,1,4,1,29,0,0,0.0289855072463768,69
5,2,3,1,29,0,0,0,50
20,9,11,1,29,0,0,0.0150375939849624,133
2,0,2,1,29,0,0,0,54
2,0,2,1,29,0,0,0,61
22,10,12,1,29,0,0,0.0155038759689922,129
8,3,5,1,29,0,0,0,54
5,2,3,1,29,0,0,0,50
22,10,12,1,29,0,0,0.0158730158730159,126
10,4,6,1,29,0,0,0,56
3,2,1,1,29,0,0,0,49
22,10,12,1,29,0,0,0.0155038759689922,129
5,2,3,1,29,0,0,0,53
5,2,3,1,29,0,0,0,50
18,8,10,1,29,0,0,0.0153846153846154,130
7,3,4,1,29,0,0,0,55
3,2,1,1,29,0,0,0,49
18,8,10,1,29,0,0,0.0165289256198347,121
9,3,6,1,29,0,0,0.046875,64
5,1,4,1,29,0,0,0.0277777777777778,72
11,4,7,1,29,0,0,0.0196078431372549,102
11,4,7,1,29,0,0,0.0204081632653061,98
11,4,7,1,29,0,0,0.0202020202020202,99
11,4,7,1,29,0,0,0.0178571428571429,112
5,1,4,1,29,0,0,0.0202020202020202,99
10,4,6,1,29,0,0,0,63
12,5,7,1,29,0,0,0,107
8,3,5,1,29,0,0,0.0246913580246914,81
13,8,5,1,29,0,0,0.00896860986547085,223
10,4,6,1,29,0,0,0.025,80
4,1,3,1,29,0,0,0.04,50
5,1,4,1,29,0,0,0.0222222222222222,90
2,0,2,1,29,0,0,0,75
5,1,4,1,29,0,0,0.0222222222222222,90
5,1,4,1,29,0,0,0.021978021978022,91
2,0,2,1,29,0,0,0,91
2,0,2,1,29,0,0,0,87
5,1,4,1,29,0,0,0.0166666666666667,120
2,0,2,1,29,0,0,0,91
2,0,2,1,29,0,0,0,84
5,1,4,1,29,0,0,0.0222222222222222,90
2,0,2,1,29,0,0,0,41
2,0,2,1,29,0,0,0,92
5,1,4,1,29,0,0,0,96
3,0,3,1,29,0,0,0,73
5,1,4,1,29,0,0,0.018018018018018,111
2,0,2,1,29,0,0,0,48
9,3,6,1,29,0,0,0.0198019801980198,101
2,0,2,1,29,0,0,0,79
2,0,2,1,29,0,0,0,75
2,0,2,1,29,0,0,0,103
5,1,4,1,29,0,0,0.0194174757281553,103
2,0,2,1,29,0,0,0,84
4,1,3,1,29,0,0,0,70
9,3,6,1,29,0,0,0,67
2,0,2,1,29,0,0,0,34
2,0,2,1,29,0,0,0,34
10,3,7,1,29,0,0,0.024390243902439,82
5,1,4,1,29,0,0,0.0224719101123595,89
2,0,2,1,29,0,0,0,81
5,1,4,1,29,0,0,0.0224719101123595,89
2,0,2,1,29,0,0,0,101
2,0,2,1,29,0,0,0,93
5,1,4,1,29,0,0,0.0170940170940171,117
2,0,2,1,29,0,0,0,101
2,0,2,1,29,0,0,0,81
5,1,4,1,29,0,0,0,70
3,0,3,1,29,0,0,0,50
5,1,4,1,29,0,0,0.0172413793103448,116
2,0,2,1,29,0,0,0,19
2,0,2,1,29,0,0,0,81
2,0,2,1,29,0,0,0,113
5,1,4,1,29,0,0,0.0202020202020202,99
2,0,2,1,29,0,0,0,75
5,1,4,1,29,0,0,0.0222222222222222,90
2,0,2,1,29,0,0,0,75
5,1,4,1,29,0,0,0.021978021978022,91
3,0,3,1,29,0,0,0,91
2,0,2,1,29,0,0,0,87
5,1,4,1,29,0,0,0.0166666666666667,120
2,0,2,1,29,0,0,0,91
2,0,2,1,29,0,0,0,84
5,1,4,1,29,0,0,0,96
3,0,3,1,29,0,0,0,73
5,1,4,1,29,0,0,0.018018018018018,111
2,0,2,1,29,0,0,0,48
2,0,2,1,29,0,0,0,75
2,0,2,1,29,0,0,0,103
5,1,4,1,29,0,0,0.0194174757281553,103
2,0,2,1,29,0,0,0,84
1,0,1,1,29,0,0,0,71
4,1,3,1,29,0,0,0,99
1,1,0,1,29,0,0,0,10
5,1,4,1,29,0,0,0.021978021978022,91
7,2,5,1,29,0,0,0.0169491525423729,118
1,0,1,1,29,0,0,0,41
1,1,0,1,29,0,0,0,41
1,0,1,1,29,0,0,0,19
2,0,2,1,29,0,0,0.025,40
2,0,2,1,29,0,0,0.024390243902439,41
2,0,2,1,29,0,0,0.025,40
2,0,2,1,29,0,0,0.019047619047619,105
1,0,1,1,29,0,0,0,50
1,1,0,1,29,0,0,0,47
1,0,1,1,29,0,0,0,23
2,0,2,1,29,0,0,0.0357142857142857,28
2,0,2,1,29,0,0,0.0344827586206897,29
2,0,2,1,29,0,0,0.0357142857142857,28
2,0,2,1,29,0,0,0.019047619047619,105
1,0,1,1,29,0,0,0,50
1,1,0,1,29,0,0,0,48
1,0,1,1,29,0,0,0,24
2,0,2,1,29,0,0,0.037037037037037,27
2,0,2,1,29,0,0,0.0333333333333333,30
2,0,2,1,29,0,0,0.0357142857142857,28
1,1,0,1,29,0,0,0,15
5,1,4,1,29,0,0,0.0178571428571429,112
2,0,2,1,29,0,0,0,90
2,0,2,1,29,0,0,0,109
4,1,3,1,29,0,0,0.0555555555555556,72
6,2,4,1,29,0,0,0.0655737704918033,61
5,1,4,1,29,0,0,0.00956937799043062,209
5,1,4,1,29,0,0,0.0109289617486339,183
5,1,4,1,29,0,0,0.00956937799043062,209
8,3,5,1,29,0,0,0.0109289617486339,183
10,4,6,1,29,0,0,0.00921658986175115,217
5,0,5,1,29,0,0,0,21
5,0,5,1,29,0,0,0,21
6,0,6,1,29,0,0,0,32
3,0,3,1,29,0,0,0.018018018018018,111
6,0,6,1,29,0,0,0,42
9,3,6,1,29,0,0,0.0068259385665529,293
5,1,4,1,29,0,0,0.0102040816326531,196
5,1,4,1,29,0,0,0,87
10,4,6,1,29,0,0,0.0141843971631206,141
5,1,4,1,29,0,0,0.0115606936416185,173
5,1,4,1,29,0,0,0.0148148148148148,135
5,1,4,1,29,0,0,0.0115606936416185,173
16,7,9,1,29,0,0,0.0170940170940171,117
10,3,7,1,29,0,0,0.0121951219512195,164
7,1,6,1,29,0,0,0.0118343195266272,169
5,1,4,1,29,0,0,0.0178571428571429,112
2,0,2,1,29,0,0,0,110
7,2,5,1,29,0,0,0.0150375939849624,133
2,0,2,1,29,0,0,0,108
2,0,2,1,29,0,0,0,110
4,1,3,1,29,0,0,0,95
7,2,5,1,29,0,0,0.015625,128
7,2,5,1,29,0,0,0.015625,128
3,0,3,1,29,0,0,0,78
3,0,3,1,29,0,0,0.00684931506849315,292
4,1,3,1,29,0,0,0,188
1,0,1,1,29,0,0,0,81
1,0,1,1,29,0,0,0,79
1,0,1,1,29,0,0,0,84
4,1,3,1,29,0,0,0,108
1,0,1,1,29,0,0,0,85
7,2,5,1,29,0,0,0.0145985401459854,137
2,0,2,1,29,0,0,0,106
2,0,2,1,29,0,0,0,110
7,2,5,1,29,0,0,0.0145985401459854,137
2,0,2,1,29,0,0,0,120
2,0,2,1,29,0,0,0,116
1,0,1,1,29,0,0,0,83
5,1,4,1,29,0,0,0.0289855072463768,69
2,0,2,1,29,0,0,0,103
4,1,3,1,29,0,0,0.025974025974026,77
9,6,3,1,29,0,0,0,55
6,3,3,1,29,0,0,0,58
5,1,4,1,29,0,0,0.0109289617486339,183
5,1,4,1,29,0,0,0.0123456790123457,162
5,1,4,1,29,0,0,0.0108695652173913,184
5,1,4,1,29,0,0,0.0116959064327485,171
5,1,4,1,29,0,0,0.0116959064327485,171
5,1,4,1,29,0,0,0.00806451612903226,248
5,1,4,1,29,0,0,0.0188679245283019,106
6,1,5,1,29,0,0,0.0192307692307692,104
2,0,2,1,29,0,0,0,85
2,0,2,1,29,0,0,0,88
5,1,4,1,29,0,0,0.0148148148148148,135
5,1,4,1,29,0,0,0.0147058823529412,136
5,1,4,1,29,0,0,0.0149253731343284,134
5,1,4,1,29,0,0,0.0149253731343284,134
5,1,4,1,29,0,0,0.0148148148148148,135
5,1,4,1,29,0,0,0.0192307692307692,104
5,1,4,1,29,0,0,0.015625,128
12,5,7,1,29,0,0,0.00675675675675676,296
12,5,7,1,29,0,0,0.00809716599190283,247
11,4,7,1,29,0,0,0.00803212851405622,249
12,5,7,1,29,0,0,0.00921658986175115,217
12,5,7,1,29,0,0,0.0131578947368421,152
5,0,5,1,29,0,0,0,21
5,0,5,1,29,0,0,0,21
5,0,5,1,29,0,0,0,31
6,0,6,1,29,0,0,0,42
3,0,3,1,29,0,0,0.0181818181818182,110
2,0,2,1,29,0,0,0,101
2,0,2,1,29,0,0,0,101
5,1,4,1,29,0,0,0.0178571428571429,112
5,1,4,1,29,0,0,0.0136054421768707,147
5,1,4,1,29,0,0,0.0158730158730159,126
2,0,2,1,29,0,0,0,101
2,0,2,1,29,0,0,0,101
2,0,2,1,29,0,0,0,111
2,0,2,1,29,0,0,0,111
5,1,4,1,29,0,0,0.016260162601626,123
5,1,4,1,29,0,0,0.016260162601626,123
2,0,2,1,29,0,0,0,83
2,0,2,1,29,0,0,0,97
5,1,4,1,29,0,0,0.0136986301369863,146
5,1,4,1,29,0,0,0.0151515151515152,132
5,1,4,1,29,0,0,0.021505376344086,93
2,0,2,1,29,0,0,0,87
9,3,6,1,29,0,0,0.0224719101123595,89
2,0,2,1,29,0,0,0,102
5,1,4,1,29,0,0,0.027027027027027,74
2,0,2,1,29,0,0,0.0206185567010309,97
7,1,6,1,29,0,0,0.0235294117647059,85
7,2,5,1,29,0,0,0.0185185185185185,108
5,1,4,1,29,0,0,0.0163934426229508,122
5,1,4,1,29,0,0,0.0206185567010309,97
5,1,4,1,29,0,0,0.0150375939849624,133
7,2,5,1,29,0,0,0.013986013986014,143
7,2,5,1,29,0,0,0.00947867298578199,211
5,1,4,1,29,0,0,0.00749063670411985,267
6,2,4,1,29,0,0,0.0253164556962025,79
5,1,4,1,29,0,0,0.00934579439252336,214
5,1,4,1,29,0,0,0.00938967136150235,213
0,0,0,2,25,0,0,0.0384615384615385,52
0,0,0,2,25,0,0,0,38
6,2,4,1,29,0,0,0.0136054421768707,147
2,0,2,1,29,0,0,0,62
3,0,3,1,29,0,0,0,63
3,0,3,1,29,0,0,0.0134228187919463,149
3,0,3,1,29,0,0,0.0135135135135135,148
2,0,2,1,29,0,0,0,80
5,1,4,1,29,0,0,0.0150375939849624,133
5,1,4,1,29,0,0,0.0152671755725191,131
7,1,6,1,29,0,0,0.0152671755725191,131
5,1,4,1,29,0,0,0.0152671755725191,131
5,1,4,1,29,0,0,0.0169491525423729,59
2,0,2,1,29,0,0,0,79
3,0,3,1,29,0,0,0.0135135135135135,148
2,0,2,1,29,0,0,0,36
3,0,3,1,29,0,0,0.0124223602484472,161
2,0,2,1,29,0,0,0,90
6,2,4,1,29,0,0,0.0172413793103448,58
3,0,3,1,29,0,0,0.02,100
4,1,3,1,29,0,0,0,81
1,0,1,1,29,0,0,0,33
1,0,1,1,29,0,0,0,36
5,1,4,1,29,0,0,0.0170940170940171,117
2,0,2,1,29,0,0,0,85
2,0,2,1,29,0,0,0,85
5,1,4,1,29,0,0,0.0235294117647059,85
7,2,5,1,29,0,0,0.021978021978022,91
7,2,5,1,29,0,0,0.0217391304347826,92
4,1,3,1,29,0,0,0,108
2,0,2,1,29,0,0,0,105
7,2,5,1,29,0,0,0.0222222222222222,90
7,2,5,1,29,0,0,0.0222222222222222,90
4,1,3,1,29,0,0,0,106
4,1,3,1,29,0,0,0,122
14,3,11,1,29,0,0,0.0196078431372549,102
3,0,3,1,29,0,0,0.00465116279069767,430
3,0,3,1,29,0,0,0.00466200466200466,429
2,0,2,1,29,0,0,0,82
1,0,1,1,29,0,0,0,95
2,0,2,1,29,0,0,0,92
3,0,3,1,29,0,0,0.0169491525423729,118
2,0,2,1,29,0,0,0,92
3,0,3,1,29,0,0,0.0169491525423729,118
2,0,2,1,29,0,0,0,82
1,0,1,1,29,0,0,0,95
2,0,2,1,29,0,0,0,92
3,0,3,1,29,0,0,0.0170940170940171,117
2,0,2,1,29,0,0,0,92
3,0,3,1,29,0,0,0.0170940170940171,117
6,2,4,1,29,0,0,0,106
1,0,1,1,29,0,0,0,11
9,3,6,1,29,0,0,0.00980392156862745,102
5,1,4,1,29,0,0,0.0181818181818182,55
5,1,4,1,29,0,0,0.0175438596491228,57
4,1,3,1,29,0,0,0.0123456790123457,81
6,2,4,1,29,0,0,0,111
8,3,5,1,29,0,0,0,99
11,7,4,1,29,0,0,0,162
1,0,1,1,29,0,0,0,74
2,0,2,1,29,0,0,0,115
2,0,2,1,29,0,0,0,150
2,0,2,1,29,0,0,0,101
6,1,5,1,29,0,0,0,435
5,1,4,1,29,0,0,0,92
2,0,2,1,29,0,0,0,152
3,0,3,1,29,0,0,0,699
2,0,2,1,29,0,0,0,170
2,0,2,1,29,0,0,0,39
1,0,1,1,29,0,0,0,40
1,0,1,1,29,0,0,0,71
2,0,2,1,29,0,0,0,38
1,0,1,1,29,0,0,0,47
1,0,1,1,29,0,0,0,86
2,0,2,1,29,0,0,0,36
3,0,3,1,29,0,0,0,303
2,0,2,1,29,0,0,0,31
2,0,2,1,29,0,0,0,168
3,0,3,1,29,0,0,0,92
1,0,1,1,29,0,0,0,47
3,0,3,1,29,0,0,0,148
39,17,22,2,7,1,0,0,51
1,1,0,1,29,0,0,0,33
2,0,2,1,29,0,0,0,82
2,0,2,1,29,0,0,0,207
2,0,2,1,29,0,0,0,229
2,0,2,1,29,0,0,0,113
1,0,1,1,29,0,0,0,67
30,19,11,3,6,2,0,0.016,125
20,10,10,3,0,2,0,0.0198019801980198,202
8,2,6,2,29,1,0,0.0280373831775701,107
4,1,3,2,4,1,1,0.0175438596491228,57
5,1,4,1,29,0,0,0,536
4,1,3,1,29,0,0,0,19
0,0,0,1,29,0,0,0,0
6,1,5,1,29,0,0,0,571
96,44,52,6,4,5,1,0.00520833333333333,576
1,0,1,1,29,0,0,0.0465116279069767,43
1,0,1,1,29,0,0,0.0212765957446809,47
2,0,2,1,29,0,0,0.0106382978723404,94
4,1,3,1,29,0,0,0.0204081632653061,49
1,0,1,1,29,0,0,0.0126582278481013,79
4,1,3,1,29,0,0,0.0204081632653061,49
17,2,15,3,0,2,0,0.0175438596491228,114
1326,669,657,6,2,5,1,0.00418410041841004,717
1,0,1,1,29,0,0,0.0108695652173913,92
5,1,4,1,29,0,0,0.0230769230769231,130
2,0,2,1,29,0,0,0.010752688172043,93
4,1,3,1,29,0,0,0.02,50
1,0,1,1,29,0,0,0.0106382978723404,94
4,1,3,1,29,0,0,0.0166666666666667,60
23,2,21,3,0,2,0,0.0153846153846154,130
202,107,95,3,0,2,0,0.00847457627118644,118
63,43,20,2,0,1,0,0,29
747,409,338,2,0,1,0,0.0084985835694051,353
807,421,386,3,0,2,0,0,520
3,1,2,1,29,0,0,0,90
3,1,2,1,29,0,0,0,66
1,0,1,1,29,0,0,0,89
345,185,160,2,0,1,0,0.00561797752808989,178
238,136,102,4,0,3,0,0,118
1,1,0,1,29,0,0,0,67
699,373,326,4,0,3,0,0.00268096514745308,373
3,1,2,1,29,0,0,0,123
3,1,2,1,29,0,0,0,106
3,1,2,1,29,0,0,0.0185185185185185,108
5,1,4,1,29,0,0,0,287
4,1,3,1,29,0,0,0,65
564,296,268,2,0,1,0,0.0157728706624606,317
3,1,2,1,29,0,0,0.00900900900900901,222
1,0,1,1,29,0,0,0,62
3,0,3,1,29,0,0,0,127
45,42,3,3,16,2,0,0.0186915887850467,107
0,0,0,1,6,1,0,0,87
3,0,3,1,29,0,0,0,315
3,0,3,1,29,0,0,0,159
425,178,247,4,0,3,0,0.00403225806451613,248
6,2,4,1,29,0,0,0,53
710,371,339,2,0,1,0,0,361
40,19,21,2,0,1,0,0,44
228,113,115,2,0,1,0,0.0150375939849624,133
13,5,8,3,0,2,0,0.0132450331125828,302
14,4,10,3,0,2,0,0.00961538461538462,208
76,38,38,4,7,3,0,0.00327868852459016,305
0,0,0,1,6,1,0,0,73
194,120,74,3,16,2,0,0.0194174757281553,103
3,0,3,1,29,0,0,0,317
1,0,1,1,29,0,0,0,104
3,0,3,2,6,1,0,0,0
0,0,0,1,6,1,0,0,82
5,1,4,1,29,0,0,0,58
3,1,2,1,29,0,0,0.0211267605633803,142
29,12,17,4,6,3,0,0.00675675675675676,148
2,0,2,2,0,1,0,0,0
7,2,5,3,0,2,1,0,0
47,42,5,4,4,3,1,0.00833333333333333,240
73,43,30,3,14,0,0,0.0131578947368421,76
5,1,4,1,29,0,0,0.0133333333333333,75
4,1,3,2,0,1,0,0,0
4,1,3,2,0,1,0,0,0
0,0,0,1,2,1,0,0,0
0,0,0,1,2,1,0,0,0
0,0,0,1,0,1,0,0,0
0,0,0,1,0,1,0,0,0
2,1,1,2,0,2,0,0,0
0,0,0,1,2,1,0,0,0
0,0,0,1,2,1,0,0,0
0,0,0,1,0,1,0,0,0
0,0,0,1,0,1,0,0,0
0,0,0,1,2,1,0,0,0
31,19,12,2,0,2,0,0,0
0,0,0,1,0,1,0,0,0
0,0,0,1,0,1,0,0,0
0,0,0,1,2,1,0,0,0
0,0,0,1,0,1,0,0,0
0,0,0,1,0,1,0,0,0
271,265,6,2,0,2,0,0,0
0,0,0,1,2,1,0,0,0
0,0,0,1,2,1,0,0,0
166,152,14,2,0,2,0,0,0
20,19,1,2,0,2,0,0,0
0,0,0,1,0,1,0,0,0
32,10,22,2,0,2,0,0,0
0,0,0,1,2,1,0,0,0
20,13,7,2,0,2,0,0,0
0,0,0,1,0,1,0,0,0
0,0,0,1,2,1,0,0,0
0,0,0,2,0,2,0,0,0
0,0,0,2,0,2,0,0,0
