CODECHURN,LOCADDED,LOCDELETED,REVISIONS,AGE,BUGFIXES,REFACTORINGS,ERROR_DENSITY,LOC
21,19,2,1,56,1,0,0,236
4,2,2,2,348,2,0,0.0020746887966805,482
700,631,69,26,7,26,0,0.0165710643722116,1569
79,60,19,17,0,17,0,0.0482456140350877,228
0,0,0,1,140,1,0,0,40
0,0,0,1,140,1,0,0,39
0,0,0,1,140,1,0,0,40
0,0,0,1,140,1,0,0,39
1777,1246,531,28,0,28,0,0.0372856077554064,1341
1732,1316,416,31,24,31,0,0.00952380952380952,1890
108,86,22,8,55,8,0,0.00125628140703518,796
17,10,7,9,59,9,0,0.00602409638554217,166
2,1,1,1,312,1,0,0,291
2,1,1,1,312,1,0,0,216
37,27,10,4,170,4,0,0.00755667506297229,397
260,173,87,15,49,15,0,0.00907441016333938,551
460,269,191,13,76,13,0,0.0044280442804428,1355
46,32,14,8,76,8,0,0.0087719298245614,342
256,186,70,8,153,8,0,0.016260162601626,615
51,41,10,3,119,3,0,0,363
12,8,4,3,119,3,0,0,107
11,11,0,1,119,1,0,0.00584795321637427,171
1,1,0,1,119,1,0,0.0120481927710843,83
3,3,0,2,152,2,0,0.024390243902439,82
3,3,0,2,152,2,0,0.0384615384615385,52
0,0,0,1,270,1,0,0,56
0,0,0,1,270,1,0,0,58
18,18,0,2,119,2,0,0.00257731958762887,388
10,10,0,2,119,2,0,0.00543478260869565,184
385,140,245,14,164,14,0,0.0130208333333333,768
39,27,12,12,59,12,0,0.0202702702702703,296
5,3,2,2,170,2,0,0.010752688172043,93
207,118,89,6,0,6,0,0.020066889632107,299
74,38,36,3,119,3,0,0.0085348506401138,703
10,5,5,1,270,1,0,0.0263157894736842,190
261,169,92,12,0,12,0,0.0129716981132075,848
6,4,2,2,119,2,0,0,40
25,18,7,3,59,3,0,0.00380228136882129,263
16,8,8,6,49,6,0,0.0396825396825397,126
47,27,20,3,249,3,0,0,272
16,14,2,1,312,1,0,0,113
395,297,98,2,259,2,0,0,457
11,8,3,2,259,2,0,0,66
18,17,1,2,341,2,0,0.00666666666666667,150
16,12,4,2,331,2,0,0.0103092783505155,97
2,1,1,1,270,1,0,0.00520833333333333,192
184,180,4,3,7,3,0,0,452
6,6,0,2,259,2,0,0,69
20,10,10,2,270,2,0,0,492
10,5,5,1,270,1,0,0,171
68,56,12,18,76,18,0,0.0113268608414239,618
21,19,2,13,76,13,0,0.0276497695852535,217
136,80,56,6,76,5,0,0.00462962962962963,1512
12,10,2,4,76,4,0,0.0173160173160173,231
16,10,6,3,86,3,0,0.00223214285714286,448
4,2,2,1,86,1,0,0,67
29,21,8,2,164,2,0,0.00647948164146868,463
15,10,5,2,164,2,0,0.0143884892086331,139
311,179,132,5,3,5,0,0.0028328611898017,353
116,12,104,4,282,4,0,0,147
14,7,7,3,312,3,0,0,588
6,5,1,1,285,1,0,0.00197628458498024,506
9,6,3,3,170,3,0,0,110
202,132,70,13,55,13,0,0.00837209302325581,1075
13,7,6,5,55,5,0,0.0198675496688742,151
10,5,5,1,270,1,0,0,471
345,151,194,13,48,13,0,0.00578034682080925,3114
9,5,4,3,119,3,0,0.030188679245283,265
0,0,0,1,270,1,0,0,0
0,0,0,1,270,1,0,0,0
206,132,74,6,0,6,0,0.0103734439834025,482
1,1,0,1,119,1,0,0.028169014084507,142
35,19,16,4,152,4,0,0.00222882615156018,1346
4,2,2,1,270,1,0,0,129
412,238,174,7,3,7,0,0,560
16,8,8,1,270,1,0,0,188
6,3,3,1,270,1,0,0,300
6,3,3,1,270,1,0,0,62
12,6,6,1,270,1,0,0,831
6,3,3,3,152,3,0,0.00313479623824451,957
64,6,58,2,111,2,0,0.00316455696202532,632
24,19,5,4,111,4,0,0.00489396411092985,613
31,24,7,3,98,3,0,0.00387596899224806,516
7,7,0,1,99,1,0,0,102
102,51,51,2,164,2,0,0.0037037037037037,1890
83,81,2,1,111,1,0,0.00898203592814371,334
44,22,22,2,170,2,0,0,1379
2,1,1,1,270,1,0,0,147
56,28,28,2,279,2,0,0.00114025085518814,1754
40,34,6,2,160,2,0,0.00641025641025641,468
59,31,28,7,111,7,0,0,1452
22,19,3,2,111,2,0,0.00980392156862745,510
17,14,3,1,99,1,0,0.00294985250737463,339
9,0,9,1,170,1,0,0,104
8,6,2,1,159,1,0,0.00221729490022173,451
142,96,46,9,126,9,0,0.00637755102040816,784
5,3,2,2,164,2,0,0.0256410256410256,117
10,5,5,1,270,1,0,0,437
4,2,2,1,270,1,0,0,87
8,7,1,2,159,2,0,0.00292056074766355,1712
4,2,2,1,270,1,0,0,234
27,24,3,2,164,2,0,0.00840336134453781,119
3,3,0,2,164,2,0,0.0178571428571429,56
0,0,0,1,270,1,0,0.00763358778625954,131
0,0,0,1,270,1,0,0,96
0,0,0,1,270,1,0,0,27
0,0,0,1,270,1,0,0,35
0,0,0,1,270,1,0,0,27
0,0,0,1,270,1,0,0,35
0,0,0,1,270,1,0,0,0
0,0,0,1,270,1,0,0,0
0,0,0,1,270,1,0,0,0
0,0,0,1,270,1,0,0,0
0,0,0,1,270,1,0,0,0
0,0,0,1,270,1,0,0,0
9,7,2,2,100,2,0,0.00119331742243437,838
4,3,1,2,143,2,0,0.00531914893617021,564
6,3,3,2,115,2,0,0,92
0,0,0,1,167,1,0,0,43
32,32,0,1,181,1,0,0,820
3,3,0,2,111,2,0,0,250
0,0,0,1,270,1,0,0,0
0,0,0,1,270,1,0,0,0
0,0,0,1,270,1,0,0,113
0,0,0,1,270,1,0,0,59
0,0,0,1,270,1,0,0,0
0,0,0,1,270,1,0,0,0
0,0,0,1,270,1,0,0.000698324022346369,1432
0,0,0,1,270,1,0,0,233
16,8,8,1,317,1,0,0.00214132762312634,467
24,15,9,1,317,1,0,0,186
18,12,6,3,140,3,0,0.00636942675159236,157
34,30,4,3,164,3,0,0.0122448979591837,245
57,48,9,2,164,2,0,0,324
29,27,2,4,164,4,0,0,306
16,8,8,1,270,1,0,0,175
18,13,5,3,48,3,0,0.0113207547169811,265
