CODECHURN,LOCADDED,LOCDELETED,REVISIONS,AGE,BUGFIXES,REFACTORINGS,ERROR_DENSITY,LOC
5,3,2,1,68,1,0,0,761
4,2,2,1,65,0,0,0,505
8,4,4,1,65,0,0,0,405
4,2,2,1,65,0,0,0,221
218,118,100,1,65,1,0,0,712
2,1,1,1,85,1,0,0,1355
4,2,2,1,85,1,0,0,431
9,6,3,1,0,1,0,0,359
10,7,3,1,0,1,0,0,820
69,49,20,4,28,1,0,0,707
36,4,32,2,35,1,0,0,750
8,4,4,1,35,1,0,0,583
48,7,41,3,28,2,0,0,203
73,23,50,1,28,0,0,0,277
16,8,8,1,49,0,0,0,187
0,0,0,1,68,0,0,0,0
3,2,1,1,28,0,0,0,201
18,8,10,1,28,0,0,0,51
5,4,1,1,28,0,0,0,42
21,12,9,2,46,1,0,0,282
98,40,58,3,28,1,0,0,120
117,90,27,4,28,2,0,0,217
79,40,39,1,28,0,0,0,116
16,10,6,3,35,0,0,0,122
19,13,6,3,35,0,0,0,98
0,0,0,1,31,0,0,0,135
4,3,1,1,35,1,0,0,91
2,2,0,1,35,1,0,0,55
0,0,0,1,35,0,0,0,0
4,3,1,1,35,1,0,0,55
19,14,5,2,35,1,0,0,125
0,0,0,1,35,0,0,0,0
3,3,0,1,35,1,0,0,57
0,0,0,1,35,0,0,0,0
111,68,43,3,31,0,0,0,201
0,0,0,1,35,0,0,0,63
4,3,1,1,35,1,0,0,66
0,0,0,1,35,0,0,0,0
0,0,0,1,35,0,0,0,0
17,8,9,2,35,0,0,0,161
29,8,21,2,35,0,0,0,94
4,2,2,2,45,0,0,0,0
31,18,13,3,35,0,0,0,131
41,13,28,2,35,0,0,0,125
14,7,7,2,35,0,0,0,47
6,3,3,1,35,0,0,0,37
0,0,0,1,35,0,0,0,35
0,0,0,1,35,0,0,0,150
0,0,0,1,35,0,0,0,50
289,118,171,2,35,0,0,0,256
82,27,55,4,31,0,0,0,369
18,8,10,1,35,0,0,0,164
6,3,3,1,35,0,0,0,198
35,17,18,2,35,0,0,0,216
6,3,3,1,35,0,0,0,95
37,17,20,2,45,0,0,0,40
0,0,0,1,35,0,0,0,56
7,2,5,1,35,0,0,0,73
9,5,4,2,45,0,0,0,0
23,16,7,2,45,0,0,0,0
11,6,5,2,45,0,0,0,0
0,0,0,1,35,0,0,0,35
0,0,0,1,35,0,0,0,29
0,0,0,1,35,0,0,0,0
8,6,2,2,45,0,0,0,0
5,4,1,1,35,0,0,0,35
6,3,3,1,35,0,0,0,33
6,3,3,1,35,0,0,0,49
9,3,6,1,35,0,0,0,89
161,83,78,2,35,0,0,0,108
20,14,6,2,35,0,0,0,53
11,6,5,3,35,1,0,0,0
12,6,6,1,35,0,0,0,90
8,4,4,1,35,0,0,0,37
187,108,79,3,52,0,0,0,976
0,0,0,1,62,0,0,0,107
4,2,2,1,62,0,0,0,117
12,9,3,2,62,0,0,0,181
4,3,1,1,31,0,0,0,51
17,16,1,1,31,0,0,0,795
4,2,2,1,31,0,0,0,41
229,146,83,3,52,0,0,0,279
0,0,0,1,62,0,0,0,46
0,0,0,1,68,0,0,0,40
94,67,27,2,52,0,0,0,303
0,0,0,1,62,0,0,0,45
4,3,1,1,31,0,0,0,43
10,6,4,1,31,0,0,0,15
4,3,1,1,31,0,0,0,641
44,9,35,3,31,1,0,0,235
4,2,2,1,46,0,0,0,65
12,7,5,1,31,0,0,0,41
4,3,1,1,31,0,0,0,39
0,0,0,1,62,0,0,0,31
0,0,0,1,35,0,0,0,65
90,15,75,3,35,0,0,0,47
6,4,2,1,35,0,0,0,44
5,3,2,1,31,0,0,0,45
31,27,4,2,35,0,0,0,150
81,39,42,2,31,1,0,0,137
15,11,4,2,31,0,0,0,240
0,0,0,1,35,0,0,0,70
4,3,1,1,46,0,0,0,48
40,32,8,2,35,1,0,0,211
28,8,20,2,28,1,0,0,661
23,8,15,3,31,1,0,0,530
45,21,24,2,35,1,0,0,330
0,0,0,1,35,0,0,0,200
267,66,201,4,35,1,0,0,436
44,24,20,1,52,1,0,0,456
8,4,4,1,35,0,0,0,73
16,12,4,1,52,0,0,0,89
10,9,1,1,31,0,0,0,43
15,10,5,2,28,0,0,0,49
0,0,0,1,31,0,0,0,0
7,6,1,1,31,0,0,0,36
4,2,2,1,31,0,0,0,31
3,2,1,1,31,0,0,0,30
8,1,7,1,52,1,0,0,34
8,4,4,1,35,0,0,0,279
30,10,20,2,35,1,0,0,199
4,2,2,1,35,0,0,0,123
81,49,32,4,35,1,0,0,180
4,2,2,1,35,0,0,0,127
7,1,6,1,35,0,0,0,173
214,144,70,4,35,1,0,0.00595238095238095,336
17,6,11,1,35,0,0,0,222
28,10,18,2,35,1,0,0,213
4,2,2,1,35,0,0,0,114
99,55,44,4,35,1,0,0,206
8,1,7,1,52,1,0,0,366
6,1,5,1,52,1,0,0,164
59,36,23,4,28,3,0,0,253
36,14,22,2,35,1,0,0,493
73,29,44,2,35,1,0,0,250
81,50,31,4,35,1,0,0,274
7,1,6,1,52,1,0,0,147
196,167,29,2,45,0,0,0.00166666666666667,600
9,2,7,1,46,0,0,0.0147058823529412,68
0,0,0,1,45,0,0,0,50
13,5,8,1,52,0,0,0,150
21,15,6,1,62,0,0,0.0163934426229508,61
47,2,45,1,52,0,0,0,213
0,0,0,1,52,0,0,0,44
4,1,3,1,52,0,0,0,480
49,23,26,1,39,0,0,0.000345661942620118,2893
77,45,32,2,39,1,0,0.000387747188832881,2579
38,22,16,3,40,1,0,0,1788
4,2,2,1,0,0,0,0,2444
7,4,3,2,0,1,0,0,282
15,13,2,1,68,1,0,0,753
14,7,7,1,68,1,0,0,146
41,40,1,1,68,1,0,0,295
37,36,1,1,68,1,0,0,212
34,33,1,1,68,1,0,0,409
52,51,1,1,68,1,0,0,409
59,58,1,1,68,1,0,0,927
27,10,17,2,39,0,0,0,528
2,1,1,1,39,0,0,0,160
4,1,3,1,40,0,0,0,928
30,29,1,1,40,0,0,0,289
3,2,1,1,40,0,0,0,322
4,2,2,1,20,1,0,0,368
10,4,6,1,0,0,0,0,303
14,9,5,1,20,1,0,0,457
5,1,4,1,0,0,0,0,107
13,8,5,2,0,0,0,0.0020703933747412,483
37,28,9,2,0,0,0,0,737
6,3,3,1,0,0,0,0,34
14,8,6,1,19,0,0,0,47
12,7,5,2,19,1,0,0,56
0,0,0,1,66,1,0,0,62
0,0,0,1,66,1,0,0,71
159,64,95,4,16,0,0,0,227
11,5,6,1,19,0,0,0,68
23,22,1,2,16,0,0,0,31
4,2,2,2,16,0,0,0,67
72,58,14,2,16,0,0,0,173
23,22,1,2,19,0,0,0,84
4,2,2,1,16,0,0,0,104
25,24,1,2,19,0,0,0,88
0,0,0,1,19,0,0,0,276
0,0,0,1,19,0,0,0,66
26,24,2,1,22,0,0,0,94
0,0,0,1,22,0,0,0,117
0,0,0,1,22,0,0,0,197
0,0,0,1,22,0,0,0,71
12,8,4,2,16,0,0,0,222
8,3,5,1,22,0,0,0,61
12,3,9,1,22,0,0,0,95
8,3,5,1,22,0,0,0,62
16,7,9,1,22,0,0,0,89
49,22,27,1,22,0,0,0,274
82,40,42,1,22,0,0,0,254
8,3,5,1,22,0,0,0,61
16,7,9,1,22,0,0,0,85
8,3,5,1,22,0,0,0,61
8,3,5,1,22,0,0,0,61
8,3,5,1,22,0,0,0,61
26,17,9,3,28,2,0,0,241
8,5,3,1,18,0,0,0,79
0,0,0,1,31,1,0,0,0
13,6,7,1,31,1,0,0,155
12,7,5,1,31,1,0,0,164
44,13,31,1,31,1,0,0,223
102,22,80,1,31,1,0,0,162
13,10,3,1,31,1,0,0,49
70,33,37,2,18,1,0,0,148
56,36,20,1,31,1,0,0,98
80,52,28,1,31,1,0,0,130
68,46,22,1,31,1,0,0,116
51,34,17,1,31,1,0,0,101
6,2,4,2,31,2,0,0,77
79,47,32,3,18,2,0,0,479
1,1,0,1,31,1,0,0,216
16,5,11,1,31,1,0,0,166
12,7,5,3,31,1,0,0,542
48,26,22,2,18,1,0,0,303
59,21,38,2,31,1,0,0,155
137,100,37,1,18,0,0,0,233
48,33,15,2,31,1,0,0,290
47,29,18,1,31,1,0,0,158
170,91,79,3,18,2,0,0,236
60,29,31,2,18,1,0,0.00561797752808989,178
39,24,15,1,31,1,0,0,117
57,27,30,1,31,1,0,0,147
40,23,17,1,31,1,0,0.00869565217391304,115
54,25,29,1,31,1,0,0,108
8,7,1,1,62,0,0,0,195
0,0,0,1,18,0,0,0,149
134,11,123,2,18,1,0,0,149
224,124,100,3,18,1,0,0,419
0,0,0,1,31,1,0,0,0
82,52,30,1,31,1,0,0,143
110,63,47,1,31,1,0,0,172
49,22,27,1,31,1,0,0,211
182,80,102,2,31,1,0,0,160
0,0,0,1,31,1,0,0,0
47,22,25,1,31,1,0,0,75
12,6,6,1,31,1,0,0,84
0,0,0,1,18,0,0,0,130
78,5,73,2,18,1,0,0,127
39,18,21,1,31,1,0,0,106
0,0,0,1,52,0,0,0,0
5,1,4,1,35,0,0,0,158
130,62,68,4,18,1,0,0,97
22,12,10,1,31,1,0,0,56
0,0,0,2,18,0,0,0,0
33,26,7,2,16,0,0,0,124
0,0,0,1,18,0,0,0,35
0,0,0,1,18,0,0,0,51
0,0,0,1,35,0,0,0,99
0,0,0,1,35,0,0,0,0
17,7,10,1,35,0,0,0,82
0,0,0,1,35,0,0,0,0
0,0,0,1,35,0,0,0,0
6,2,4,1,35,0,0,0,42
0,0,0,1,35,0,0,0,0
0,0,0,1,35,0,0,0,0
0,0,0,1,35,0,0,0,0
0,0,0,1,35,0,0,0,0
10,2,8,1,46,0,0,0,112
16,8,8,1,35,0,0,0,87
4,2,2,1,45,0,0,0,94
0,0,0,1,35,0,0,0,58
5,2,3,1,35,0,0,0,119
5,2,3,1,35,0,0,0,146
8,3,5,1,35,0,0,0,100
5,2,3,1,35,0,0,0,58
17,4,13,2,35,0,0,0,54
29,14,15,2,45,0,0,0,89
0,0,0,2,35,0,0,0,0
2,0,2,2,35,0,0,0,0
62,40,22,3,35,0,0,0,139
2,1,1,1,45,0,0,0,165
7,1,6,1,31,1,0,0,78
0,0,0,1,62,0,0,0,121
23,12,11,2,31,1,0,0,144
0,0,0,1,31,1,0,0,71
10,6,4,1,62,0,0,0,49
15,15,0,1,31,1,0,0,1027
0,0,0,1,31,1,0,0,145
696,60,636,1,31,1,0,0,303
20,10,10,2,18,1,0,0,71
15,14,1,1,73,1,0,0,197
17,17,0,1,73,1,0,0,154
20,20,0,1,73,1,0,0,199
7,2,5,1,35,1,0,0,49
0,0,0,1,35,1,0,0,97
22,3,19,2,35,0,0,0,185
3,2,1,1,46,0,0,0,44
36,14,22,2,31,1,0,0,133
75,60,15,2,31,1,0,0,236
13,8,5,1,52,0,0,0,53
25,11,14,4,28,2,0,0,137
0,0,0,1,52,0,0,0,150
304,174,130,3,28,2,0,0,344
34,20,14,1,31,1,0,0,228
24,7,17,2,31,1,0,0,216
68,37,31,3,31,1,0,0,407
20,10,10,4,28,2,0,0,121
5,1,4,1,31,0,0,0,95
5,1,4,1,31,0,0,0,56
106,77,29,1,46,0,0,0,124
4,4,0,1,31,1,0,0,159
24,14,10,1,35,0,0,0,75
15,9,6,1,35,0,0,0,50
15,9,6,1,35,0,0,0,50
15,9,6,1,35,0,0,0,49
9,5,4,1,19,0,0,0,56
27,25,2,1,19,0,0,0,181
33,28,5,1,19,0,0,0,294
5,3,2,1,19,0,0,0,593
16,9,7,1,19,0,0,0,208
6,4,2,1,19,0,0,0,59
7,4,3,1,19,0,0,0,44
35,22,13,1,19,0,0,0,661
11,6,5,1,19,0,0,0,52
6,4,2,1,19,0,0,0,831
7,4,3,1,16,0,0,0,41
8,5,3,1,16,0,0,0,117
