CODECHURN,LOCADDED,LOCDELETED,REVISIONS,AGE,BUGFIXES,REFACTORINGS,ERROR_DENSITY,LOC
15,8,7,2,54,1,0,0,350
120,60,60,3,156,2,0,0,1360
126,62,64,4,156,2,0,0,552
18,9,9,3,156,2,0,0,900
30,15,15,3,156,2,0,0,965
54,27,27,4,4,2,0,0,745
138,69,69,3,156,2,0,0,661
48,24,24,3,156,2,0,0,333
18,9,9,3,156,2,0,0,726
23,12,11,4,95,2,0,0,1453
36,18,18,3,156,2,0,0,921
24,12,12,3,156,2,0,0,183
96,48,48,3,156,2,0,0,1585
24,12,12,3,156,2,0,0,640
36,18,18,4,156,2,0,0,1359
12,6,6,3,156,2,0,0,104
24,12,12,3,156,2,0,0,646
24,12,12,3,156,2,0,0,790
5,4,1,1,7,0,0,0,100
22,12,10,2,75,0,0,0,125
197,146,51,4,155,1,0,0.00385356454720617,519
4,3,1,1,7,0,0,0,127
6,4,2,1,178,1,0,0,869
14,7,7,1,54,0,0,0,2133
35,19,16,2,75,0,0,0,494
4,2,2,1,17,0,0,0,289
3,2,1,1,109,0,0,0,97
5,4,1,1,7,0,0,0,60
5,3,2,1,109,0,0,0,411
72,43,29,3,43,1,0,0,1452
14,7,7,1,56,0,0,0.00130718954248366,765
6,3,3,1,178,1,0,0.00172413793103448,580
5,4,1,1,7,0,0,0,119
13,6,7,2,1,0,0,0,370
7,5,2,1,178,1,0,0,1070
8,4,4,1,4,0,0,0,1648
5,4,1,1,7,0,0,0,104
21,10,11,1,123,0,0,0,139
5,4,1,1,7,0,0,0,204
3,3,0,1,7,0,0,0,389
14,6,8,2,39,0,0,0,697
5,4,1,1,7,0,0,0,531
5,4,1,1,7,0,0,0,668
5,4,1,1,7,0,0,0,837
196,186,10,2,4,1,0,0.00139664804469274,716
160,92,68,11,2,2,0,0.000749625187406297,1334
0,0,0,1,124,0,0,0,55
14,7,7,1,125,0,0,0,91
8,4,4,1,125,0,0,0,55
6,3,3,1,125,0,0,0,61
64,32,32,1,125,0,0,0,172
7,3,4,1,125,0,0,0,97
10,5,5,1,125,0,0,0,66
15,5,10,2,111,0,0,0,77
12,6,6,1,125,0,0,0,67
12,2,10,1,124,0,0,0,53
0,0,0,1,18,0,0,0,185
0,0,0,1,18,0,0,0,169
95,95,0,1,21,0,0,0,95
91,91,0,1,21,0,0,0,91
71,71,0,1,21,0,0,0,71
95,95,0,1,21,0,0,0,95
95,95,0,1,21,0,0,0,95
54,54,0,1,21,0,0,0,54
91,91,0,1,21,0,0,0,91
67,67,0,1,21,0,0,0,67
83,83,0,1,21,0,0,0,83
0,0,0,1,115,0,0,0,0
0,0,0,1,115,0,0,0,0
0,0,0,1,115,0,0,0,0
0,0,0,1,115,0,0,0,0
0,0,0,1,115,0,0,0,0
0,0,0,1,115,0,0,0,0
0,0,0,1,115,0,0,0,0
90,66,24,5,10,0,0,0,310
6,3,3,1,21,0,0,0,52
8,3,5,1,21,0,0,0,52
3,1,2,1,37,0,0,0,47
6,3,3,1,37,0,0,0,133
6,2,4,1,37,0,0,0,109
72,72,0,1,20,0,0,0,72
73,72,1,2,20,0,0,0,71
57,57,0,1,20,0,0,0,57
70,70,0,1,20,0,0,0,70
70,70,0,1,20,0,0,0,70
54,54,0,1,20,0,0,0,54
73,72,1,2,20,0,0,0,71
58,58,0,1,20,0,0,0,58
8,6,2,1,91,0,0,0,38
8,6,2,1,91,0,0,0,40
0,0,0,1,19,0,0,0,54
0,0,0,1,19,0,0,0,77
74,74,0,1,21,0,0,0,74
70,70,0,1,21,0,0,0,70
59,59,0,1,21,0,0,0,59
74,74,0,1,21,0,0,0,74
74,74,0,1,21,0,0,0,74
54,54,0,1,21,0,0,0,54
70,70,0,1,21,0,0,0,70
57,57,0,1,21,0,0,0,57
0,0,0,1,21,0,0,0,60
68,68,0,1,21,0,0,0,68
64,64,0,1,21,0,0,0,64
57,57,0,1,21,0,0,0,57
68,68,0,1,21,0,0,0,68
68,68,0,1,21,0,0,0,68
54,54,0,1,21,0,0,0,54
64,64,0,1,21,0,0,0,64
55,55,0,1,21,0,0,0,55
0,0,0,1,21,0,0,0,3
175,158,17,3,11,0,0,0,141
54,54,0,1,20,0,0,0,54
4,2,2,2,20,0,0,0,62
81,81,0,1,21,0,0,0,81
77,77,0,1,21,0,0,0,77
59,59,0,1,21,0,0,0,59
127,104,23,2,19,0,0,0,81
81,81,0,1,21,0,0,0,81
54,54,0,1,21,0,0,0,54
77,77,0,1,21,0,0,0,77
69,69,0,1,21,0,0,0,69
4,2,2,2,20,0,0,0,60
117,80,37,7,9,0,0,0,393
3,1,2,1,37,0,0,0,23
4,2,2,1,37,0,0,0,93
3,1,2,1,37,0,0,0,43
3,1,2,1,37,0,0,0,39
4,1,3,1,37,0,0,0,57
77,73,4,2,21,0,0,0,69
79,75,4,2,21,0,0,0,71
79,74,5,3,20,0,0,0,69
81,76,5,3,20,0,0,0,71
71,67,4,2,21,0,0,0,63
73,69,4,2,21,0,0,0,65
74,69,5,3,20,0,0,0,64
76,71,5,3,20,0,0,0,66
62,62,0,1,21,0,0,0,62
14,7,7,2,20,0,0,0,69
62,62,0,1,21,0,0,0,62
14,7,7,2,20,0,0,0,71
65,64,1,2,20,0,0,0,63
8,4,4,2,20,0,0,0,69
65,64,1,2,20,0,0,0,63
8,4,4,2,20,0,0,0,71
62,62,0,1,21,0,0,0,62
14,7,7,2,20,0,0,0,69
62,62,0,1,21,0,0,0,62
14,7,7,2,20,0,0,0,71
65,64,1,2,20,0,0,0,63
8,4,4,2,20,0,0,0,69
65,64,1,2,20,0,0,0,63
26,13,13,3,15,0,0,0,71
126,126,0,1,21,0,0,0,126
71,67,4,2,21,0,0,0,63
73,69,4,2,21,0,0,0,65
74,69,5,3,20,0,0,0,64
76,71,5,3,20,0,0,0,66
73,70,3,2,21,0,0,0,67
76,72,4,3,20,0,0,0,68
78,71,7,2,20,0,0,0,64
8,4,4,1,154,1,0,0,391
74,55,19,2,154,1,0,0,1020
15,6,9,1,47,0,0,0,60
406,228,178,4,111,0,1,0.00113636363636364,880
90,52,38,3,111,0,0,0,228
182,98,84,3,111,0,0,0,619
555,317,238,4,111,0,1,0.00075642965204236,1322
56,28,28,1,125,0,0,0,215
18,9,9,1,125,0,0,0,166
12,9,3,1,125,0,0,0,392
160,86,74,3,111,0,0,0,578
462,328,134,5,111,0,1,0,1221
138,89,49,6,111,0,1,0,398
9,1,8,1,125,0,0,0,1056
40,27,13,2,111,0,0,0,118
12,5,7,2,111,0,0,0,64
149,81,68,3,111,0,0,0,476
77,26,51,3,6,0,2,0,8046
0,0,0,2,18,0,1,0,0
0,0,0,2,18,0,1,0,0
6,3,3,2,15,0,1,0,152
8,2,6,1,154,0,0,0,416
8,2,6,1,154,0,0,0,54
8,2,6,1,154,0,0,0,96
8,2,6,1,154,0,0,0,848
8,2,6,1,154,0,0,0,220
19,10,9,2,65,0,0,0,2663
8,2,6,1,154,0,0,0,820
8,2,6,1,154,0,0,0,174
8,2,6,1,154,0,0,0,626
8,2,6,1,154,0,0,0,468
3,2,1,1,78,0,0,0,2673
3,2,1,1,156,0,0,0,933
24,17,7,2,7,0,0,0,1575
6,5,1,1,7,0,0,0,487
32,19,13,2,15,0,0,0.000202429149797571,4940
8,7,1,1,15,0,0,0,249
24,17,7,2,91,0,0,0,3732
39,32,7,1,61,0,0,0,2194
8,2,6,1,154,0,0,0,1700
468,375,93,6,7,0,0,0,2473
45,32,13,2,61,0,0,0,420
6,4,2,1,61,0,0,0,74
4,2,2,1,134,0,0,0,1700
4,2,2,1,78,0,0,0,227
33,17,16,4,7,0,0,0,3147
4,2,2,1,78,0,0,0,265
9,7,2,1,78,0,0,0,82
18,9,9,2,40,0,0,0,492
22,9,13,2,154,0,0,0,1287
8,2,6,1,154,0,0,0,711
193,139,54,3,98,0,0,0,408
8,6,2,1,98,0,0,0,92
8,2,6,1,154,0,0,0,592
8,2,6,1,154,0,0,0,1115
8,2,6,1,154,0,0,0,1034
8,2,6,1,154,0,0,0,902
4,4,0,1,154,1,0,0.00432900432900433,231
163,124,39,1,103,0,0,0,330
1138,533,605,1,59,0,0,0,1191
7,3,4,1,59,0,0,0,211
1,1,0,1,59,0,0,0,1961
1,1,0,1,59,0,0,0,498
22,11,11,1,82,0,0,0,2590
26,21,5,1,1,0,0,0,133
24,12,12,2,1,0,0,0,1237
2,1,1,1,178,0,0,0,50
19,10,9,2,162,2,0,0,610
8,3,5,1,1,0,0,0,314
10,6,4,1,1,0,0,0,225
22,12,10,2,1,1,0,0,3196
8,4,4,1,1,0,0,0,250
84,66,18,1,1,0,0,0,2097
5,3,2,1,1,0,0,0,61
53,5,48,1,1,0,0,0,281
54,51,3,1,1,0,0,0,365
25,15,10,1,1,0,0,0,561
10,7,3,1,1,0,0,0,159
8,3,5,1,1,0,0,0,866
9,6,3,1,1,0,0,0,348
137,100,37,2,1,0,0,0.00531914893617021,188
8,5,3,1,1,0,0,0,31
6,3,3,1,176,1,0,0,813
7,4,3,1,1,0,0,0,1983
10,5,5,1,1,0,0,0,1274
6,3,3,1,1,0,0,0.0175438596491228,57
14,7,7,1,1,0,0,0,1600
8,4,4,1,1,0,0,0,1330
24,13,11,1,1,0,0,0,1215
11,3,8,1,1,0,0,0,1421
40,28,12,1,1,0,0,0,1329
70,43,27,1,1,0,0,0,1247
7,3,4,1,1,0,0,0,112
102,56,46,2,1,0,0,0,1472
20,15,5,1,1,0,0,0,1608
11,7,4,1,1,0,0,0,2057
25,16,9,3,1,0,0,0,1278
0,0,0,1,2,0,0,0,124
8,4,4,1,1,0,0,0,11
0,0,0,1,37,0,0,0,99
0,0,0,1,37,0,0,0,181
0,0,0,1,37,0,0,0,6958
0,0,0,1,37,0,0,0,2
0,0,0,1,37,0,0,0,258
0,0,0,1,37,0,0,0,170
0,0,0,1,37,0,0,0,149
0,0,0,1,37,0,0,0,109
0,0,0,1,37,0,0,0,110
0,0,0,1,37,0,0,0,187
0,0,0,1,37,0,0,0,1269
0,0,0,1,37,0,0,0,613
0,0,0,1,37,0,0,0,357
0,0,0,1,37,0,0,0,156
0,0,0,1,37,0,0,0,162
0,0,0,1,37,0,0,0,983
0,0,0,1,37,0,0,0,84
0,0,0,1,37,0,0,0,179
0,0,0,1,37,0,0,0,59
0,0,0,1,37,0,0,0,1
0,0,0,1,37,0,0,0,339
0,0,0,1,37,0,0,0,206
0,0,0,1,37,0,0,0,456
0,0,0,1,37,0,0,0,267
0,0,0,1,37,0,0,0,193
0,0,0,1,37,0,0,0,84
0,0,0,1,37,0,0,0,56
0,0,0,1,37,0,0,0,57
0,0,0,1,37,0,0,0,63
0,0,0,1,37,0,0,0,533
0,0,0,1,37,0,0,0,437
0,0,0,1,37,0,0,0,141
0,0,0,1,37,0,0,0,73
0,0,0,1,37,0,0,0,94
0,0,0,1,37,0,0,0,90
0,0,0,1,37,0,0,0,280
0,0,0,1,37,0,0,0,93
0,0,0,1,37,0,0,0,76
0,0,0,1,37,0,0,0,149
0,0,0,1,37,0,0,0,52
0,0,0,1,37,0,0,0,129
0,0,0,1,37,0,0,0,60
0,0,0,1,37,0,0,0,51
0,0,0,1,37,0,0,0,155
0,0,0,1,37,0,0,0,131
0,0,0,1,37,0,0,0,172
0,0,0,1,37,0,0,0,346
0,0,0,1,37,0,0,0,455
0,0,0,1,37,0,0,0,227
0,0,0,1,37,0,0,0,88
0,0,0,1,37,0,0,0,297
0,0,0,1,37,0,0,0,707
0,0,0,1,37,0,0,0,459
0,0,0,1,37,0,0,0,711
0,0,0,1,37,0,0,0,145
0,0,0,1,37,0,0,0,127
0,0,0,1,37,0,0,0,263
0,0,0,1,37,0,0,0,91
0,0,0,1,37,0,0,0,224
0,0,0,1,37,0,0,0,69
0,0,0,1,37,0,0,0,109
0,0,0,1,37,0,0,0,311
0,0,0,1,37,0,0,0,93
0,0,0,1,37,0,0,0,86
0,0,0,1,37,0,0,0,1
0,0,0,1,37,0,0,0,1
0,0,0,1,37,0,0,0,1
0,0,0,1,37,0,0,0,1
0,0,0,1,37,0,0,0,1
0,0,0,1,37,0,0,0,1
0,0,0,1,37,0,0,0,1
0,0,0,1,37,0,0,0,1
0,0,0,1,37,0,0,0,1
0,0,0,1,37,0,0,0,1
0,0,0,1,37,0,0,0,1
0,0,0,1,37,0,0,0,1
0,0,0,1,37,0,0,0,1
0,0,0,1,37,0,0,0,1
0,0,0,1,37,0,0,0,1
0,0,0,1,37,0,0,0,1
0,0,0,1,37,0,0,0,1
0,0,0,1,37,0,0,0,1
0,0,0,1,37,0,0,0,85
0,0,0,1,37,0,0,0,167
0,0,0,1,37,0,0,0,147
0,0,0,1,37,0,0,0,150
0,0,0,1,37,0,0,0,94
0,0,0,1,37,0,0,0,660
0,0,0,1,37,0,0,0,622
0,0,0,1,37,0,0,0,96
174,87,87,1,45,0,0,0,581
35,31,4,2,49,0,0,0,1198
4,3,1,1,71,0,0,0.000700770847932726,1427
4,3,1,1,71,0,0,0.0021978021978022,455
73,48,25,3,93,2,0,0.000578034682080925,1730
9,9,0,1,13,0,0,0,101
56,31,25,10,1,0,0,0,218
2,1,1,1,37,0,0,0,157
16,12,4,5,8,0,0,0,145
0,0,0,1,10,0,0,0,63
138,78,60,2,37,0,0,0,536
0,0,0,1,37,0,0,0,489
0,0,0,1,10,0,0,0,0
2,1,1,1,37,0,0,0,149
50,41,9,5,14,0,0,0,153
6,4,2,2,10,0,0,0,96
7,6,1,2,37,0,0,0,121
2,2,0,1,54,0,0,0,52
2,1,1,2,37,0,0,0,0
6,3,3,1,127,0,0,0,281
501,185,316,12,1,0,0,0,1286
2,1,1,1,37,0,0,0,652
291,232,59,6,8,0,0,0,3246
89,52,37,3,54,0,0,0,219
4,2,2,1,37,0,0,0,166
18,9,9,2,37,0,0,0,1378
0,0,0,1,10,0,0,0,0
2,1,1,2,10,0,0,0,0
0,0,0,1,10,0,0,0,0
23,12,11,2,10,0,0,0,0
0,0,0,1,10,0,0,0,368
0,0,0,1,10,0,0,0,122
0,0,0,1,10,0,0,0,0
0,0,0,1,10,0,0,0,0
4,2,2,1,37,0,0,0,171
6,3,3,1,37,0,0,0,181
2,1,1,1,37,0,0,0,662
2,1,1,1,37,0,0,0,416
2,1,1,1,37,0,0,0,1076
54,36,18,4,10,0,0,0,1291
2,1,1,1,37,0,0,0,1060
74,48,26,4,1,0,0,0,414
193,128,65,4,10,0,0,0,1759
110,99,11,2,54,0,0,0,1229
2,1,1,1,37,0,0,0,378
91,54,37,4,37,0,0,0,1295
0,0,0,1,143,0,0,0,118
0,0,0,1,143,0,0,0,1816
0,0,0,1,143,0,0,0,287
0,0,0,1,143,0,0,0,59
0,0,0,1,143,0,0,0,155
0,0,0,1,143,0,0,0,100
0,0,0,1,143,0,0,0,125
0,0,0,1,143,0,0,0,99
0,0,0,1,143,0,0,0,737
0,0,0,1,143,0,0,0,89
0,0,0,1,143,0,0,0,170
0,0,0,1,143,0,0,0,187
0,0,0,1,143,0,0,0,167
0,0,0,1,143,0,0,0,263
0,0,0,1,143,0,0,0,156
0,0,0,1,143,0,0,0,176
0,0,0,1,143,0,0,0,43
0,0,0,1,143,0,0,0,414
0,0,0,1,143,0,0,0,493
0,0,0,1,143,0,0,0,549
0,0,0,1,143,0,0,0,365
0,0,0,1,143,0,0,0,315
0,0,0,1,143,0,0,0,41
0,0,0,1,143,0,0,0,606
0,0,0,1,143,0,0,0,607
0,0,0,1,143,0,0,0,92
0,0,0,1,143,0,0,0,1119
0,0,0,1,143,0,0,0,2312
0,0,0,1,143,0,0,0,810
0,0,0,1,143,0,0,0,126
0,0,0,1,143,0,0,0,119
0,0,0,1,143,0,0,0,130
0,0,0,1,143,0,0,0,187
0,0,0,1,143,0,0,0,81
0,0,0,1,143,0,0,0,353
0,0,0,1,143,0,0,0,2075
0,0,0,1,143,0,0,0,34
0,0,0,1,143,0,0,0,196
0,0,0,1,143,0,0,0,132
0,0,0,1,143,0,0,0,105
0,0,0,1,143,0,0,0,175
0,0,0,1,143,0,0,0,126
0,0,0,1,143,0,0,0,120
0,0,0,1,143,0,0,0,348
0,0,0,1,143,0,0,0,405
0,0,0,1,143,0,0,0,242
0,0,0,1,143,0,0,0,322
0,0,0,1,143,0,0,0,70
0,0,0,1,143,0,0,0,528
0,0,0,1,143,0,0,0,74
0,0,0,1,143,0,0,0,261
0,0,0,1,143,0,0,0,274
0,0,0,1,143,0,0,0,1218
0,0,0,1,143,0,0,0,560
0,0,0,1,143,0,0,0,569
0,0,0,1,143,0,0,0,109
0,0,0,1,143,0,0,0,171
0,0,0,1,143,0,0,0,137
0,0,0,1,143,0,0,0,37
0,0,0,1,143,0,0,0,43
0,0,0,1,143,0,0,0,414
0,0,0,1,143,0,0,0,148
0,0,0,1,143,0,0,0,139
0,0,0,1,143,0,0,0,230
0,0,0,1,143,0,0,0,521
0,0,0,1,143,0,0,0,51
0,0,0,1,143,0,0,0,41
0,0,0,1,143,0,0,0,675
0,0,0,1,143,0,0,0,59
0,0,0,1,143,0,0,0,117
0,0,0,1,143,0,0,0,184
0,0,0,1,143,0,0,0,121
0,0,0,1,143,0,0,0,64
0,0,0,1,143,0,0,0,53
0,0,0,1,143,0,0,0,54
0,0,0,1,143,0,0,0,53
0,0,0,1,143,0,0,0,68
0,0,0,1,143,0,0,0,54
0,0,0,1,143,0,0,0,56
0,0,0,1,143,0,0,0,49
0,0,0,1,143,0,0,0,54
0,0,0,1,143,0,0,0,334
0,0,0,1,143,0,0,0,73
0,0,0,1,143,0,0,0,180
0,0,0,1,143,0,0,0,62
0,0,0,1,143,0,0,0,432
0,0,0,1,143,0,0,0,55
0,0,0,1,143,0,0,0,54
0,0,0,1,143,0,0,0,56
0,0,0,1,143,0,0,0,82
0,0,0,1,143,0,0,0,94
0,0,0,1,143,0,0,0,281
0,0,0,1,143,0,0,0,75
0,0,0,1,143,0,0,0,149
0,0,0,1,143,0,0,0,176
0,0,0,1,143,0,0,0,101
0,0,0,1,143,0,0,0,100
0,0,0,1,143,0,0,0,400
0,0,0,1,143,0,0,0,147
0,0,0,1,143,0,0,0,212
0,0,0,1,143,0,0,0,119
0,0,0,1,143,0,0,0,75
0,0,0,1,143,0,0,0,58
0,0,0,1,143,0,0,0,114
0,0,0,1,143,0,0,0,92
0,0,0,1,143,0,0,0,76
0,0,0,1,143,0,0,0,934
0,0,0,1,143,0,0,0,125
0,0,0,1,143,0,0,0,149
0,0,0,1,143,0,0,0,421
0,0,0,1,143,0,0,0,357
0,0,0,1,143,0,0,0,74
0,0,0,1,143,0,0,0,76
0,0,0,1,143,0,0,0,432
0,0,0,1,143,0,0,0,60
0,0,0,1,143,0,0,0,74
0,0,0,1,143,0,0,0,52
0,0,0,1,143,0,0,0,51
0,0,0,1,143,0,0,0,39
0,0,0,1,143,0,0,0,542
0,0,0,1,143,0,0,0,115
0,0,0,1,143,0,0,0,487
0,0,0,1,143,0,0,0,1550
1,1,0,1,55,0,0,0,596
1,1,0,1,55,1,0,0,199
135,104,31,3,55,2,0,0,2176
12,12,0,2,55,2,0,0,470
7,2,5,1,120,0,0,0,25
14,9,5,1,178,0,0,0,423
4,3,1,1,178,0,0,0,124
8,7,1,1,178,0,0,0,445
93,57,36,2,123,1,0,0,232
108,69,39,1,178,0,0,0,1122
70,41,29,1,178,0,0,0,1292
78,46,32,1,178,0,0,0,500
22,13,9,1,178,0,0,0,1124
23,13,10,1,178,0,0,0,337
53,33,20,2,178,0,0,0,514
24,13,11,1,178,0,0,0,180
6,3,3,1,123,1,0,0,234
12,5,7,1,166,0,0,0,4186
255,147,108,2,123,1,0,0,3889
35,10,25,1,178,0,0,0,1060
39,24,15,1,178,0,0,0,1065
15,11,4,1,178,0,0,0,1222
67,32,35,1,166,0,0,0,451
11,7,4,1,123,1,0,0,6035
26,3,23,1,178,0,0,0,2311
22,9,13,2,123,0,0,0,1892
1,1,0,1,96,0,0,0,109
0,0,0,1,53,0,0,0,220
0,0,0,1,53,0,0,0,759
0,0,0,1,53,0,0,0,727
0,0,0,1,53,0,0,0,416
0,0,0,1,53,0,0,0,191
0,0,0,1,53,0,0,0,1014
0,0,0,1,53,0,0,0,213
0,0,0,1,53,0,0,0,774
0,0,0,1,53,0,0,0,1056
0,0,0,1,53,0,0,0,312
0,0,0,1,53,0,0,0,287
0,0,0,1,53,0,0,0,1524
0,0,0,1,90,0,0,0,376
0,0,0,1,90,0,0,0,487
0,0,0,1,90,0,0,0,632
0,0,0,1,90,0,0,0,205
0,0,0,1,90,0,0,0,600
0,0,0,1,90,0,0,0,595
0,0,0,1,90,0,0,0,239
0,0,0,1,90,0,0,0,533
0,0,0,1,90,0,0,0,767
0,0,0,1,90,0,0,0,227
0,0,0,1,90,0,0,0,350
0,0,0,1,90,0,0,0,776
0,0,0,1,90,0,0,0,212
0,0,0,1,90,0,0,0,618
0,0,0,1,90,0,0,0,556
0,0,0,1,90,0,0,0,195
0,0,0,1,90,0,0,0,164
0,0,0,1,90,0,0,0,1514
0,0,0,1,90,0,0,0,167
0,0,0,1,90,0,0,0,782
0,0,0,1,90,0,0,0,1230
0,0,0,1,90,0,0,0,148
0,0,0,1,90,0,0,0,187
0,0,0,1,90,0,0,0,1153
0,0,0,1,53,0,0,0,338
0,0,0,1,53,0,0,0,958
0,0,0,1,53,0,0,0,1212
0,0,0,1,53,0,0,0,270
0,0,0,1,53,0,0,0,245
0,0,0,1,53,0,0,0,1205
0,0,0,1,90,0,0,0,330
0,0,0,1,90,0,0,0,461
0,0,0,1,90,0,0,0,1002
0,0,0,1,90,0,0,0,262
0,0,0,1,90,0,0,0,596
0,0,0,1,90,0,0,0,709
0,0,0,1,90,0,0,0,213
0,0,0,1,90,0,0,0,743
0,0,0,1,90,0,0,0,1052
0,0,0,1,90,0,0,0,301
0,0,0,1,90,0,0,0,287
0,0,0,1,90,0,0,0,1453
0,0,0,1,90,0,0,0,747
0,0,0,1,90,0,0,0,131
0,0,0,1,90,0,0,0,967
0,0,0,1,90,0,0,0,209
0,0,0,1,90,0,0,0,319
0,0,0,1,90,0,0,0,355
0,0,0,1,90,0,0,0,394
0,0,0,1,90,0,0,0,2702
0,0,0,1,90,0,0,0,374
0,0,0,1,90,0,0,0,356
0,0,0,1,90,0,0,0,2483
0,0,0,1,90,0,0,0,1500
0,0,0,1,90,0,0,0,139
0,0,0,1,90,0,0,0,495
0,0,0,1,90,0,0,0,638
0,0,0,1,53,0,0,0,104
0,0,0,1,53,0,0,0,19
0,0,0,1,90,0,0,0,319
0,0,0,1,90,0,0,0,986
0,0,0,1,90,0,0,0,330
0,0,0,1,90,0,0,0,194
0,0,0,1,90,0,0,0,996
0,0,0,1,90,0,0,0,416
0,0,0,1,90,0,0,0,82
0,0,0,1,90,0,0,0,1115
0,0,0,1,90,0,0,0,2290
0,0,0,1,53,0,0,0,55
0,0,0,1,90,0,0,0,47
0,0,0,1,90,0,0,0,42
0,0,0,1,90,0,0,0,49
0,0,0,1,53,0,0,0,75
0,0,0,1,90,0,0,0,49
0,0,0,1,90,0,0,0,54
0,0,0,1,90,0,0,0,50
0,0,0,1,90,0,0,0,49
0,0,0,1,90,0,0,0,46
6,3,3,1,37,0,0,0,247
0,0,0,1,156,0,0,0,51
0,0,0,1,156,0,0,0,340
0,0,0,1,156,0,0,0,151
0,0,0,1,156,0,0,0,209
0,0,0,1,156,0,0,0,1047
0,0,0,1,156,0,0,0,179
0,0,0,1,156,0,0,0,40
0,0,0,1,156,0,0,0,939
0,0,0,1,156,0,0,0,1085
0,0,0,1,138,0,0,0,421
0,0,0,1,156,0,0,0,80
0,0,0,1,156,0,0,0,228
0,0,0,1,156,0,0,0,213
0,0,0,1,156,0,0,0,257
0,0,0,1,138,0,0,0,166
0,0,0,1,156,0,0,0,40
0,0,0,1,156,0,0,0,219
0,0,0,1,156,0,0,0,883
0,0,0,1,156,0,0,0,87
0,0,0,1,156,0,0,0,355
0,0,0,1,156,0,0,0,459
0,0,0,1,156,0,0,0,441
0,0,0,1,156,0,0,0,107
0,0,0,1,156,0,0,0,86
0,0,0,1,156,0,0,0,321
0,0,0,1,156,0,0,0,19
0,0,0,1,156,0,0,0,177
0,0,0,1,156,0,0,0,771
0,0,0,1,156,0,0,0,1289
0,0,0,1,156,0,0,0,44
0,0,0,1,127,0,0,0,484
0,0,0,1,156,0,0,0,419
0,0,0,1,156,0,0,0,72
0,0,0,1,138,0,0,0,192
0,0,0,1,156,0,0,0,208
0,0,0,1,156,0,0,0,40
0,0,0,1,156,0,0,0,243
0,0,0,1,156,0,0,0,110
0,0,0,1,156,0,0,0,351
0,0,0,1,156,0,0,0,636
0,0,0,1,156,0,0,0,169
0,0,0,1,156,0,0,0,311
0,0,0,1,156,0,0,0,57
0,0,0,1,156,0,0,0,38
0,0,0,2,154,0,0,0,0
0,0,0,2,154,0,0,0,0
4,2,2,1,64,1,0,0,843
6,3,3,1,158,0,0,0,264
63,55,8,1,148,0,0,0,138
185,82,103,2,144,0,0,0,1185
18,9,9,1,148,0,0,0,48
5,5,0,2,148,0,0,0,70
0,0,0,2,148,0,0,0,59
0,0,0,1,148,0,0,0,58
0,0,0,1,148,0,0,0,192
3,2,1,1,148,0,0,0,170
2,1,1,1,148,0,0,0,99
9,8,1,1,148,0,0,0,34
0,0,0,1,148,0,0,0,89
0,0,0,2,148,0,0,0,19
16,11,5,1,148,0,0,0,229
6,3,3,1,148,0,0,0,73
0,0,0,1,148,0,0,0,29
2,2,0,1,148,0,0,0,146
2,2,0,1,148,0,0,0,53
0,0,0,2,148,0,0,0,141
10,9,1,1,148,0,0,0,463
0,0,0,2,148,0,0,0,43
0,0,0,1,148,0,0,0,49
0,0,0,1,148,0,0,0,69
2,1,1,1,148,0,0,0,57
29,25,4,1,148,0,0,0,145
6,3,3,1,148,0,0,0,128
2,1,1,1,148,0,0,0,78
62,61,1,1,148,0,0,0,196
6,5,1,1,148,0,0,0,26
6,3,3,1,148,0,0,0,78
0,0,0,1,148,0,0,0,29
45,25,20,1,148,0,0,0,454
201,137,64,1,148,0,0,0,319
13,5,8,1,148,0,0,0,215
2,1,1,1,148,0,0,0,35
135,88,47,1,148,0,0,0,373
5,3,2,1,148,0,0,0,161
9,3,6,1,148,0,0,0,189
0,0,0,1,148,0,0,0,31
5,5,0,2,148,0,0,0,67
24,14,10,1,148,0,0,0,142
6,3,3,1,148,0,0,0,153
6,3,3,1,148,0,0,0,33
6,3,3,1,148,0,0,0,380
25,2,23,1,148,0,0,0,64
5,5,0,2,148,0,0,0,65
0,0,0,2,148,0,0,0,19
17,12,5,1,148,0,0,0,43
67,28,39,1,148,0,0,0,123
12,6,6,2,144,0,0,0,74
0,0,0,1,148,0,0,0,29
0,0,0,1,148,0,0,0,1462
0,0,0,2,148,0,0,0,43
26,23,3,1,148,0,0,0,313
2,1,1,1,148,0,0,0,18
0,0,0,2,148,0,0,0,438
3,2,1,1,148,0,0,0,451
4,3,1,1,148,0,0,0,70
5,5,0,2,148,0,0,0,52
0,0,0,2,148,0,0,0,34
86,48,38,1,148,0,0,0,129
6,3,3,1,148,0,0,0,128
127,108,19,1,148,0,0,0,318
12,6,6,1,148,0,0,0,280
52,45,7,1,148,0,0,0,102
39,38,1,1,148,0,0,0,80
12,8,4,1,148,0,0,0,491
6,5,1,1,148,0,0,0,62
5,5,0,2,148,0,0,0,43
4,2,2,1,148,0,0,0,79
0,0,0,2,148,0,0,0,91
14,12,2,1,148,0,0,0,73
372,229,143,1,148,0,0,0,1295
6,3,3,1,148,0,0,0,76
7,6,1,1,148,0,0,0,462
11,8,3,1,148,0,0,0,126
21,14,7,1,148,0,0,0,304
147,79,68,1,148,0,0,0,348
102,50,52,1,148,0,0,0,188
15,11,4,1,148,0,0,0,634
113,103,10,1,148,0,0,0,343
6,3,3,1,148,0,0,0,78
146,135,11,1,148,0,0,0,286
1288,754,534,2,148,1,0,0,2086
259,174,85,1,148,0,0,0,744
9,5,4,1,148,0,0,0,373
137,84,53,1,148,0,0,0,222
20,14,6,1,148,0,0,0,123
20,13,7,1,148,0,0,0,197
5,5,0,2,148,0,0,0,540
227,176,51,1,148,0,0,0,902
272,218,54,1,148,0,0,0,780
75,55,20,1,148,0,0,0,739
6,3,3,1,148,0,0,0,376
5,5,0,2,148,0,0,0,78
10,5,5,1,148,0,0,0,359
5,5,0,2,148,0,0,0,487
17,15,2,1,148,0,0,0,93
127,64,63,2,144,0,0,0,517
83,67,16,1,148,0,0,0,337
27,9,18,2,144,0,0,0,317
857,615,242,1,148,0,0,0,862
14,3,11,1,148,0,0,0,89
171,99,72,1,148,0,0,0,407
12,8,4,1,148,0,0,0,147
242,215,27,1,148,0,0,0,698
520,335,185,1,148,0,0,0,1294
7,4,3,1,148,0,0,0,343
10,4,6,1,148,0,0,0,137
576,329,247,1,148,0,0,0,746
110,63,47,1,148,0,0,0,245
12,3,9,1,148,0,0,0,336
12,6,6,2,144,0,0,0,98
13,8,5,1,148,0,0,0,142
31,19,12,1,148,0,0,0,228
160,112,48,2,144,0,0,0,1456
1668,1170,498,1,148,0,0,0,2716
13,9,4,3,147,0,0,0,1039
6,3,3,1,148,0,0,0,268
37,21,16,1,148,0,0,0,721
13,6,7,1,148,0,0,0,174
295,266,29,1,148,0,0,0,621
370,237,133,1,148,0,0,0,540
5,5,0,2,148,0,0,0,888
5,5,0,2,148,0,0,0,874
6,3,3,1,148,0,0,0,608
8,4,4,1,148,0,0,0,114
11,7,4,1,148,0,0,0,319
81,37,44,1,148,0,0,0,196
16,11,5,1,148,0,0,0,115
6,3,3,1,148,0,0,0,98
346,148,198,1,148,0,0,0,1811
164,76,88,1,148,0,0,0,296
114,38,76,1,148,0,0,0,168
0,0,0,2,148,0,0,0,399
198,176,22,2,148,0,0,0,974
6,3,3,1,148,0,0,0,692
42,34,8,1,148,0,0,0,200
5,5,0,2,148,0,0,0,766
366,234,132,1,148,0,0,0,1100
748,532,216,1,148,0,0,0,1764
51,19,32,1,148,0,0,0,216
14,3,11,1,148,0,0,0,1067
169,98,71,1,148,0,0,0,944
6,3,3,1,148,0,0,0,60
6,3,3,1,148,0,0,0,261
30,11,19,1,148,0,0,0,135
889,708,181,1,148,0,0,0,1783
10,4,6,1,148,0,0,0,112
26,14,12,1,148,0,0,0,2497
57,35,22,1,148,0,0,0,365
5,5,0,2,148,0,0,0,67
10,5,5,1,148,0,0,0,246
99,60,39,1,148,0,0,0,207
5,5,0,2,148,0,0,0,271
604,389,215,1,148,0,0,0,1477
192,120,72,1,148,0,0,0,1911
377,320,57,1,148,0,0,0,372
9,7,2,1,148,0,0,0,124
53,28,25,1,148,0,0,0,164
5,5,0,2,148,0,0,0,128
5,5,0,2,148,0,0,0,170
189,156,33,2,146,0,0,0,814
6,3,3,1,148,0,0,0,272
6,3,3,1,148,0,0,0,162
6,3,3,1,148,0,0,0,118
13,6,7,1,148,0,0,0,201
73,46,27,1,148,0,0,0,712
8,4,4,1,148,0,0,0,126
11,7,4,1,148,0,0,0,148
6,3,3,1,148,0,0,0,451
8,5,3,1,148,0,0,0,322
2,1,1,1,148,0,0,0,79
0,0,0,2,148,0,0,0,81
0,0,0,2,148,0,0,0,130
2,1,1,1,148,0,0,0,115
39,18,21,1,148,0,0,0,573
139,73,66,1,148,0,0,0,325
6,3,3,1,148,0,0,0,100
0,0,0,1,148,0,0,0,29
0,0,0,1,148,0,0,0,89
0,0,0,1,148,0,0,0,36
2,1,1,1,148,0,0,0,125
40,4,36,1,148,0,0,0,124
1241,1137,104,1,148,0,0,0,1896
6,3,3,1,148,0,0,0,100
9,6,3,1,148,0,0,0,82
101,81,20,1,148,0,0,0,191
561,451,110,1,148,0,0,0,1468
4,2,2,1,148,0,0,0,346
2,1,1,1,148,0,0,0,90
4,2,2,1,148,0,0,0,54
9,7,2,1,148,0,0,0,87
118,95,23,1,148,0,0,0,537
6,3,3,1,148,0,0,0,66
2,1,1,1,146,0,0,0,91
21,10,11,2,7,0,0,0,67
4,2,2,1,37,0,0,0,73
4,2,2,1,37,0,0,0,71
4,2,2,1,37,0,0,0,106
4,2,2,1,37,0,0,0,89
4,2,2,1,37,0,0,0,82
4,2,2,1,37,0,0,0,81
4,2,2,1,37,0,0,0,71
4,2,2,1,37,0,0,0,64
4,2,2,1,37,0,0,0,69
4,2,2,1,37,0,0,0,72
4,2,2,1,37,0,0,0,70
4,2,2,1,37,0,0,0,99
4,2,2,1,37,0,0,0,77
4,2,2,1,37,0,0,0,77
13,7,6,2,34,0,0,0,656
27,12,15,3,16,0,0,0.00943396226415094,106
16,7,9,2,16,0,0,0.00609756097560976,164
4,2,2,1,37,0,0,0,86
4,2,2,1,37,0,0,0,73
4,2,2,1,37,0,0,0,71
0,0,0,1,63,0,0,0,0
0,0,0,1,63,0,0,0,0
0,0,0,1,63,0,0,0,0
0,0,0,1,63,0,0,0,0
4,2,2,1,37,0,0,0,94
4,2,2,1,37,0,0,0,71
4,2,2,1,37,0,0,0,81
9,8,1,1,140,0,0,0,225
4,2,2,1,37,0,0,0,62
5,4,1,1,140,0,0,0,108
4,2,2,1,37,0,0,0,91
5,3,2,1,37,0,0,0,443
6,3,3,1,20,0,0,0.000555555555555556,1800
14,12,2,2,37,0,0,0,946
4,2,2,1,143,0,0,0,1188
3,2,1,1,71,0,0,0,698
17,15,2,2,37,0,0,0,1267
0,0,0,1,110,0,0,0,1470
0,0,0,1,35,0,0,0,431
6,3,3,1,4,0,0,0,299
10,5,5,1,4,0,0,0,393
6,3,3,1,4,0,0,0,431
32,16,16,1,4,0,0,0,677
6,3,3,1,4,0,0,0,300
6,3,3,1,4,0,0,0,413
6,3,3,1,4,0,0,0.00188679245283019,530
6,3,3,1,4,0,0,0,497
6,3,3,1,4,0,0,0,156
6,3,3,1,4,0,0,0,276
8,4,4,1,4,0,0,0,298
10,5,5,1,4,0,0,0,663
10,5,5,1,4,0,0,0,1796
6,3,3,1,4,0,0,0,578
12,6,6,2,4,0,0,0,361
8,4,4,1,4,0,0,0,328
6,3,3,1,4,0,0,0,356
6,3,3,1,4,0,0,0,478
8,4,4,1,4,0,0,0,1429
16,11,5,2,1,0,0,0,516
6,3,3,1,4,0,0,0,151
6,3,3,1,4,0,0,0,550
6,3,3,1,4,0,0,0,1508
10,5,5,1,4,0,0,0,537
8,4,4,1,4,0,0,0,791
6,3,3,1,4,0,0,0,499
6,3,3,1,4,0,0,0,134
6,3,3,1,4,0,0,0,314
6,3,3,1,4,0,0,0,101
16,8,8,1,4,0,0,0,1127
6,3,3,1,4,0,0,0,634
6,3,3,1,4,0,0,0,251
6,3,3,1,4,0,0,0,164
6,3,3,1,4,0,0,0,180
6,3,3,1,4,0,0,0,201
6,3,3,1,4,0,0,0,296
7,4,3,2,4,0,0,0,247
14,10,4,3,1,0,0,0,268
6,3,3,1,4,0,0,0,139
6,3,3,1,4,0,0,0,277
6,3,3,1,4,0,0,0,337
6,3,3,1,4,0,0,0,387
6,3,3,1,4,0,0,0,152
6,3,3,1,4,0,0,0,157
6,3,3,1,4,0,0,0,232
10,5,5,1,4,0,0,0.00547945205479452,365
8,4,4,1,4,0,0,0,142
6,3,3,1,4,0,0,0,524
10,5,5,1,4,0,0,0,1013
7,4,3,2,4,0,0,0,506
8,4,4,1,4,0,0,0,337
6,3,3,1,4,0,0,0,168
6,3,3,1,4,0,0,0,136
6,3,3,1,4,0,0,0,48
6,3,3,1,4,0,0,0,355
6,3,3,1,4,0,0,0,106
6,3,3,1,4,0,0,0,124
8,4,4,1,4,0,0,0,158
6,3,3,1,4,0,0,0,178
6,3,3,1,4,0,0,0,172
6,3,3,1,4,0,0,0,91
6,3,3,1,4,0,0,0,114
6,3,3,1,4,0,0,0,385
6,3,3,1,4,0,0,0,115
6,3,3,1,4,0,0,0,87
6,3,3,1,4,0,0,0,75
6,3,3,1,4,0,0,0,262
6,3,3,1,4,0,0,0,109
10,5,5,1,4,0,0,0,370
8,4,4,1,4,0,0,0,352
6,3,3,1,4,0,0,0,878
903,427,476,1,95,0,0,0,3386
3,3,0,1,37,0,0,0,172
426,309,117,1,29,1,0,0,12043
10,10,0,1,95,0,0,0,478
340,212,128,1,15,0,0,0,527
8,4,4,1,15,0,0,0,79
10,2,8,1,139,0,0,0,470
11,9,2,1,139,0,0,0,2799
14,12,2,1,139,0,0,0,1048
28,26,2,1,139,0,0,0,4621
26,23,3,1,139,0,0,0,387
0,0,0,1,139,0,0,0,141
2,1,1,1,89,0,0,0,1144
2,1,1,1,89,0,0,0,1037
2,1,1,1,89,0,0,0,1144
2,1,1,1,89,0,0,0,1037
2,1,1,1,89,0,0,0,1144
2,1,1,1,89,0,0,0,1037
2,1,1,1,89,0,0,0,1144
2,1,1,1,89,0,0,0,1037
2,1,1,1,89,0,0,0,1144
4,2,2,1,89,0,0,0,1037
4,2,2,1,89,0,0,0,1144
2,1,1,1,89,0,0,0,1037
2,1,1,1,89,0,0,0,1144
2,1,1,1,89,0,0,0,1037
2,1,1,1,89,0,0,0,1144
2,1,1,1,89,0,0,0,1037
2,1,1,1,89,0,0,0,1144
2,1,1,1,89,0,0,0,1037
2,1,1,1,89,0,0,0,1144
2,1,1,1,89,0,0,0,1037
2,1,1,1,89,0,0,0,1144
2,1,1,1,89,0,0,0,1037
2,1,1,1,89,0,0,0,1144
2,1,1,1,89,0,0,0,1037
2,1,1,1,89,0,0,0,1144
2,1,1,1,89,0,0,0,1037
2,1,1,1,89,0,0,0,1144
2,1,1,1,89,0,0,0,1037
2,1,1,1,89,0,0,0,1144
2,1,1,1,89,0,0,0,1037
2,1,1,1,89,0,0,0,1144
2,1,1,1,89,0,0,0,1037
2,1,1,1,89,0,0,0,1378
2,1,1,1,89,0,0,0,11
2,1,1,1,89,0,0,0,1378
2,1,1,1,89,0,0,0,11
2,1,1,1,89,0,0,0,1378
2,1,1,1,89,0,0,0,11
2,1,1,1,89,0,0,0,1378
2,1,1,1,89,0,0,0,11
2,1,1,1,89,0,0,0,1378
2,1,1,1,89,0,0,0,11
4,2,2,1,89,0,0,0,1378
2,1,1,1,89,0,0,0,11
2,1,1,1,89,0,0,0,1378
2,1,1,1,89,0,0,0,11
2,1,1,1,89,0,0,0,1378
2,1,1,1,89,0,0,0,11
2,1,1,1,89,0,0,0,1378
2,1,1,1,89,0,0,0,11
2,1,1,1,89,0,0,0,1378
2,1,1,1,89,0,0,0,11
2,1,1,1,89,0,0,0,1378
2,1,1,1,89,0,0,0,11
2,1,1,1,89,0,0,0,1378
2,1,1,1,89,0,0,0,11
2,1,1,1,89,0,0,0,1378
2,1,1,1,89,0,0,0,11
2,1,1,1,89,0,0,0,1378
2,1,1,1,89,0,0,0,11
2,1,1,1,89,0,0,0,1378
2,1,1,1,89,0,0,0,11
2,1,1,1,89,0,0,0,1378
2,1,1,1,89,0,0,0,11
0,0,0,1,31,0,0,0,653
0,0,0,1,31,0,0,0,232
0,0,0,1,31,0,0,0,8
0,0,0,1,31,0,0,0,5148
0,0,0,1,31,0,0,0,7
0,0,0,1,31,0,0,0,380
0,0,0,1,31,0,0,0,449
0,0,0,1,31,0,0,0,171
0,0,0,1,31,0,0,0,243
0,0,0,1,83,0,0,0,0
0,0,0,1,83,0,0,0,0
0,0,0,1,83,0,0,0,0
0,0,0,1,83,0,0,0,0
7,4,3,2,21,1,0,0,54
0,0,0,1,121,0,0,0,64
19,7,12,3,41,0,0,0,71
3,2,1,1,14,0,0,0,107
8,4,4,2,61,0,0,0,84
5,4,1,1,41,0,0,0,88
10,6,4,2,89,1,0,0,112
19,11,8,3,73,0,0,0,86
13,9,4,3,36,0,0,0,71
3,2,1,2,21,0,0,0,58
3,2,1,1,155,0,0,0,117
8,4,4,2,61,0,0,0,148
8,1,7,1,74,0,0,0,330
4,3,1,1,139,0,0,0,483
17,15,2,2,5,0,0,0,317
12,7,5,3,61,0,0,0,97
4,3,1,1,139,0,0,0,74
7,5,2,2,132,0,0,0,371
24,8,16,4,5,0,0,0,138
13,5,8,2,17,0,0,0,69
8,2,6,1,18,0,0,0,105
5,3,2,1,83,0,0,0,104
0,0,0,1,143,0,0,0,445
0,0,0,1,37,0,0,0,92
8,4,4,1,31,0,0,0,82
9,5,4,1,17,0,0,0,61
13,7,6,2,31,0,0,0,60
28,23,5,1,17,0,0,0,66
28,15,13,1,26,0,0,0,159
3,1,2,1,37,0,0,0,34
4,1,3,1,37,0,0,0,68
5,3,2,1,72,0,0,0,151
21,2,19,1,72,0,0,0,86
55,35,20,1,72,0,0,0,93
7,4,3,1,72,0,0,0,97
7,4,3,1,72,0,0,0,76
7,4,3,1,72,0,0,0,74
7,4,3,1,72,0,0,0,89
6,3,3,1,41,0,0,0,292
1,1,0,1,41,0,0,0,88
3,2,1,1,41,0,0,0,303
24,13,11,1,26,0,0,0,93
17,3,14,1,44,0,0,0,44
14,7,7,2,23,1,0,0,767
99,59,40,2,28,1,0,0,1348
6,2,4,1,57,0,0,0,393
55,35,20,1,72,0,0,0,93
7,4,3,2,154,0,0,0,29
6,3,3,2,5,0,0,0,122
8,6,2,1,152,0,0,0,155
6,3,3,1,54,0,0,0,242
16,11,5,1,14,0,0,0,996
5,2,3,1,5,0,0,0,154
8,4,4,1,155,0,0,0.00313479623824451,319
10,5,5,1,5,0,0,0,187
34,30,4,2,65,0,0,0,358
5,4,1,1,15,0,0,0,67
5,4,1,1,22,0,0,0,271
9,6,3,1,81,0,0,0,494
3,1,2,1,107,0,0,0,98
4,2,2,1,81,0,0,0,54
76,38,38,1,81,0,0,0,152
48,43,5,2,43,0,0,0,322
14,9,5,2,81,0,0,0,226
10,2,8,1,81,0,0,0,422
10,8,2,1,81,0,0,0,273
6,4,2,1,153,0,0,0,51
10,9,1,2,36,1,0,0,61
0,0,0,1,36,1,0,0,128
104,56,48,2,173,0,0,0,1936
8,4,4,1,13,0,0,0,295
0,0,0,1,132,0,0,0,60
66,58,8,2,41,0,0,0,5552
5,3,2,1,137,0,0,0,62
5,3,2,1,137,0,0,0,79
5,3,2,1,137,0,0,0,66
5,3,2,1,137,0,0,0,70
5,3,2,1,137,0,0,0,58
5,3,2,1,137,0,0,0,67
6,3,3,1,54,0,0,0,94
6,3,3,1,54,0,0,0,94
19,13,6,2,133,0,0,0,252
0,0,0,1,21,0,0,0,0
8,6,2,1,50,0,0,0,64
62,35,27,4,40,0,0,0,497
848,488,360,16,15,1,0,0,3946
389,240,149,3,7,0,0,0,1284
6,3,3,1,13,0,0,0,94
10,8,2,1,169,0,0,0,74
20,8,12,2,26,0,0,0,102
20,8,12,2,26,0,0,0,104
22,8,14,2,26,0,0,0,63
14,8,6,2,26,0,0,0,64
22,8,14,2,26,0,0,0,68
20,8,12,2,26,0,0,0,117
15,4,11,1,27,0,0,0,62
22,8,14,2,26,0,0,0,57
15,4,11,1,27,0,0,0,62
22,8,14,2,26,0,0,0,57
20,8,12,2,26,0,0,0,103
20,17,3,2,36,1,0,0,0
22,8,14,2,26,0,0,0,58
57,45,12,5,5,1,0,0,473
7,4,3,1,141,0,0,0,595
110,56,54,2,22,0,0,0,68
26,24,2,1,161,0,0,0,281
6,3,3,1,41,1,0,0,579
7,5,2,1,91,0,0,0,292
53,21,32,1,41,1,0,0,135
28,21,7,2,161,0,0,0,919
5,4,1,1,11,1,0,0,423
7,2,5,1,74,0,0,0,147
72,26,46,2,11,1,0,0,667
102,73,29,2,11,1,0,0,965
53,26,27,2,55,1,0,0,515
11,9,2,1,91,0,0,0,97
59,18,41,2,74,0,0,0,1784
132,95,37,3,41,2,0,0,369
11,9,2,1,11,1,0,0,245
12,4,8,2,74,0,0,0,543
24,15,9,1,114,1,0,0,352
13,7,6,1,129,0,0,0,1955
4,2,2,1,129,0,0,0,202
156,57,99,1,85,0,0,0,963
6,3,3,1,85,0,0,0,44
25,12,13,1,85,0,0,0,48
72,36,36,2,85,0,0,0,148
12,6,6,1,85,0,0,0,43
12,6,6,1,85,0,0,0,60
21,7,14,1,85,0,0,0,148
2,2,0,1,154,0,0,0,249
187,80,107,3,41,0,0,0,884
8,4,4,1,62,0,0,0,200
61,38,23,4,43,1,0,0.000765696784073507,1306
60,41,19,1,44,0,0,0,276
3,2,1,1,131,0,0,0,29
3,2,1,1,131,0,0,0,29
0,0,0,1,121,0,0,0,17
0,0,0,1,121,0,0,0,17
0,0,0,1,121,0,0,0,44
0,0,0,1,121,0,0,0,44
0,0,0,1,121,0,0,0,41
0,0,0,1,121,0,0,0,41
0,0,0,1,121,0,0,0,17
0,0,0,1,121,0,0,0,17
0,0,0,1,121,0,0,0,120
0,0,0,1,121,0,0,0,120
0,0,0,1,121,0,0,0,42
0,0,0,1,121,0,0,0,42
0,0,0,1,121,0,0,0,79
0,0,0,1,121,0,0,0,79
0,0,0,1,121,0,0,0,42
0,0,0,1,121,0,0,0,42
0,0,0,1,121,0,0,0,46
0,0,0,1,121,0,0,0,46
0,0,0,1,121,0,0,0,46
0,0,0,1,121,0,0,0,46
0,0,0,1,121,0,0,0,124
0,0,0,1,121,0,0,0,5
0,0,0,1,121,0,0,0,123
0,0,0,1,121,0,0,0,5
0,0,0,1,121,0,0,0,47
0,0,0,1,121,0,0,0,47
0,0,0,1,121,0,0,0,15
0,0,0,1,121,0,0,0,15
0,0,0,1,121,0,0,0,47
0,0,0,1,121,0,0,0,47
0,0,0,1,121,0,0,0,15
0,0,0,1,121,0,0,0,15
0,0,0,1,121,0,0,0,57
0,0,0,1,121,0,0,0,57
0,0,0,1,121,0,0,0,15
0,0,0,1,121,0,0,0,15
0,0,0,1,121,0,0,0,46
0,0,0,1,121,0,0,0,46
0,0,0,1,121,0,0,0,46
0,0,0,1,121,0,0,0,46
0,0,0,1,121,0,0,0,99
0,0,0,1,121,0,0,0,99
0,0,0,1,121,0,0,0,58
0,0,0,1,121,0,0,0,58
0,0,0,1,121,0,0,0,48
0,0,0,1,121,0,0,0,48
3,2,1,1,121,0,0,0,389
3,2,1,1,121,0,0,0,352
3,2,1,1,121,0,0,0,384
3,2,1,1,121,0,0,0,349
3,2,1,1,121,0,0,0,269
25,24,1,2,121,0,0,0,29
9,8,1,1,121,0,0,0,86
9,8,1,1,121,0,0,0,61
4,2,2,1,120,0,0,0,45
15,8,7,1,120,0,0,0,59
15,8,7,1,120,0,0,0,59
9,8,1,1,121,0,0,0,86
9,8,1,1,121,0,0,0,57
7,5,2,1,121,0,0,0,44
7,5,2,1,121,0,0,0,48
6,5,1,1,131,0,0,0,44
6,5,1,1,131,0,0,0,48
7,6,1,1,121,0,0,0,44
7,6,1,1,121,0,0,0,48
7,6,1,1,121,0,0,0,51
7,6,1,1,121,0,0,0,56
6,5,1,1,131,0,0,0,44
6,5,1,1,131,0,0,0,48
6,5,1,1,121,0,0,0,44
6,5,1,1,121,0,0,0,49
7,6,1,1,121,0,0,0,44
7,6,1,1,121,0,0,0,48
6,4,2,1,149,0,0,0,406
25,19,6,2,41,1,0,0,819
3,2,1,1,92,0,0,0,320
14,7,7,1,95,0,0,0,471
27,26,1,1,72,0,0,0,151
4,3,1,1,72,0,0,0,93
37,36,1,1,86,0,0,0,177
4,3,1,1,86,0,0,0,101
95,62,33,5,36,2,0,0,130
16,13,3,1,36,0,0,0,89
58,51,7,4,36,1,0,0,228
84,56,28,5,36,1,0,0,165
37,33,4,3,36,0,0,0,135
0,0,0,1,30,0,0,0,0
1455,829,626,25,8,2,0,0.00149253731343284,1340
10,8,2,2,22,0,0,0,364
8,4,4,1,125,0,0,0,431
92,39,53,4,30,1,0,0.00478468899521531,209
100,94,6,2,30,0,0,0.0017636684303351,567
299,171,128,8,30,2,0,0.00452488687782805,442
44,20,24,3,30,1,0,0,0
88,30,58,4,30,0,0,0,0
411,236,175,20,30,2,0,0.0062111801242236,322
598,253,345,12,36,1,0,0,204
37,28,9,2,36,0,0,0,133
292,139,153,10,30,2,0,0.00847457627118644,472
843,432,411,16,12,1,0,0,603
163,85,78,4,36,1,0,0.00228310502283105,438
111,45,66,7,36,2,0,0,571
52,30,22,5,12,0,0,0.0120481927710843,83
23,14,9,3,36,1,0,0,144
24,2,22,2,125,0,0,0,0
11,8,3,1,125,0,0,0,230
21,11,10,2,103,0,0,0.00421940928270042,237
6,3,3,1,36,1,0,0,143
130,53,77,4,96,1,0,0,422
557,34,523,4,64,0,0,0,534
1,0,1,1,64,0,0,0,48
237,168,69,9,3,1,0,0,258
179,95,84,4,11,0,0,0,258
954,503,451,21,3,1,0,0,1056
149,77,72,5,14,0,0,0,135
637,486,151,13,3,0,0,0,1068
326,163,163,10,19,0,0,0,557
212,165,47,11,10,0,0,0,306
89,82,7,3,124,0,0,0,176
616,402,214,27,14,0,0,0,806
653,329,324,40,0,0,0,0,633
283,168,115,24,3,1,0,0,250
20,14,6,4,10,0,0,0,48
542,273,269,12,14,1,0,0,249
65,37,28,5,0,0,0,0,293
52,32,20,5,32,0,0,0,62
0,0,0,1,44,0,0,0,0
456,224,232,20,7,0,0,0,1420
17,9,8,2,44,0,0,0,368
26,13,13,2,4,0,0,0,425
13,11,2,1,171,0,0,0,165
9,7,2,1,115,0,0,0,194
105,86,19,2,15,1,0,0,987
11,9,2,2,82,0,0,0,124
17,9,8,1,148,0,0,0,236
13,7,6,2,4,0,0,0,515
12,6,6,1,150,0,0,0,387
29,14,15,2,149,0,0,0,3817
8,4,4,1,16,0,0,0,146
122,61,61,1,16,0,0,0.00136054421768707,735
8,5,3,3,63,0,0,0,220
13,8,5,5,3,0,0,0,1774
11,5,6,4,45,0,0,0,225
120,70,50,6,45,0,0,0,450
2,2,0,2,63,0,0,0,282
2,2,0,2,63,0,0,0,202
19,16,3,3,62,0,0,0,189
0,0,0,2,64,0,0,0,0
2,2,0,2,63,0,0,0,165
2,2,0,2,63,0,0,0,119
28,14,14,2,90,1,0,0,179
16,10,6,2,12,2,0,0,331
41,21,20,3,12,1,0,0,321
0,0,0,1,75,0,0,0,0
14,7,7,1,75,0,0,0,355
41,21,20,3,75,1,0,0,465
200,162,38,4,12,2,0,0,1062
22,13,9,2,12,1,0,0,291
6,4,2,2,75,0,0,0,85
16,15,1,1,178,0,0,0,91
447,432,15,2,75,0,0,0,487
15,11,4,1,25,0,0,0,316
11,5,6,1,72,0,0,0.0025,400
4,2,2,1,72,0,0,0,299
11,5,6,1,72,0,0,0.000646412411118293,1547
8,4,4,1,4,0,0,0,412
6,3,3,1,4,0,0,0,99
6,3,3,1,4,0,0,0,126
6,3,3,1,4,0,0,0,799
4,2,2,2,37,0,0,0,0
0,0,0,1,37,0,0,0,0
0,0,0,1,37,0,0,0,0
0,0,0,1,37,0,0,0,0
0,0,0,1,37,0,0,0,0
0,0,0,1,37,0,0,0,0
0,0,0,1,37,0,0,0,0
0,0,0,1,37,0,0,0,0
0,0,0,1,37,0,0,0,0
0,0,0,1,37,0,0,0,0
0,0,0,1,37,0,0,0,0
0,0,0,1,37,0,0,0,0
0,0,0,1,37,0,0,0,0
0,0,0,1,37,0,0,0,0
0,0,0,1,37,0,0,0,0
0,0,0,1,37,0,0,0,0
0,0,0,1,37,0,0,0,0
0,0,0,1,110,1,0,0,20
26,25,1,1,42,0,0,0,144
16,11,5,2,23,1,0,0,84
9,6,3,1,13,0,0,0,61
0,0,0,1,120,1,0,0,25
14,8,6,1,156,0,0,0,153
4,2,2,1,16,0,0,0,78
5,4,1,1,101,0,0,0,74
0,0,0,1,45,0,0,0,0
9,7,2,2,37,0,0,0,0
0,0,0,1,15,0,0,0,75
0,0,0,1,93,0,0,0,37
90,77,13,4,4,1,0,0,1311
377,130,247,5,12,0,0,0,544
115,54,61,2,43,0,0,0,905
111,55,56,2,38,0,0,0,760
16,8,8,1,43,0,0,0,119
62,31,31,2,43,0,0,0.00440528634361234,227
8,4,4,1,43,0,0,0,47
73,36,37,1,43,0,0,0,478
14,7,7,1,43,0,0,0,95
0,0,0,1,11,0,0,0,0
0,0,0,1,11,0,0,0,0
0,0,0,1,11,0,0,0,0
0,0,0,1,11,0,0,0,0
0,0,0,1,11,0,0,0,0
168,84,84,6,20,0,0,0.00036697247706422,2725
10,5,5,1,155,0,0,0,561
4,2,2,1,95,0,0,0,62
9,6,3,1,33,0,0,0,733
13,7,6,2,156,0,0,0,355
14,10,4,1,33,0,0,0,398
8,4,4,1,36,0,0,0,281
11,8,3,1,36,1,0,0,531
13,7,6,2,156,0,0,0,464
24,22,2,1,119,0,0,0,985
8,5,3,1,72,0,0,0.00246305418719212,406
4,2,2,1,72,0,0,0.00775193798449612,129
18,9,9,1,72,0,0,0.00141843971631206,705
12,6,6,1,72,0,0,0.00152671755725191,655
32,16,16,1,72,0,0,0.000814332247557003,1228
9,5,4,2,156,0,0,0,332
12,6,6,1,72,0,0,0,237
6,3,3,1,72,0,0,0,392
4,2,2,1,72,0,0,0,195
30,15,15,2,70,0,0,0.00107296137339056,932
22,11,11,2,70,0,0,0.00098135426889107,1019
12,6,6,1,72,0,0,0.00204918032786885,488
8,4,4,2,70,0,0,0,208
6,2,4,1,70,0,0,0,81
9,6,3,1,1,0,0,0,232
6,4,2,1,1,0,0,0,246
6,4,2,1,1,0,0,0,118
34,29,5,2,0,0,0,0.00125,800
19,11,8,2,0,0,0,0,257
6,4,2,1,1,0,0,0,371
6,4,2,1,1,0,0,0,183
12,8,4,1,1,0,0,0,217
6,4,2,1,1,0,0,0.00460829493087558,217
668,663,5,1,3,0,0,0.00084530853761623,1183
4,3,1,1,3,0,0,0,45
6,4,2,1,3,0,0,0.00186451211932878,1609
6,3,3,1,10,0,0,0,1805
6,3,3,1,165,1,0,0,400
19,10,9,2,155,0,0,0,754
31,16,15,2,156,0,0,0,175
12,6,6,2,156,0,0,0,182
8,4,4,3,156,0,0,0,106
12,6,6,2,156,0,0,0,154
12,6,6,2,156,0,0,0,156
12,6,6,2,156,0,0,0,155
8,4,4,2,156,0,0,0,212
32,14,18,3,4,0,0,0,147
20,12,8,3,156,0,0,0,160
19,10,9,3,155,0,0,0,285
18,9,9,3,4,0,0,0,215
8,4,4,1,136,0,0,0,378
22,10,12,3,19,0,0,0,520
18,9,9,3,4,0,0,0,172
12,6,6,2,156,0,0,0,152
12,6,6,2,156,0,0,0,132
14,6,8,1,170,0,0,0,225
16,11,5,1,170,0,0,0,333
12,6,6,2,156,0,0,0,315
19,10,9,2,170,0,0,0,84
6,3,3,1,170,0,0,0,58
6,3,3,1,170,0,0,0,191
14,4,10,1,170,0,0,0,210
6,3,3,1,170,0,0,0,138
12,6,6,2,156,0,0,0,169
12,6,6,2,156,0,0,0,215
12,6,6,2,156,0,0,0,148
281,42,239,5,4,0,0,0,222
12,6,6,2,4,0,0,0,205
12,6,6,2,156,0,0,0,265
12,6,6,2,156,0,0,0,170
27,14,13,2,11,1,0,0,1552
24,13,11,3,4,0,0,0,847
6,5,1,2,5,1,0,0,49
113,62,51,7,5,1,0,0,1433
14,7,7,3,4,1,0,0,477
6,3,3,1,72,0,0,0.00116550116550117,858
15,8,7,4,4,1,0,0,1876
14,7,7,1,127,1,0,0,1417
18,9,9,2,4,0,0,0,925
6,3,3,1,37,0,0,0,815
47,6,41,2,4,0,0,0,522
18,10,8,2,4,1,0,0.00176678445229682,566
32,16,16,4,172,0,0,0,354
19,10,9,3,4,0,0,0,399
12,7,5,2,104,0,0,0,314
7,4,3,2,4,0,0,0,244
0,0,0,1,27,0,0,0,4
0,0,0,1,27,0,0,0,33
73,59,14,4,21,0,0,0,169
136,86,50,11,0,0,0,0,267
17,10,7,4,83,0,0,0,125
35,21,14,5,69,0,0,0,340
41,19,22,4,19,0,0,0,306
219,115,104,14,0,0,0,0,519
86,37,49,9,19,0,0,0,251
70,26,44,6,33,0,0,0,124
118,66,52,7,19,0,0,0,243
68,36,32,9,132,0,0,0,0
84,66,18,1,121,0,0,0,610
0,0,0,1,113,1,0,0,276
2,1,1,2,112,1,0,0,739
0,0,0,1,113,1,0,0,124
0,0,0,1,113,1,0,0,428
0,0,0,1,113,1,0,0,150
0,0,0,1,113,1,0,0,150
2,1,1,2,112,1,0,0,42
0,0,0,1,113,1,0,0,1199
0,0,0,1,113,1,0,0,1231
187,123,64,6,8,0,0,0.00143884892086331,695
3,2,1,2,38,0,0,0,328
3,2,1,1,38,0,0,0,83
321,161,160,2,26,0,0,0.00245098039215686,408
23,13,10,3,61,0,0,0,1811
4,2,2,1,163,0,0,0,261
16,8,8,3,20,0,0,0,94
18,9,9,2,63,1,0,0,370
21,15,6,1,16,0,0,0,438
4,2,2,1,63,0,0,0,465
12,6,6,2,55,0,0,0,230
10,5,5,2,63,0,0,0,1174
0,0,0,1,16,0,0,0,0
4,2,2,1,63,0,0,0,233
47,6,41,1,16,0,0,0,103
2,1,1,1,63,0,0,0,68
5,2,3,2,63,0,0,0,12
4,2,2,1,55,0,0,0,118
6,3,3,1,16,0,0,0,471
10,5,5,2,63,0,0,0,543
13,7,6,1,13,0,0,0,227
19,10,9,3,14,0,0,0,196
10,5,5,2,63,0,0,0,525
9,4,5,2,63,0,0,0,1155
9,4,5,2,63,0,0,0,1019
2,1,1,1,63,0,0,0,60
25,9,16,1,16,0,0,0,68
4,2,2,1,55,0,0,0,100
55,25,30,6,55,0,0,0,1644
10,5,5,2,63,0,0,0,1629
10,5,5,2,63,0,0,0,2579
15,2,13,1,16,0,0,0,589
16,2,14,1,16,0,0,0,744
16,2,14,1,16,0,0,0,533
18,9,9,3,63,0,0,0,230
41,13,28,1,16,0,0,0,155
4,2,2,1,63,0,0,0,746
48,12,36,2,16,0,0,0,116
5,2,3,2,63,0,0,0,7
14,4,10,1,30,0,0,0,682
24,8,16,3,42,0,0,0,5356
49,24,25,3,63,0,0,0,778
5,2,3,1,16,0,0,0,204
205,23,182,2,63,0,0,0,162
44,8,36,1,151,0,0,0,34
37,22,15,5,21,0,0,0,685
12,6,6,2,63,1,0,0,588
12,6,6,2,63,1,0,0,305
18,9,9,3,63,0,0,0,255
256,38,218,3,16,0,0,0,547
10,5,5,2,63,0,0,0,322
4,2,2,1,63,0,0,0,1445
40,21,19,5,21,0,0,0.000496277915632754,2015
166,83,83,2,63,0,0,0,136
15,2,13,1,151,0,0,0,30
9,5,4,2,63,0,0,0,226
4,2,2,1,63,0,0,0,98
107,107,0,1,21,0,0,0,107
73,29,44,5,42,0,0,0,3952
28,14,14,3,30,0,0,0,264
23,5,18,2,63,0,0,0,351
10,5,5,2,63,0,0,0,1252
10,5,5,2,63,0,0,0,304
105,72,33,2,63,1,0,0,685
6,4,2,2,21,0,0,0,189
23,2,21,2,63,0,0,0,84
10,5,5,2,63,0,0,0,304
9,6,3,2,63,0,0,0,79
6,3,3,2,63,1,0,0,84
12,6,6,2,63,1,0,0,134
89,11,78,2,16,0,0,0,263
8,4,4,2,63,1,0,0,106
28,26,2,2,63,0,0,0,203
2,0,2,1,28,0,0,0,79
2,1,1,1,63,0,0,0,84
1,0,1,1,28,0,0,0,59
12,7,5,4,20,0,0,0,76
4,1,3,1,44,0,0,0,118
3,2,1,1,42,0,0,0,118
74,29,45,2,63,0,0,0,132
6,3,3,1,16,0,0,0,141
12,6,6,2,63,1,0,0,264
22,13,9,3,16,1,0,0,338
42,18,24,2,63,1,0,0,127
58,28,30,2,63,0,0,0,157
6,3,3,1,16,0,0,0,171
33,11,22,2,63,0,0,0,174
7,4,3,1,16,0,0,0,317
7,4,3,1,16,0,0,0,342
8,4,4,1,16,0,0,0,850
7,4,3,1,16,0,0,0,441
7,4,3,1,16,0,0,0,359
7,4,3,1,16,0,0,0,411
7,4,3,1,16,0,0,0,320
7,4,3,1,16,0,0,0,319
7,4,3,1,16,0,0,0,309
6,3,3,1,16,0,0,0,304
10,5,5,2,63,1,0,0,356
7,4,3,1,16,0,0,0,647
70,34,36,2,63,0,0,0,112
6,3,3,1,16,0,0,0,248
71,34,37,2,63,0,0,0,122
266,259,7,3,1,0,0,0.00396825396825397,252
0,0,0,1,104,0,0,0,0
330,308,22,4,1,0,0,0,0
360,262,98,3,1,0,0,0,164
0,0,0,1,104,0,0,0,0
11,7,4,2,10,0,0,0,116
186,166,20,6,10,0,0,0,326
42,15,27,4,37,0,0,0,444
62,50,12,3,37,1,0,0,482
0,0,0,1,112,0,0,0,0
52,31,21,4,13,0,0,0.0019047619047619,525
10,5,5,2,62,1,0,0,1518
48,27,21,7,21,1,0,0,307
30,17,13,2,27,1,0,0,219
58,15,43,3,27,0,0,0.00277008310249307,361
97,82,15,4,13,0,0,0,443
123,67,56,10,7,1,0,0,187
32,20,12,4,1,0,0,0.0072463768115942,138
5,2,3,1,62,1,0,0,223
272,47,225,4,46,0,0,0,117
175,33,142,4,46,0,0,0,151
186,92,94,7,21,1,0,0,303
464,357,107,10,16,1,0,0,1279
596,400,196,13,10,1,0,0.000953743443013829,2097
37,28,9,4,10,0,0,0,277
8,4,4,1,62,1,0,0,249
10,7,3,2,62,1,0,0,238
10,5,5,2,63,0,0,0.00206611570247934,968
358,120,238,4,40,0,0,0,160
1351,650,701,7,62,1,0,0,0
4,2,2,1,63,0,0,0,203
6,3,3,1,37,0,0,0,233
199,121,78,7,15,1,0,0.00617283950617284,324
455,154,301,9,40,0,0,0,175
72,46,26,8,16,1,0,0.00151285930408472,661
499,349,150,7,16,1,0,0.00100200400801603,998
14,7,7,3,62,1,0,0.00256410256410256,390
23,2,21,2,63,0,0,0,79
16,10,6,3,20,0,0,0,131
34,24,10,4,63,0,0,0,111
190,131,59,12,1,1,0,0.00242130750605327,413
27,5,22,2,63,0,0,0,57
344,3,341,2,63,0,0,0,3
4,2,2,1,22,0,0,0,103
2,1,1,1,63,0,0,0,181
75,70,5,4,27,1,0,0,157
12,6,6,2,63,1,0,0,134
8,4,4,2,63,1,0,0,95
84,3,81,2,63,0,0,0,3
7,5,2,2,63,0,0,0,164
12,4,8,3,62,1,0,0,128
29,15,14,4,22,0,0,0,130
515,128,387,7,21,1,0,0,331
4,2,2,1,33,0,0,0.0161290322580645,62
67,56,11,4,25,0,0,0,162
45,33,12,7,26,1,0,0,387
2,1,1,1,63,0,0,0,3
23,13,10,6,20,0,0,0,85
52,25,27,4,27,1,0,0,183
13,8,5,2,54,0,0,0,0
10,6,4,2,54,0,0,0,0
0,0,0,1,54,0,0,0,0
4,2,2,2,54,0,0,0,0
4,2,2,1,63,0,0,0,1129
16,8,8,2,63,0,0,0,714
2,1,1,1,63,0,0,0,1690
126,22,104,4,16,0,0,0,1556
40,20,20,3,63,0,0,0,2624
19,9,10,3,44,1,0,0.00109409190371991,914
12,8,4,2,63,0,0,0,232
5,3,2,1,16,0,0,0,369
12,8,4,2,63,0,0,0,477
12,8,4,2,63,0,0,0,480
12,8,4,2,63,0,0,0,485
12,8,4,2,63,0,0,0,478
12,8,4,2,63,0,0,0,490
60,27,33,8,63,0,0,0,2156
29,10,19,2,63,0,0,0,538
14,7,7,2,63,0,0,0,1832
44,27,17,2,63,0,0,0,2193
29,19,10,2,63,0,0,0,2047
10,5,5,2,63,0,0,0,1594
22,12,10,2,63,0,0,0,2165
4,2,2,1,63,0,0,0,3511
5,3,2,1,16,0,0,0,389
29,12,17,4,63,0,0,0,1220
34,15,19,4,63,0,0,0,1103
30,13,17,4,63,0,0,0,943
48,21,27,6,17,0,0,0,2231
12,6,6,2,63,0,0,0,144
34,11,23,2,30,0,0,0.000861326442721792,1161
10,5,5,2,63,0,0,0,578
33,11,22,2,30,0,0,0.000823723228995058,1214
12,6,6,2,63,0,0,0,602
28,14,14,3,63,0,0,0,2831
13,3,10,1,30,0,0,0,1179
17,9,8,2,63,0,0,0,1673
17,9,8,2,63,0,0,0,1834
72,36,36,2,120,0,0,0,215
34,16,18,4,63,0,0,0,385
5,3,2,2,63,0,0,0,256
63,12,51,1,16,0,0,0,116
6,1,5,1,16,0,0,0,124
2,1,1,1,63,0,0,0,3
2,1,1,1,63,0,0,0,3
2,1,1,1,63,0,0,0,3
5,2,3,2,63,0,0,0,11
2,1,1,1,63,0,0,0,197
5,2,3,2,63,0,0,0,4
6,2,4,1,16,0,0,0,319
123,51,72,4,16,0,0,0,276
115,48,67,4,16,0,0,0,269
115,48,67,4,16,0,0,0,309
18,9,9,3,63,0,0,0,504
15,10,5,1,16,0,0,0,205
22,7,15,3,16,0,0,0,707
136,56,80,4,16,0,0,0,296
152,64,88,4,16,0,0,0,296
149,63,86,4,16,0,0,0,200
32,12,20,4,30,0,0,0,1875
46,12,34,2,16,0,0,0,111
5,2,3,2,63,0,0,0,11
38,15,23,4,16,0,0,0,591
38,17,21,5,63,0,0,0,1128
4,2,2,1,63,0,0,0,145
10,5,5,2,63,0,0,0,175
11,6,5,1,17,0,0,0,119
0,0,0,1,130,0,0,0,0
23,12,11,2,3,0,0,0,182
17,7,10,3,44,0,0,0,129
7,2,5,2,63,1,0,0,69
7,2,5,2,63,1,0,0,121
0,0,0,1,68,0,0,0,0
7,2,5,2,63,1,0,0,107
7,2,5,2,63,1,0,0,96
7,2,5,2,63,1,0,0,280
7,2,5,2,63,1,0,0,253
0,0,0,1,113,0,0,0,0
7,2,5,2,63,1,0,0,310
7,2,5,2,63,1,0,0,493
18,9,9,3,63,0,0,0,408
12,6,6,2,63,0,0,0,391
12,6,6,2,63,0,0,0,276
18,15,3,1,20,0,0,0,116
10,5,5,2,63,0,0,0.00354609929078014,282
0,0,0,1,130,0,0,0,0
0,0,0,1,16,0,0,0,0
23,5,18,2,63,0,0,0,532
22,7,15,3,44,0,0,0,393
0,0,0,1,39,0,0,0,0
0,0,0,1,85,0,0,0,0
28,17,11,4,3,1,0,0,442
4,2,2,1,63,0,0,0,606
208,8,200,2,63,1,0,0,402
14,7,7,2,63,1,0,0.002,500
79,27,52,4,16,0,0,0.00480769230769231,208
307,155,152,5,41,1,0,0.000194931773879142,5130
35,7,28,3,16,0,0,0,98
10,4,6,2,63,1,0,0,367
0,0,0,1,39,0,0,0,0
0,0,0,1,39,0,0,0,0
0,0,0,1,39,0,0,0,0
0,0,0,1,39,0,0,0,0
0,0,0,1,39,0,0,0,0
0,0,0,1,39,0,0,0,0
0,0,0,1,39,0,0,0,0
0,0,0,1,39,0,0,0,0
0,0,0,1,39,0,0,0,0
0,0,0,1,39,0,0,0,0
0,0,0,1,39,0,0,0,0
0,0,0,1,39,0,0,0,0
0,0,0,1,39,0,0,0,0
0,0,0,1,39,0,0,0,0
0,0,0,1,39,0,0,0,0
0,0,0,1,39,0,0,0,0
0,0,0,1,39,0,0,0,0
0,0,0,1,39,0,0,0,0
0,0,0,1,39,0,0,0,0
0,0,0,1,39,0,0,0,0
0,0,0,1,39,0,0,0,0
0,0,0,1,39,0,0,0,0
0,0,0,1,39,0,0,0,0
0,0,0,1,39,0,0,0,0
0,0,0,1,39,0,0,0,0
0,0,0,1,39,0,0,0,0
0,0,0,1,39,0,0,0,0
0,0,0,1,39,0,0,0,0
0,0,0,1,39,0,0,0,0
0,0,0,1,39,0,0,0,0
0,0,0,1,39,0,0,0,0
0,0,0,1,39,0,0,0,0
0,0,0,1,39,0,0,0,0
0,0,0,1,39,0,0,0,0
0,0,0,1,39,0,0,0,0
0,0,0,1,39,0,0,0,0
0,0,0,1,39,0,0,0,0
0,0,0,1,39,0,0,0,0
0,0,0,1,39,0,0,0,0
0,0,0,1,39,0,0,0,0
0,0,0,1,39,0,0,0,0
0,0,0,1,39,0,0,0,0
0,0,0,1,39,0,0,0,0
0,0,0,1,39,0,0,0,0
0,0,0,1,39,0,0,0,0
0,0,0,1,39,0,0,0,0
0,0,0,1,39,0,0,0,0
10,5,5,1,16,0,0,0,528
16,4,12,1,30,0,0,0,1147
10,5,5,2,63,0,0,0,847
38,15,23,2,63,0,0,0,689
5,4,1,1,5,1,0,0,395
44,42,2,1,5,1,0,0,317
6,3,3,1,16,0,0,0,409
31,12,19,4,30,0,0,0,842
29,8,21,1,16,0,0,0,214
28,24,4,2,63,0,0,0,351
59,12,47,1,16,0,0,0,431
10,6,4,1,5,1,0,0,409
52,9,43,1,16,0,0,0,576
11,5,6,2,63,0,0,0,280
0,0,0,1,99,0,0,0,0
0,0,0,1,99,0,0,0,0
0,0,0,1,112,0,0,0,0
0,0,0,1,112,0,0,0,0
0,0,0,1,112,0,0,0,0
0,0,0,1,112,0,0,0,0
0,0,0,1,99,0,0,0,0
0,0,0,1,112,0,0,0,0
0,0,0,1,99,0,0,0,0
0,0,0,1,99,0,0,0,0
0,0,0,1,99,0,0,0,0
0,0,0,1,99,0,0,0,0
0,0,0,1,99,0,0,0,0
0,0,0,1,99,0,0,0,0
0,0,0,1,99,0,0,0,0
23,2,21,2,63,0,0,0,87
0,0,0,1,39,0,0,0,0
7,5,2,2,63,1,0,0.00166666666666667,600
47,15,32,4,16,0,0,0.0087719298245614,114
0,0,0,1,130,0,0,0,0
31,14,17,2,63,0,0,0,164
18,15,3,2,63,0,0,0,20
22,7,15,4,8,0,0,0,303
27,14,13,2,63,1,0,0,568
12,6,6,2,63,1,0,0,149
6,3,3,2,63,1,0,0,103
28,26,2,2,63,0,0,0,132
17,8,9,2,20,0,0,0,108
11,3,8,2,63,1,0,0,109
11,6,5,2,20,0,0,0,61
52,3,49,1,16,0,0,0,60
11,5,6,2,63,0,0,0,514
10,4,6,2,63,0,0,0,470
18,9,9,1,13,0,0,0,233
10,5,5,2,63,0,0,0,216
15,4,11,1,30,0,0,0,1227
7,2,5,2,63,0,0,0,478
10,4,6,2,63,0,0,0,401
0,0,0,1,39,0,0,0,0
0,0,0,1,39,0,0,0,0
0,0,0,1,68,0,0,0,0
0,0,0,1,68,0,0,0,0
0,0,0,1,68,0,0,0,0
0,0,0,1,68,0,0,0,0
0,0,0,1,68,0,0,0,0
0,0,0,1,68,0,0,0,0
0,0,0,1,68,0,0,0,0
0,0,0,1,68,0,0,0,0
0,0,0,1,68,0,0,0,0
0,0,0,1,68,0,0,0,0
0,0,0,1,68,0,0,0,0
0,0,0,1,68,0,0,0,0
0,0,0,1,68,0,0,0,0
0,0,0,1,68,0,0,0,0
0,0,0,1,68,0,0,0,0
0,0,0,1,68,0,0,0,0
0,0,0,1,68,0,0,0,0
0,0,0,1,68,0,0,0,0
0,0,0,1,39,0,0,0,0
0,0,0,1,39,0,0,0,0
0,0,0,1,39,0,0,0,0
0,0,0,1,68,0,0,0,0
8,4,4,1,4,0,0,0,547
0,0,0,1,39,0,0,0,0
8,4,4,1,4,0,0,0,271
0,0,0,1,68,0,0,0,0
0,0,0,1,68,0,0,0,0
0,0,0,1,39,0,0,0,0
0,0,0,1,68,0,0,0,0
0,0,0,1,68,0,0,0,0
0,0,0,1,39,0,0,0,0
0,0,0,1,39,0,0,0,0
0,0,0,1,39,0,0,0,0
0,0,0,1,112,0,0,0,0
0,0,0,1,112,0,0,0,0
0,0,0,1,112,0,0,0,0
0,0,0,1,112,0,0,0,0
6,3,3,1,4,0,0,0,308
8,4,4,1,4,0,0,0,775
51,19,32,5,22,0,0,0,2077
18,6,12,2,63,0,0,0,258
97,20,77,3,30,0,0,0,1569
6,2,4,2,63,0,0,0,96
0,0,0,1,141,0,0,0,0
0,0,0,1,141,0,0,0,0
9,4,5,2,63,0,0,0.00319488817891374,313
25,12,13,3,63,0,0,0.00436681222707424,229
30,16,14,3,13,0,0,0,448
11,5,6,3,13,0,0,0,93
95,23,72,2,8,0,0,0,462
6,3,3,1,8,0,0,0,288
8,4,4,1,13,0,0,0,121
4,2,2,1,63,0,0,0,370
29,17,12,2,29,0,0,0,221
8,4,4,1,13,0,0,0,126
93,24,69,2,8,0,0,0,572
4,2,2,1,63,0,0,0,273
4,2,2,1,63,0,0,0,378
6,3,3,1,16,0,0,0,437
2,1,1,1,63,0,0,0,502
30,11,19,2,36,0,0,0,663
10,5,5,2,32,0,0,0,95
11,6,5,1,13,0,0,0,262
4,2,2,1,11,0,0,0,55
10,5,5,2,63,0,0,0,1468
77,18,59,2,8,0,0,0,516
4,2,2,1,63,0,0,0,1128
22,15,7,2,63,0,0,0,960
28,23,5,2,63,0,0,0,161
285,281,4,2,63,0,0,0,949
27,27,0,1,120,0,0,0,97
15,4,11,2,63,0,0,0,329
20,7,13,3,63,0,0,0,500
79,24,55,2,8,0,0,0,441
102,55,47,8,63,0,0,0,971
43,16,27,2,63,0,0,0,512
6,3,3,2,63,0,0,0,92
18,13,5,3,63,0,0,0,1062
12,6,6,2,63,0,0,0,734
5,2,3,1,16,0,0,0,315
14,7,7,2,63,0,0,0,611
28,17,11,1,16,0,0,0,352
6,3,3,2,16,0,0,0,1465
19,9,10,2,16,0,0,0,934
40,20,20,3,63,0,0,0,2749
25,11,14,4,16,1,0,0.000964320154291225,1037
36,16,20,5,63,0,0,0,1363
37,16,21,4,63,0,0,0,1659
37,18,19,4,30,0,0,0,2400
16,8,8,3,63,0,0,0,444
12,6,6,2,63,0,0,0,355
10,5,5,2,63,0,0,0,441
56,23,33,4,16,0,0,0,1529
61,32,29,2,15,1,0,0,312
12,3,9,1,30,0,0,0,1353
5,3,2,2,63,0,0,0,274
51,14,37,1,16,0,0,0,90
5,2,3,2,63,0,0,0,8
88,45,43,3,10,0,0,0,131
0,0,0,1,63,0,0,0,0
90,66,24,2,10,0,0,0,74
14,7,7,3,63,0,0,0,0
0,0,0,1,63,0,0,0,0
0,0,0,1,63,0,0,0,0
6,3,3,1,63,0,0,0,208
323,80,243,2,10,0,0,0.00294117647058824,340
212,126,86,2,10,0,0,0.0053475935828877,187
125,121,4,2,8,0,0,0.00854700854700855,117
58,44,14,1,63,0,0,0,48
97,6,91,1,63,0,0,0,45
4,2,2,1,63,0,0,0,43
171,11,160,1,63,0,0,0.0161290322580645,62
167,25,142,1,63,0,0,0,73
4,3,1,1,63,0,0,0,51
88,34,54,1,63,0,0,0,57
4,2,2,1,63,0,0,0,51
9,6,3,1,63,0,0,0,8
0,0,0,1,63,0,0,0,0
0,0,0,1,63,0,0,0,0
12,9,3,2,63,0,0,0,0
0,0,0,1,63,0,0,0,0
0,0,0,1,63,0,0,0,0
0,0,0,1,63,0,0,0,0
0,0,0,1,63,0,0,0,0
0,0,0,1,63,0,0,0,0
0,0,0,1,63,0,0,0,0
8,5,3,2,63,0,0,0,0
0,0,0,1,63,0,0,0,0
0,0,0,1,63,0,0,0,0
0,0,0,1,63,0,0,0,0
0,0,0,1,63,0,0,0,0
255,40,215,1,63,0,0,0,111
0,0,0,1,63,0,0,0,0
0,0,0,1,63,0,0,0,0
0,0,0,1,63,0,0,0,0
5,2,3,1,63,0,0,0,182
17,8,9,3,16,0,0,0,170
5,2,3,2,63,0,0,0,11
4,2,2,1,55,0,0,0,98
5,2,3,1,16,0,0,0,171
51,24,27,1,16,0,0,0,311
2,1,1,1,63,0,0,0,1166
4,2,2,1,63,0,0,0,738
4,2,2,1,63,0,0,0,468
24,13,11,4,16,1,0,0.000941619585687382,1062
12,6,6,2,16,0,0,0,488
6,3,3,1,16,0,0,0,113
5,3,2,2,63,0,0,0,207
37,13,24,1,16,0,0,0,146
5,2,3,2,63,0,0,0,6
4,3,1,1,42,0,0,0,23
54,33,21,3,16,0,0,0,114
18,9,9,3,63,0,0,0,395
108,53,55,7,16,0,0,0.00108108108108108,925
10,5,5,2,63,0,0,0,272
11,9,2,2,63,0,0,0,81
69,19,50,2,16,0,0,0,108
5,2,3,2,63,0,0,0,7
158,104,54,5,50,0,0,0,463
46,33,13,3,50,0,0,0,99
15,7,8,2,63,0,0,0,89
8,4,4,2,63,0,0,0,42
8,4,4,2,50,1,0,0,91
37,35,2,1,50,0,0,0,88
15,7,8,2,63,0,0,0,93
26,13,13,4,17,0,0,0,79
107,44,63,2,63,0,0,0,281
99,53,46,3,50,0,0,0,151
0,0,0,1,50,0,0,0,153
30,11,19,2,63,0,0,0,97
35,17,18,2,63,0,0,0,77
18,8,10,2,63,0,0,0,81
13,7,6,2,63,0,0,0,53
46,42,4,3,50,0,0,0,103
9,4,5,2,63,0,0,0,94
23,12,11,3,49,1,0,0,472
87,43,44,3,63,1,0,0,278
110,47,63,2,63,0,0,0,370
48,24,24,2,63,0,0,0,105
10,5,5,2,63,1,0,0,761
19,8,11,3,63,0,0,0,581
22,7,15,2,63,0,0,0,1672
8,4,4,2,63,0,0,0,202
10,5,5,2,63,1,0,0,327
29,13,16,4,63,0,0,0,941
5,2,3,1,16,0,0,0,63
10,8,2,1,16,0,0,0,305
15,4,11,1,16,0,0,0,73
15,8,7,1,13,0,0,0,231
140,23,117,4,30,0,0,0,2174
12,2,10,2,63,0,0,0,147
9,2,7,1,16,0,0,0,98
10,5,5,2,63,0,0,0,542
26,20,6,2,63,0,0,0,1062
6,3,3,2,63,0,0,0,305
6,3,3,2,4,0,0,0,380
50,31,19,3,63,0,0,0,1114
10,5,5,2,63,0,0,0,175
19,9,10,2,13,0,0,0,177
94,54,40,3,63,0,0,0,365
47,17,30,3,4,0,0,0,349
10,6,4,2,63,0,0,0,215
0,0,0,1,99,0,0,0,0
0,0,0,1,99,0,0,0,0
0,0,0,1,99,0,0,0,0
0,0,0,1,99,0,0,0,0
29,11,18,1,16,0,0,0,178
5,2,3,2,63,0,0,0,14
4,2,2,1,55,0,0,0,98
2,1,1,1,63,0,0,0,105
10,5,5,2,63,0,0,0,115
10,5,5,2,63,0,0,0,121
33,25,8,2,63,0,0,0,1141
0,0,0,1,39,0,0,0,0
0,0,0,1,39,0,0,0,0
0,0,0,1,39,0,0,0,0
0,0,0,1,39,0,0,0,0
0,0,0,1,39,0,0,0,0
0,0,0,1,39,0,0,0,0
0,0,0,1,39,0,0,0,0
0,0,0,1,39,0,0,0,0
16,8,8,1,13,0,0,0,238
21,11,10,3,63,0,0,0,273
14,5,9,2,63,0,0,0,118
0,0,0,1,51,0,0,0,0
0,0,0,1,51,0,0,0,0
0,0,0,1,51,0,0,0,0
0,0,0,1,51,0,0,0,0
10,5,5,2,63,0,0,0,305
10,5,5,2,63,0,0,0,556
14,5,9,2,63,0,0,0,109
27,19,8,2,63,0,0,0,955
10,3,7,2,63,0,0,0,49
10,3,7,2,63,0,0,0,253
4,2,2,1,63,0,0,0,100
4,2,2,1,63,0,0,0,589
4,2,2,1,63,0,0,0,70
4,2,2,1,63,0,0,0,570
4,2,2,1,63,0,0,0,70
4,2,2,1,63,0,0,0,485
41,21,20,4,63,0,0,0,227
17,10,7,1,16,0,0,0,95
4,2,2,1,63,0,0,0,159
46,12,34,2,16,0,0,0,118
5,2,3,2,63,0,0,0,9
8,4,4,1,14,0,0,0,115
4,2,2,1,63,0,0,0,70
4,2,2,1,63,0,0,0,463
4,2,2,1,63,0,0,0,439
6,2,4,1,63,0,0,0,138
7,2,5,1,63,0,0,0,624
19,9,10,3,63,0,0,0,260
9,4,5,2,63,0,0,0,75
9,5,4,1,22,0,0,0,100
8,5,3,1,22,0,0,0,95
8,5,3,1,22,0,0,0,86
10,6,4,1,22,0,0,0,128
10,6,4,2,63,0,0,0,424
101,101,0,1,63,0,0,0,101
58,58,0,1,63,0,0,0,58
53,53,0,1,63,0,0,0,53
5,2,3,2,63,0,0,0,6
138,135,3,2,14,0,0,0,132
105,105,0,1,63,0,0,0,105
239,239,0,1,63,0,0,0,239
95,95,0,1,63,0,0,0,95
460,460,0,1,63,0,0,0,460
55,55,0,1,63,0,0,0,55
466,466,0,1,63,0,0,0,466
186,186,0,1,63,0,0,0,186
188,188,0,1,63,0,0,0,188
117,117,0,1,63,0,0,0,117
153,153,0,1,63,0,0,0,153
30,27,3,1,63,0,0,0,110
6,3,3,1,63,0,0,0,424
6,3,3,1,63,0,0,0,509
125,89,36,3,17,0,0,0,708
23,21,2,1,63,0,0,0,486
38,32,6,1,63,0,0,0,86
5,2,3,1,16,0,0,0,63
11,9,2,1,16,0,0,0,799
13,3,10,1,16,0,0,0,73
4,2,2,1,63,0,0,0,165
9,5,4,2,63,0,0,0,571
7,4,3,1,23,0,0,0,317
17,9,8,3,14,0,0,0,130
10,5,5,1,4,0,0,0,316
21,16,5,2,63,0,0,0,193
24,11,13,2,63,0,0,0,159
24,10,14,1,16,0,0,0,93
33,23,10,3,63,0,0,0,79
9,5,4,2,63,0,0,0,351
10,5,5,2,63,0,0,0,146
93,37,56,3,16,0,0,0,270
114,47,67,4,16,0,0,0,324
48,12,36,2,16,0,0,0,101
5,2,3,2,63,0,0,0,10
3,2,1,1,42,0,0,0,122
11,6,5,2,63,0,0,0,526
17,9,8,3,23,0,0,0,266
4,2,2,1,4,0,0,0,194
2,1,1,1,63,0,0,0,254
4,2,2,1,53,0,0,0,195
10,5,5,1,4,0,0,0,275
4,2,2,1,4,0,0,0,587
6,3,3,1,4,0,0,0,186
7,3,4,1,16,0,0,0,206
7,3,4,1,16,0,0,0,177
16,7,9,3,63,0,0,0,953
13,3,10,1,30,0,0,0,1673
18,9,9,3,14,0,0,0,653
22,11,11,3,14,0,0,0,684
13,7,6,2,63,0,0,0,1942
10,5,5,1,14,0,0,0,463
18,6,12,2,30,0,0,0,1061
31,13,18,3,63,0,0,0,979
22,11,11,3,14,0,0,0,614
12,6,6,2,63,0,0,0,506
28,12,16,4,63,0,0,0,1380
56,28,28,4,14,0,0,0,997
9,4,5,2,63,0,0,0,210
12,6,6,2,63,0,0,0,193
150,44,106,3,16,0,0,0,284
2,1,1,1,63,0,0,0,1608
12,7,5,2,63,0,0,0,1297
9,4,5,2,63,0,0,0,245
10,5,5,2,63,0,0,0,524
31,14,17,5,16,1,0,0.000987166831194472,1013
17,9,8,3,63,0,0,0,308
48,16,32,3,16,0,0,0,133
5,2,3,2,63,0,0,0,16
13,7,6,1,13,0,0,0,406
22,8,14,3,30,0,0,0,481
5,3,2,2,63,0,0,0,1355
4,2,2,1,63,0,0,0,297
10,5,5,2,63,0,0,0,578
20,8,12,2,63,0,0,0,376
101,60,41,4,16,0,0,0,537
16,6,10,2,37,0,0,0,925
37,27,10,4,13,0,0,0,1769
10,5,5,2,63,0,0,0,318
0,0,0,1,16,0,0,0,0
8,3,5,2,63,0,0,0,272
84,12,72,2,16,0,0,0,134
5,2,3,2,63,0,0,0,12
18,9,9,3,63,0,0,0,453
6,3,3,1,4,0,0,0,138
10,5,5,2,63,0,0,0,278
17,9,8,3,54,0,0,0,620
98,29,69,4,16,0,0,0,200
46,15,31,3,16,0,0,0,68
5,2,3,2,63,0,0,0,13
4,2,2,1,55,0,0,0,98
11,7,4,2,63,0,0,0,263
53,21,32,4,4,0,0,0,1059
10,5,5,2,63,0,0,0,263
8,4,4,1,4,0,0,0,207
5,2,3,1,16,0,0,0,761
13,6,7,2,14,0,0,0,174
6,3,3,1,4,0,0,0,116
163,6,157,1,16,0,0,0.0120481927710843,83
4,2,2,1,63,0,0,0,681
8,4,4,1,54,0,0,0,1102
8,4,4,1,54,0,0,0,70
102,12,90,2,16,0,0,0,100
5,2,3,2,63,0,0,0,7
4,2,2,1,5,1,0,0,1375
30,10,20,1,16,0,0,0.00129533678756477,772
15,4,11,1,30,0,0,0,1212
6,3,3,1,4,0,0,0,469
23,6,17,1,16,0,0,0.00161030595813205,621
2,1,1,1,63,0,0,0,68
20,10,10,1,4,0,0,0,667
6,3,3,1,4,0,0,0,556
12,6,6,2,63,0,0,0,958
42,16,26,4,4,0,0,0,1207
6,3,3,1,4,0,0,0,229
26,16,10,4,4,0,0,0,1428
37,14,23,3,4,0,0,0,853
6,3,3,1,4,0,0,0,221
70,35,35,3,63,0,0,0,691
87,62,25,3,63,0,0,0,485
157,84,73,2,86,0,0,0,273
6,3,3,2,63,0,0,0,495
12,6,6,2,14,0,0,0,188
6,3,3,1,4,0,0,0,291
13,9,4,2,16,0,0,0,649
13,3,10,1,16,0,0,0,80
8,4,4,1,37,0,0,0,353
4,2,2,1,37,0,0,0,322
12,6,6,2,63,0,0,0.00340136054421769,294
48,33,15,4,20,0,0,0,197
35,10,25,4,4,0,0,0,1976
16,7,9,3,6,0,0,0.00436681222707424,229
26,13,13,2,37,0,0,0,2723
33,10,23,4,44,0,0,0,1226
19,10,9,3,63,0,0,0,296
20,2,18,2,63,0,0,0,86
75,52,23,2,17,0,0,0,147
22,1,21,1,62,0,0,0,210
8,3,5,2,31,0,0,0,150
16,8,8,2,63,1,0,0,134
8,4,4,2,63,1,0,0,125
70,57,13,4,36,0,0,0,169
54,22,32,3,28,0,0,0,191
5,2,3,2,63,0,0,0,165
4,2,2,1,33,0,0,0,52
28,13,15,1,37,0,0,0,50
9,8,1,1,27,0,0,0,49
8,4,4,2,20,0,0,0,63
14,9,5,2,63,0,0,0,89
183,64,119,2,1,0,0,0,210
0,0,0,1,10,0,0,0,0
477,167,310,9,1,0,0,0,0
309,216,93,4,1,0,0,0,123
31,0,31,2,8,0,0,0,0
292,281,11,2,10,0,0,0,504
9,7,2,1,2,0,0,0,143
7,3,4,1,10,0,0,0,745
229,131,98,3,10,0,0,0,946
21,11,10,3,10,0,0,0,147
24,10,14,4,10,0,0,0,341
13,8,5,2,7,0,0,0,95
55,22,33,4,8,0,0,0,495
650,208,442,10,8,1,0,0,726
6,2,4,2,112,0,0,0,0
98,47,51,4,8,0,0,0.0023094688221709,433
6,3,3,2,8,0,0,0,269
77,5,72,3,8,0,0,0,129
6,3,3,1,62,1,0,0,1377
41,23,18,5,21,1,0,0,384
28,11,17,3,62,1,0,0,230
17,11,6,2,63,0,0,0,571
6,4,2,1,8,0,0,0,98
26,15,11,4,35,0,0,0,331
32,17,15,3,8,0,0,0,170
6,4,2,1,8,0,0,0,98
411,170,241,17,27,0,0,0,1573
6,4,2,1,8,0,0,0,435
48,26,22,6,1,0,0,0.00689655172413793,145
9,3,6,1,62,1,0,0,268
6,2,4,1,37,0,0,0,180
7,4,3,1,8,0,0,0,111
340,132,208,8,8,0,0,0,328
403,250,153,11,8,2,0,0,1035
10,6,4,2,8,1,0,0,135
18,10,8,3,8,0,0,0,262
496,187,309,14,10,2,0,0.000414421881475342,2413
21,15,6,2,3,0,0,0,397
23,16,7,4,8,1,0,0,274
12,6,6,2,63,0,0,0,381
1808,858,950,11,62,1,0,0,0
18,6,12,2,63,0,0,0,282
12,6,6,2,63,0,0,0,499
12,6,6,2,63,0,0,0,570
9,5,4,2,63,0,0,0,262
11,6,5,1,18,0,0,0,193
157,90,67,7,8,1,0,0.00302114803625378,331
53,17,36,3,63,0,0,0.00170068027210884,588
10,6,4,2,8,1,0,0,129
283,69,214,4,32,0,0,0,195
153,77,76,10,16,0,0,0,827
260,145,115,9,8,1,0,0,1029
28,15,13,5,39,2,0,0.00242718446601942,412
3,2,1,1,10,0,0,0,44
23,2,21,2,63,0,0,0,79
42,22,20,5,7,0,0,0,211
96,53,43,4,63,0,0,0,91
19,8,11,3,35,0,0,0,75
125,74,51,10,1,1,0,0.00198412698412698,504
35,5,30,3,35,0,0,0,72
355,3,352,2,63,0,0,0,3
2,1,1,1,63,0,0,0,183
19,14,5,3,20,1,0,0,139
14,7,7,2,63,1,0,0,134
8,4,4,2,63,1,0,0,95
88,5,83,3,63,0,0,0,3
37,17,20,5,62,1,0,0,172
4,3,1,1,39,1,0,0.00793650793650794,126
0,0,0,1,35,0,0,0,0
506,139,367,8,21,1,0,0,282
12,6,6,3,33,1,0,0.0140845070422535,71
43,33,10,4,63,0,0,0,141
58,47,11,1,62,1,0,0,230
9,6,3,2,39,1,0,0,312
5,2,3,2,63,0,0,0,83
23,12,11,3,62,1,0,0,157
6,5,1,1,8,0,0,0,254
87,24,63,4,10,0,0,0,747
26,16,10,5,30,0,0,0,0
22,9,13,3,18,0,0,0,535
231,168,63,3,3,0,0,0.0019723865877712,507
6,4,2,2,63,0,0,0,225
0,0,0,1,164,0,0,0,193
126,59,67,6,74,0,0,0,236
49,26,23,1,2,0,0,0,280
8,5,3,2,8,0,0,0,675
5,4,1,1,8,0,0,0,199
0,0,0,1,115,0,0,0,0
9,5,4,3,54,0,0,0,0
0,0,0,1,54,0,0,0,0
70,29,41,1,10,0,0,0,450
10,5,5,2,63,0,0,0,218
35,13,22,3,63,0,0,0,1515
6,4,2,1,8,0,0,0,96
309,294,15,5,6,1,0,0,659
10,5,5,2,63,0,0,0,155
0,0,0,1,84,0,0,0,159
0,0,0,1,84,0,0,0,56
13,8,5,2,63,0,0,0,74
25,13,12,4,14,0,0,0,218
4,3,1,1,8,0,0,0,578
6,5,1,1,8,0,0,0,144
10,5,5,2,63,1,0,0,503
16,8,8,3,55,0,0,0,2238
23,2,21,2,63,0,0,0,88
13,4,9,2,63,0,0,0,174
12,6,6,2,63,1,0,0,134
8,4,4,2,63,1,0,0,98
2,1,1,1,33,0,0,0,26
10,2,8,1,63,0,0,0,149
0,0,0,1,63,0,0,0,0
10,5,5,1,63,0,0,0,115
0,0,0,1,63,0,0,0,0
163,13,150,1,63,0,0,0,239
22,15,7,1,63,0,0,0,168
124,2,122,1,63,0,0,0,9
119,7,112,2,63,0,0,0,69
85,19,66,1,63,0,0,0,74
142,36,106,1,63,0,0,0,58
5,2,3,2,63,0,0,0,7
0,0,0,1,63,0,0,0,0
0,0,0,1,63,0,0,0,0
159,39,120,1,63,0,0,0,124
0,0,0,1,63,0,0,0,0
30,8,22,1,16,0,0,0,155
5,2,3,2,63,0,0,0,12
4,2,2,1,55,0,0,0,98
7,2,5,1,16,0,0,0,146
4,2,2,1,63,0,0,0,217
10,5,5,2,63,0,0,0,232
34,17,17,3,43,0,0,0,839
16,8,8,1,43,0,0,0,200
13,3,10,1,8,0,0,0,80
15,7,8,2,8,0,0,0,213
8,3,5,1,8,0,0,0,375
14,3,11,1,30,0,0,0,644
5,3,2,2,63,0,0,0,202
40,13,27,1,16,0,0,0,96
5,2,3,2,63,0,0,0,11
12,6,6,2,14,0,0,0,115
12,6,6,2,63,0,0,0,496
42,15,27,1,16,0,0,0,302
2,1,1,1,63,0,0,0,1247
4,2,2,1,63,0,0,0,892
4,2,2,1,63,0,0,0,442
28,13,15,4,16,1,0,0.00105485232067511,948
23,2,21,2,63,0,0,0,78
2,1,1,1,63,0,0,0,265
2,1,1,1,63,0,0,0,160
2,1,1,1,63,0,0,0,204
2,1,1,1,63,0,0,0,166
16,8,8,2,63,1,0,0,134
8,4,4,2,63,1,0,0,95
29,27,2,2,63,0,0,0,129
2,1,1,1,63,0,0,0,174
4,1,3,1,28,0,0,0,82
2,1,1,1,63,0,0,0,209
2,1,1,1,63,0,0,0,162
1,0,1,1,28,0,0,0,59
48,1,47,1,16,0,0,0,47
2,1,1,1,63,0,0,0,73
4,2,2,1,63,0,0,0,845
4,2,2,1,63,0,0,0,406
4,2,2,1,63,0,0,0,568
6,1,5,1,17,0,0,0,119
16,5,11,2,63,0,0,0,477
40,20,20,3,63,0,0,0,2959
10,5,5,2,63,0,0,0.00226757369614512,441
0,0,0,1,16,0,0,0,0
2,1,1,1,63,0,0,0,400
2,1,1,1,63,0,0,0,222
4,2,2,1,63,0,0,0,368
9,5,4,1,16,0,0,0.003125,320
25,16,9,3,16,0,0,0.000334896182183523,2986
28,14,14,3,16,0,0,0,631
20,7,13,3,63,0,0,0,737
4,2,2,1,63,0,0,0,81
2,1,1,1,63,0,0,0,23
18,8,10,3,63,0,0,0,127
54,23,31,4,63,0,0,0,395
17,9,8,2,16,0,0,0,1048
10,5,5,2,63,0,0,0,298
5,3,2,2,63,0,0,0,367
27,8,19,1,16,0,0,0,101
5,2,3,2,63,0,0,0,11
40,26,14,2,112,0,0,0,66
3,2,1,1,42,0,0,0,174
31,21,10,4,14,0,0,0,214
10,5,5,2,63,0,0,0,1312
12,6,6,2,63,0,0,0,588
4,2,2,1,63,0,0,0,155
86,30,56,2,14,0,0,0,257
2,1,1,1,63,0,0,0,1559
177,88,89,4,63,0,0,0,2747
11,6,5,1,16,0,0,0,1315
49,22,27,5,63,0,0,0,625
28,13,15,4,16,1,0,0.00104493207941484,957
10,5,5,2,63,0,0,0,772
23,8,15,3,63,0,0,0,841
4,2,2,1,63,0,0,0,286
10,5,5,2,63,0,0,0,376
4,2,2,1,63,0,0,0,885
91,45,46,4,63,0,0,0,369
4,2,2,1,63,0,0,0,230
28,12,16,4,63,0,0,0,2095
13,7,6,2,42,0,0,0,311
22,15,7,2,63,0,0,0,1664
10,5,5,2,63,0,0,0,661
11,6,5,2,63,0,0,0,647
16,5,11,2,63,0,0,0,772
29,12,17,2,8,0,0,0,472
111,70,41,5,45,0,0,0,1364
226,102,124,5,7,0,0,0,338
18,9,9,3,13,0,0,0,1003
19,7,12,1,63,0,0,0,132
99,26,73,1,63,0,0,0,171
6,3,3,1,63,0,0,0,535
88,36,52,3,63,0,0,0,976
20,8,12,3,63,0,0,0,1000
22,11,11,1,63,0,0,0,408
156,66,90,4,8,0,0,0,175
34,20,14,2,63,0,0,0,404
37,25,12,3,13,0,0,0,443
4,2,2,1,12,0,0,0,105
34,14,20,2,63,0,0,0,276
6,3,3,1,63,0,0,0,1196
215,188,27,1,63,0,0,0,396
66,37,29,6,23,0,0,0,461
8,4,4,2,23,0,0,0,0
0,0,0,1,23,0,0,0,0
19,6,13,2,30,0,0,0,343
88,61,27,2,63,0,0,0,720
11,6,5,2,42,0,0,0,1117
71,37,34,5,13,0,0,0,1019
8,6,2,2,63,0,0,0,155
708,444,264,5,42,1,0,0,2100
4,1,3,1,63,0,0,0,262
71,48,23,1,63,0,0,0,553
31,16,15,3,30,0,0,0,1035
10,5,5,2,63,0,0,0,307
60,24,36,4,23,0,0,0,86
944,3,941,1,63,0,0,0,4
106,11,95,2,63,0,0,0,64
64,11,53,1,63,0,0,0,53
5,2,3,2,63,0,0,0,7
9,4,5,3,42,0,0,0,195
33,24,9,4,42,0,0,0,0
0,0,0,1,63,0,0,0,0
0,0,0,1,63,0,0,0,0
373,98,275,4,32,0,0,0,340
20,10,10,2,63,0,0,0,711
23,2,21,2,63,0,0,0,0
139,139,0,1,63,0,0,0,139
116,116,0,2,63,0,0,0,116
26,8,18,2,63,0,0,0,190
842,125,717,3,23,0,0,0,343
8,6,2,1,63,0,0,0,114
297,293,4,2,8,0,0,0,289
315,311,4,2,8,0,0,0,307
32,12,20,1,63,0,0,0,152
131,70,61,1,63,0,0,0,244
114,62,52,1,63,0,0,0,183
0,0,0,1,63,0,0,0,0
240,50,190,1,63,0,0,0,529
262,135,127,1,63,0,0,0,218
126,68,58,1,63,0,0,0,238
14,7,7,1,4,0,0,0,1777
12,3,9,1,30,0,0,0,350
40,6,34,1,13,0,0,0,436
4,2,2,1,63,0,0,0,150
27,9,18,2,63,0,0,0,668
14,7,7,2,63,0,0,0,546
4,2,2,1,63,0,0,0,209
16,8,8,3,63,0,0,0,1109
24,12,12,4,63,0,0,0,2001
23,2,21,2,63,0,0,0,85
2,1,1,1,63,0,0,0,346
23,15,8,5,15,0,0,0,400
5,3,2,2,63,0,0,0,816
12,6,6,2,63,1,0,0,191
8,4,4,2,63,1,0,0,132
37,31,6,3,20,0,0,0,193
2,1,1,1,63,0,0,0,394
6,4,2,2,63,0,0,0,134
11,9,2,2,63,0,0,0,211
11,6,5,2,20,0,0,0,77
11,8,3,3,63,0,0,0,204
4,2,2,1,33,0,0,0,79
8,6,2,2,63,0,0,0,283
13,7,6,3,20,0,0,0,61
57,3,54,1,16,0,0,0,46
6,5,1,1,20,0,0,0,111
4,1,3,1,44,0,0,0,92
4,3,1,1,16,0,0,0,189
2,1,1,1,63,0,0,0,456
16,8,8,2,63,1,0,0.00135869565217391,736
4,2,2,1,63,0,0,0,270
2,1,1,1,63,0,0,0,5001
84,49,35,3,20,0,0,0,459
2,1,1,1,63,0,0,0,786
2,1,1,1,63,0,0,0,1320
8,4,4,2,63,0,0,0,481
9,5,4,2,63,0,0,0,204
4,2,2,1,63,0,0,0,150
4,2,2,1,63,0,0,0,172
7,5,2,2,63,0,0,0,2378
32,18,14,4,16,0,0,0.000556173526140156,1798
54,33,21,4,55,0,0,0,2233
10,5,5,2,63,0,0,0.00606060606060606,165
172,29,143,1,16,0,0,0,89
50,10,40,4,16,0,0,0,1008
18,10,8,3,63,0,0,0,385
28,10,18,3,30,0,0,0,1632
10,5,5,2,63,0,0,0,2415
37,15,22,4,23,0,0,0,1905
6,3,3,1,23,0,0,0,209
74,14,60,2,16,0,0,0,148
8,4,4,2,63,0,0,0,155
5,2,3,2,63,0,0,0,9
3,2,1,1,42,0,0,0,126
5,2,3,1,16,0,0,0,205
14,7,7,2,63,0,0,0,404
161,12,149,1,16,0,0,0,91
4,2,2,1,63,0,0,0,691
17,9,8,2,23,0,0,0,711
32,12,20,2,63,0,0,0,894
13,3,10,1,16,0,0,0,77
14,10,4,2,16,0,0,0,651
12,10,2,1,16,0,0,0,348
12,10,2,1,16,0,0,0,342
10,5,5,2,63,0,0,0,2694
23,11,12,2,16,0,0,0,609
5,3,2,2,63,0,0,0,247
86,10,76,1,16,0,0,0,90
5,2,3,2,63,0,0,0,11
12,1,11,1,55,0,0,0,189
8,4,4,2,31,0,0,0,115
5,2,3,1,16,0,0,0,238
14,7,7,2,63,0,0,0,467
46,14,32,1,16,0,0,0,368
2,1,1,1,63,0,0,0,1588
43,16,27,3,16,0,0,0,1204
4,2,2,1,63,0,0,0,567
0,0,0,1,16,0,0,0,0
23,12,11,3,44,1,0,0.000934579439252336,1070
8,4,4,2,63,0,0,0,357
29,2,27,1,63,0,0,0,45
146,2,144,1,63,0,0,0,61
171,21,150,1,63,0,0,0,67
87,29,58,1,63,0,0,0,57
4,2,2,1,63,0,0,0,59
5,4,1,1,63,0,0,0,8
0,0,0,1,63,0,0,0,0
0,0,0,1,63,0,0,0,0
30,16,14,2,14,0,0,0,130
0,0,0,1,63,0,0,0,0
16,7,9,3,63,0,0,0,0
0,0,0,1,63,0,0,0,0
0,0,0,1,63,0,0,0,0
196,12,184,1,63,0,0,0,309
32,27,5,1,63,0,0,0,160
22,18,4,1,63,0,0,0,182
0,0,0,1,63,0,0,0,0
219,34,185,1,63,0,0,0,111
0,0,0,1,63,0,0,0,0
5,2,3,2,63,0,0,0,12
4,2,2,1,55,0,0,0,98
17,8,9,3,16,0,0,0,117
21,11,10,3,16,0,0,0,609
5,3,2,2,63,0,0,0,310
94,12,82,1,16,0,0,0,91
5,2,3,2,63,0,0,0,6
3,2,1,1,31,0,0,0,113
12,5,7,2,14,0,0,0,193
12,6,6,2,63,0,0,0,192
36,23,13,1,16,0,0,0,329
6,4,2,2,16,0,0,0,1277
4,2,2,1,63,0,0,0,1098
4,2,2,1,63,0,0,0,494
0,0,0,1,16,0,0,0,0
18,9,9,3,44,1,0,0.00101626016260163,984
2,1,1,1,63,0,0,0,52
40,9,31,4,63,0,0,0,1127
2,1,1,1,63,0,0,0,206
15,8,7,2,23,0,0,0,450
9,5,4,1,23,0,0,0,285
15,8,7,2,23,0,0,0,425
48,12,36,2,16,0,0,0,141
8,4,4,2,63,0,0,0,156
5,2,3,2,63,0,0,0,10
3,2,1,1,42,0,0,0,119
23,9,14,4,14,0,0,0,203
12,6,6,2,63,0,0,0,192
122,54,68,5,16,0,0,0,632
10,8,2,1,16,0,0,0,283
12,9,3,1,16,0,0,0,282
17,7,10,2,63,0,0,0,799
17,9,8,2,21,0,0,0,671
10,5,5,2,63,0,0,0,288
23,12,11,3,63,0,0,0,413
40,12,28,1,16,0,0,0,97
5,2,3,2,63,0,0,0,6
3,2,1,1,42,0,0,0,75
14,6,8,2,14,0,0,0,272
18,9,9,2,63,0,0,0,499
34,20,14,1,16,0,0,0,425
2,1,1,1,63,0,0,0,1461
4,2,2,1,63,0,0,0,956
4,2,2,1,63,0,0,0,611
25,11,14,4,16,1,0,0.000975609756097561,1025
0,0,0,1,63,0,0,0,0
0,0,0,1,63,0,0,0,0
0,0,0,1,63,0,0,0,0
0,0,0,1,63,0,0,0,0
0,0,0,1,63,0,0,0,0
0,0,0,1,63,0,0,0,0
0,0,0,1,63,0,0,0,0
0,0,0,1,63,0,0,0,0
32,22,10,5,23,1,0,0.0487804878048781,41
704,8,696,2,45,0,0,0,7
17,5,12,2,63,0,0,0.0232558139534884,43
13,11,2,1,63,0,0,0,55
106,106,0,1,63,0,0,0,106
177,23,154,2,63,0,0,0,54
0,0,0,1,63,0,0,0,0
78,74,4,2,44,0,0,0.0142857142857143,70
3,3,0,1,63,0,0,0,3
116,3,113,1,63,0,0,0,5
0,0,0,1,45,0,0,0,20
3,3,0,1,63,0,0,0,3
0,0,0,1,63,0,0,0,0
10,5,5,2,63,0,0,0,7
14,12,2,1,35,0,0,0,14
98,90,8,2,44,0,0,0.0121951219512195,82
105,94,11,2,42,0,0,0,0
0,0,0,1,63,0,0,0,0
0,0,0,1,63,0,0,0,0
115,74,41,1,63,0,0,0.0072463768115942,138
12,6,6,2,63,0,0,0,0
48,15,33,2,62,0,0,0.00740740740740741,135
691,312,379,7,23,1,0,0.00593471810089021,337
366,194,172,5,8,1,0,0.0102564102564103,195
0,0,0,1,63,0,0,0,0
0,0,0,1,63,0,0,0,0
0,0,0,1,63,0,0,0,0
0,0,0,1,63,0,0,0,0
198,192,6,3,54,1,0,0.010752688172043,186
0,0,0,1,63,0,0,0,0
0,0,0,1,63,0,0,0,0
140,87,53,7,23,1,0,0.00389105058365759,257
28,14,14,2,25,0,0,0.00179533213644524,557
9,4,5,1,62,0,0,0.00354609929078014,282
16,8,8,3,63,0,0,0,1053
23,2,21,2,63,0,0,0,79
16,8,8,2,63,1,0,0,134
8,4,4,2,63,1,0,0,95
2,1,1,1,63,0,0,0,67
12,6,6,2,63,0,0,0,189
10,5,5,2,63,0,0,0,1086
16,5,11,2,63,0,0,0,511
8,4,4,1,4,0,0,0,424
12,6,6,1,4,0,0,0,775
6,3,3,1,4,0,0,0,390
6,3,3,1,4,0,0,0,237
10,5,5,1,4,0,0,0,149
11,8,3,1,16,0,0,0,156
102,15,87,2,16,0,0,0,91
5,2,3,2,63,0,0,0,11
10,5,5,1,4,0,0,0,311
18,9,9,3,63,0,0,0,391
126,17,109,3,4,0,0,0,293
4,2,2,1,63,0,0,0,295
20,16,4,2,63,0,0,0,464
9,4,5,2,63,0,0,0,1832
62,15,47,2,16,0,0,0,141
5,2,3,2,63,0,0,0,9
3,2,1,1,42,0,0,0,80
5,2,3,1,16,0,0,0,303
15,5,10,1,16,0,0,0,295
13,4,9,1,16,0,0,0,369
13,4,9,1,16,0,0,0,488
13,4,9,1,16,0,0,0,519
15,5,10,1,16,0,0,0,239
13,4,9,1,16,0,0,0,418
14,7,7,2,63,0,0,0,295
22,11,11,1,16,0,0,0,137
9,5,4,2,63,0,0,0,748
5,2,3,1,53,0,0,0,317
13,7,6,2,63,0,0,0,492
0,0,0,1,63,0,0,0,0
0,0,0,1,63,0,0,0,0
0,0,0,1,63,0,0,0,0
0,0,0,1,63,0,0,0,0
0,0,0,1,63,0,0,0,0
0,0,0,1,63,0,0,0,0
0,0,0,1,63,0,0,0,0
0,0,0,1,63,0,0,0,0
0,0,0,1,63,0,0,0,0
0,0,0,1,63,0,0,0,0
0,0,0,1,63,0,0,0,0
0,0,0,1,63,0,0,0,0
0,0,0,1,63,0,0,0,0
0,0,0,1,63,0,0,0,0
0,0,0,1,63,0,0,0,0
0,0,0,1,63,0,0,0,0
0,0,0,1,63,0,0,0,0
0,0,0,1,63,0,0,0,0
0,0,0,1,63,0,0,0,0
0,0,0,1,63,0,0,0,0
0,0,0,1,63,0,0,0,0
0,0,0,1,63,0,0,0,0
0,0,0,1,63,0,0,0,0
0,0,0,1,63,0,0,0,0
0,0,0,1,63,0,0,0,0
0,0,0,1,63,0,0,0,0
0,0,0,1,63,0,0,0,0
0,0,0,1,63,0,0,0,0
0,0,0,1,63,0,0,0,0
0,0,0,1,63,0,0,0,0
0,0,0,1,63,0,0,0,0
0,0,0,1,63,0,0,0,0
0,0,0,1,63,0,0,0,0
0,0,0,1,63,0,0,0,0
0,0,0,1,63,0,0,0,0
0,0,0,1,63,0,0,0,0
0,0,0,1,63,0,0,0,0
0,0,0,1,63,0,0,0,0
0,0,0,1,63,0,0,0,0
0,0,0,1,63,0,0,0,0
0,0,0,1,63,0,0,0,0
0,0,0,1,63,0,0,0,0
0,0,0,1,63,0,0,0,0
0,0,0,1,63,0,0,0,0
0,0,0,1,63,0,0,0,0
0,0,0,1,63,0,0,0,0
0,0,0,1,63,0,0,0,0
0,0,0,1,63,0,0,0,0
0,0,0,1,63,0,0,0,0
0,0,0,1,63,0,0,0,0
0,0,0,1,63,0,0,0,0
0,0,0,1,63,0,0,0,0
0,0,0,1,63,0,0,0,0
0,0,0,1,63,0,0,0,0
0,0,0,1,63,0,0,0,0
0,0,0,1,63,0,0,0,0
0,0,0,1,63,0,0,0,0
0,0,0,1,63,0,0,0,0
0,0,0,1,63,0,0,0,0
0,0,0,1,63,0,0,0,0
0,0,0,1,63,0,0,0,0
0,0,0,1,63,0,0,0,0
0,0,0,1,63,0,0,0,0
0,0,0,1,63,0,0,0,0
0,0,0,1,63,0,0,0,0
0,0,0,1,63,0,0,0,0
0,0,0,1,63,0,0,0,0
0,0,0,1,63,0,0,0,0
0,0,0,1,63,0,0,0,0
0,0,0,1,63,0,0,0,0
0,0,0,1,63,0,0,0,0
16,7,9,3,63,0,0,0,0
0,0,0,1,63,0,0,0,0
0,0,0,1,63,0,0,0,0
0,0,0,1,63,0,0,0,0
0,0,0,1,63,0,0,0,0
0,0,0,1,63,0,0,0,0
5,3,2,1,30,0,0,0,307
16,8,8,1,13,0,0,0,237
10,5,5,2,63,0,0,0,1589
124,39,85,3,16,0,0,0,644
26,16,10,2,63,0,0,0,1909
175,106,69,5,21,0,0,0,719
12,6,6,1,63,0,0,0,706
6,1,5,1,63,0,0,0,57
23,2,21,2,63,0,0,0,89
2,1,1,1,63,0,0,0,340
52,28,24,1,63,0,0,0,834
30,28,2,2,16,0,0,0.00248138957816377,403
9,6,3,1,63,0,0,0,85
5,1,4,1,63,0,0,0,90
26,6,20,1,16,0,0,0,103
4,2,2,1,55,0,0,0,126
12,6,6,2,63,1,0,0,191
157,137,20,2,16,0,0,0,117
14,8,6,1,63,0,0,0,165
10,5,5,2,63,1,0,0,132
28,26,2,2,63,0,0,0,148
4,1,3,1,28,0,0,0,80
7,5,2,2,63,0,0,0,81
66,66,0,1,63,0,0,0,66
9,9,0,1,63,0,0,0,9
7,1,6,1,63,0,0,0,72
12,11,1,1,63,0,0,0.00917431192660551,109
208,205,3,3,54,1,0,0.00495049504950495,202
71,71,0,1,63,0,0,0,71
4,2,2,1,33,0,0,0,51
1,0,1,1,28,0,0,0,59
0,0,0,1,16,0,0,0,0
5,3,2,2,63,0,0,0,502
8,6,2,2,20,0,0,0,76
8,4,4,2,43,0,0,0,92
91,91,0,1,63,0,0,0,91
164,164,0,1,63,0,0,0,164
64,10,54,1,16,0,0,0,1234
69,17,52,2,16,0,0,0,496
448,448,0,1,63,0,0,0,448
48,46,2,1,63,0,0,0.00246305418719212,406
300,219,81,5,32,1,0,0.0026857654431513,1117
96,96,0,1,63,0,0,0,96
44,13,31,3,16,0,0,0,838
156,38,118,5,3,0,0,0,394
626,546,80,5,23,0,0,0,466
0,0,0,1,23,0,0,0,268
0,0,0,1,23,0,0,0,37
46,31,15,2,63,0,0,0.00377358490566038,265
717,692,25,5,23,1,0,0.00299850074962519,667
10,5,5,1,4,0,0,0.000571102227298686,3502
192,192,0,1,63,0,0,0,192
288,288,0,1,63,0,0,0,288
221,218,3,2,4,0,0,0.00465116279069767,215
540,523,17,5,44,1,0,0.00197628458498024,506
221,221,0,1,63,0,0,0.00452488687782805,221
136,136,0,1,63,0,0,0,136
0,0,0,1,55,1,0,0,129
134,130,4,2,8,0,0,0,126
852,827,25,3,8,0,0,0.00124688279301746,802
97,97,0,2,63,0,0,0.0103092783505155,97
117,117,0,2,63,0,0,0.00854700854700855,117
78,78,0,2,63,0,0,0,78
86,86,0,1,63,0,0,0,86
225,221,4,2,8,0,0,0.00460829493087558,217
204,180,24,2,8,0,0,0,156
152,152,0,1,63,0,0,0,152
127,123,4,2,8,0,0,0.00840336134453781,119
22,18,4,1,63,0,0,0,732
281,156,125,1,63,0,0,0,232
10,5,5,2,63,0,0,0,301
28,16,12,2,63,1,0,0,492
47,45,2,1,63,0,0,0.00289017341040462,346
19,16,3,2,63,0,0,0.00328947368421053,304
2,1,1,1,63,0,0,0,355
50,48,2,1,42,0,0,0.00140252454417952,713
4,2,2,1,63,0,0,0,357
17,13,4,2,16,0,0,0,279
12,6,6,2,63,0,0,0,265
10,6,4,2,63,0,0,0,95
36,24,12,2,45,1,0,0.00638977635782748,313
10,5,5,2,63,0,0,0.00359712230215827,278
0,0,0,1,16,0,0,0,0
27,7,20,3,44,0,0,0,317
12,6,6,2,56,0,0,0,923
10,6,4,2,63,0,0,0,348
10,6,4,2,0,0,0,0,0
216,143,73,3,0,0,0,0,0
4,2,2,3,0,0,0,0,0
0,0,0,1,0,0,0,0,0
4,1,3,1,63,0,0,0,47
92,6,86,1,63,0,0,0,51
4,2,2,1,63,0,0,0,152
4,2,2,1,63,0,0,0,43
115,4,111,1,63,0,0,0,70
157,19,138,1,63,0,0,0,73
147,33,114,1,63,0,0,0,58
4,2,2,1,63,0,0,0,84
5,2,3,2,63,0,0,0,7
0,0,0,1,63,0,0,0,0
6,3,3,1,63,0,0,0,81
0,0,0,1,63,0,0,0,0
0,0,0,1,63,0,0,0,0
8,4,4,1,63,0,0,0,356
19,10,9,1,63,0,0,0,426
12,6,6,1,63,0,0,0,159
0,0,0,1,63,0,0,0,0
143,56,87,1,63,0,0,0,348
0,0,0,1,63,0,0,0,0
18,9,9,1,63,0,0,0,204
0,0,0,1,63,0,0,0,0
11,6,5,1,63,0,0,0,411
10,5,5,1,63,0,0,0,570
14,7,7,1,63,0,0,0,663
13,4,9,1,63,0,0,0,346
0,0,0,1,63,0,0,0,0
11,5,6,1,63,0,0,0,146
98,95,3,1,63,0,0,0,173
0,0,0,1,63,0,0,0,0
8,4,4,1,63,0,0,0,91
263,73,190,1,63,0,0,0,481
52,25,27,1,63,0,0,0,196
25,16,9,1,63,0,0,0,371
14,7,7,2,0,0,0,0,89
2,1,1,1,63,0,0,0,95
0,0,0,1,2,0,0,0,3
0,0,0,1,2,0,0,0,3
0,0,0,1,2,0,0,0,3
0,0,0,1,2,0,0,0,3
0,0,0,1,2,0,0,0,52
0,0,0,1,2,0,0,0,58
0,0,0,1,2,0,0,0,3
0,0,0,1,2,0,0,0,60
0,0,0,1,2,0,0,0,3
0,0,0,1,2,0,0,0,43
0,0,0,1,2,0,0,0,3
0,0,0,1,2,0,0,0,3
0,0,0,1,2,0,0,0,3
0,0,0,1,2,0,0,0,53
0,0,0,1,2,0,0,0,3
0,0,0,1,2,0,0,0,3
0,0,0,1,2,0,0,0,3
0,0,0,1,2,0,0,0,3
0,0,0,1,2,0,0,0,3
0,0,0,1,2,0,0,0,3
0,0,0,1,2,0,0,0,3
0,0,0,1,2,0,0,0,3
0,0,0,1,2,0,0,0,3
0,0,0,1,2,0,0,0,3
0,0,0,1,2,0,0,0,3
0,0,0,1,2,0,0,0,3
0,0,0,1,2,0,0,0,3
0,0,0,1,2,0,0,0,53
0,0,0,1,2,0,0,0,78
0,0,0,1,2,0,0,0,3
0,0,0,1,2,0,0,0,603
0,0,0,1,2,0,0,0,3
0,0,0,1,2,0,0,0,80
0,0,0,1,2,0,0,0,3
0,0,0,1,2,0,0,0,54
0,0,0,1,2,0,0,0,4
0,0,0,1,2,0,0,0,3
0,0,0,1,2,0,0,0,3
0,0,0,1,2,0,0,0,107
0,0,0,1,2,0,0,0,3
0,0,0,1,2,0,0,0,3
0,0,0,1,2,0,0,0,49
0,0,0,1,2,0,0,0,3
0,0,0,1,2,0,0,0,3
0,0,0,1,2,0,0,0,3
0,0,0,1,2,0,0,0,3
0,0,0,1,2,0,0,0,51
0,0,0,1,2,0,0,0,3
0,0,0,1,2,0,0,0,3
0,0,0,1,2,0,0,0,3
0,0,0,1,2,0,0,0,3
0,0,0,1,2,0,0,0,3
0,0,0,1,2,0,0,0,3
0,0,0,1,2,0,0,0,3
0,0,0,1,2,0,0,0,3
0,0,0,1,2,0,0,0,3
0,0,0,1,2,0,0,0,3
0,0,0,1,2,0,0,0,3
0,0,0,1,2,0,0,0,3
0,0,0,1,2,0,0,0,3
0,0,0,1,2,0,0,0,10
0,0,0,1,2,0,0,0,3
0,0,0,1,2,0,0,0,4
0,0,0,1,2,0,0,0,3
0,0,0,1,2,0,0,0,139
0,0,0,1,2,0,0,0,119
0,0,0,1,2,0,0,0,135
0,0,0,1,2,0,0,0,435
0,0,0,1,2,0,0,0,248
0,0,0,1,2,0,0,0,89
0,0,0,1,2,0,0,0,100
0,0,0,1,2,0,0,0,80
0,0,0,1,2,0,0,0,193
0,0,0,1,2,0,0,0,639
0,0,0,1,2,0,0,0,137
0,0,0,1,2,0,0,0,147
5,2,3,2,2,0,0,0,302
0,0,0,1,2,0,0,0,77
0,0,0,1,2,0,0,0,107
0,0,0,1,2,0,0,0,98
0,0,0,1,2,0,0,0,44
0,0,0,1,2,0,0,0,197
0,0,0,1,2,0,0,0,101
0,0,0,1,2,0,0,0,154
0,0,0,1,2,0,0,0,45
0,0,0,1,2,0,0,0,95
0,0,0,1,2,0,0,0,50
0,0,0,1,2,0,0,0,167
0,0,0,1,2,0,0,0,409
0,0,0,1,2,0,0,0,95
0,0,0,1,2,0,0,0,70
0,0,0,1,2,0,0,0,53
0,0,0,1,2,0,0,0,177
0,0,0,1,2,0,0,0,179
0,0,0,1,2,0,0,0,92
0,0,0,1,2,0,0,0,72
0,0,0,1,2,0,0,0,7
0,0,0,1,2,0,0,0,329
39,30,9,1,63,0,0,0,85
12,8,4,1,63,0,0,0,32
250,32,218,3,8,0,0,0,61
175,21,154,1,63,0,0,0,62
89,8,81,1,63,0,0,0,50
4,3,1,1,63,0,0,0,76
8,6,2,1,63,0,0,0,9
0,0,0,1,63,0,0,0,0
0,0,0,1,63,0,0,0,0
16,11,5,2,63,0,0,0,194
0,0,0,1,63,0,0,0,0
0,0,0,1,63,0,0,0,0
337,195,142,3,30,0,0,0,409
0,0,0,1,63,0,0,0,0
81,81,0,1,63,0,0,0,81
84,45,39,2,14,0,0,0,139
0,0,0,1,63,0,0,0,0
127,127,0,1,63,0,0,0,127
20,9,11,3,63,0,0,0,461
106,106,0,1,63,0,0,0,106
48,48,0,1,63,0,0,0,48
0,0,0,1,63,0,0,0,0
239,239,0,1,63,0,0,0,239
0,0,0,1,63,0,0,0,0
47,17,30,1,63,0,0,0,169
629,418,211,5,7,0,0,0,619
51,28,23,1,63,0,0,0,168
122,116,6,4,44,0,0,0,110
104,98,6,4,20,0,0,0,92
121,105,16,2,44,0,0,0,89
604,565,39,5,20,0,0,0,526
59,55,4,2,50,0,0,0,51
873,789,84,9,7,0,0,0,705
16,16,0,1,63,0,0,0,16
43,24,19,4,20,0,0,0,178
145,144,1,3,50,0,0,0,0
464,265,199,9,10,0,0,0,412
566,491,75,4,44,0,0,0,416
313,206,107,9,37,0,0,0,409
278,275,3,3,20,0,0,0,272
401,236,165,8,10,0,0,0,411
490,284,206,10,10,0,0,0,427
254,145,109,11,20,0,0,0,417
818,451,367,10,10,0,0,0,508
79,53,26,2,10,0,0,0,464
59,15,44,2,16,0,0,0,83
5,2,3,2,63,0,0,0,6
4,2,2,1,63,0,0,0,146
20,9,11,3,63,0,0,0,400
4,2,2,1,63,0,0,0,493
4,2,2,1,63,0,0,0,600
38,10,28,1,16,0,0,0,219
4,2,2,1,63,0,0,0,188
17,13,4,2,63,0,0,0,311
5,3,2,2,63,0,0,0,43
590,370,220,4,17,0,0,0,822
8,4,4,2,17,0,0,0,121
18,9,9,2,29,0,0,0,809
10,5,5,2,63,0,0,0,268
12,6,6,2,63,0,0,0,809
20,12,8,3,63,0,0,0,759
10,5,5,2,63,0,0,0,211
10,5,5,2,63,0,0,0,144
4,2,2,1,63,0,0,0,314
2,1,1,1,63,0,0,0,47
8,4,4,2,63,0,0,0,844
75,22,53,3,16,0,0,0,119
11,6,5,2,63,0,0,0,63
9,5,4,3,63,0,0,0,13
3,2,1,1,42,0,0,0,121
14,9,5,2,63,0,0,0,234
18,11,7,3,63,0,0,0,1485
14,9,5,2,63,0,0,0,394
6,3,3,2,63,0,0,0,1176
56,45,11,3,63,0,0,0,271
4,2,2,1,63,0,0,0,504
2,1,1,1,63,0,0,0,81
60,28,32,5,4,0,0,0,281
139,94,45,3,63,0,0,0,1281
16,11,5,1,16,0,0,0,187
14,7,7,2,63,0,0,0,380
62,32,30,3,16,0,0,0.00106496272630458,939
17,10,7,1,4,0,0,0,118
141,27,114,3,30,0,0,0,1332
412,154,258,5,16,0,0,0,1457
97,40,57,1,43,0,0,0,1234
23,2,21,2,63,0,0,0,77
34,16,18,5,5,0,0,0,237
12,6,6,2,63,1,0,0,134
61,4,57,1,16,0,0,0,85
8,4,4,2,63,1,0,0,95
28,26,2,2,63,0,0,0,138
45,23,22,4,63,0,0,0,207
10,4,6,2,20,0,0,0,89
13,4,9,3,54,0,0,0,126
7,3,4,2,20,0,0,0,59
5,2,3,2,63,0,0,0,76
4,1,3,1,44,0,0,0,92
48,25,23,1,43,0,0,0,183
20,8,12,3,11,0,0,0,464
13,7,6,2,16,0,0,0,86
102,60,42,3,5,1,0,0,679
18,9,9,3,63,0,0,0,692
89,15,74,5,63,0,0,0,457
122,92,30,5,5,0,0,0,548
132,13,119,1,16,0,0,0,640
24,16,8,3,20,0,0,0,125
16,7,9,3,56,0,0,0,271
4,2,2,1,63,0,0,0,1111
18,10,8,1,43,0,0,0,117
4,2,2,1,63,0,0,0,205
10,5,5,2,63,0,0,0,1107
54,34,20,5,5,0,0,0.0013531799729364,739
258,127,131,4,63,0,0,0,445
28,8,20,1,16,0,0,0,58
0,0,0,1,52,0,0,0,0
5,2,3,2,63,0,0,0,15
4,2,2,1,55,0,0,0,100
10,5,5,2,63,0,0,0,595
15,8,7,3,16,1,0,0,392
53,13,40,3,16,0,0,0,413
28,16,12,3,52,0,0,0,233
2,1,1,1,63,0,0,0,39
12,8,4,2,63,0,0,0,104
47,19,28,4,52,0,0,0,2013
28,16,12,3,52,0,0,0,142
24,12,12,4,14,0,0,0.00454545454545455,220
41,16,25,3,52,0,0,0,153
14,10,4,2,63,0,0,0,219
56,26,30,5,52,0,0,0,0
12,7,5,2,63,0,0,0,778
12,8,4,2,63,0,0,0,483
63,41,22,2,16,0,0,0,550
517,496,21,4,63,0,0,0,1176
25,22,3,3,63,0,0,0,141
20,16,4,3,63,0,0,0,110
15,9,6,2,63,0,0,0,553
50,23,27,5,22,0,0,0,2349
36,18,18,4,30,0,0,0,679
28,11,17,3,16,0,0,0,292
6,3,3,1,48,0,0,0,963
215,83,132,6,33,1,0,0,1507
40,14,26,3,16,0,0,0,1024
4,2,2,1,63,0,0,0,1084
16,8,8,2,22,0,0,0,1058
23,2,21,2,63,0,0,0,78
9,3,6,2,16,0,0,0,279
12,6,6,2,63,1,0,0,191
31,12,19,1,16,0,0,0,102
8,4,4,2,63,1,0,0,107
28,26,2,2,63,0,0,0,192
37,16,21,2,28,0,0,0.00465116279069767,215
6,3,3,2,63,0,0,0,403
1,0,1,1,28,0,0,0.0169491525423729,59
8,4,4,3,20,0,0,0,117
6,2,4,2,44,0,0,0,101
18,9,9,3,14,0,0,0,1958
11,6,5,2,63,0,0,0,192
2,1,1,1,63,0,0,0,334
4,2,2,1,63,0,0,0,354
30,13,17,4,63,0,0,0,2191
8,6,2,2,33,0,0,0,488
48,20,28,4,3,1,0,0,774
43,7,36,1,16,0,0,0,789
17,9,8,3,63,0,0,0,825
2,1,1,1,63,0,0,0,242
24,14,10,3,11,0,0,0,6326
10,5,5,2,63,0,0,0.000424628450106157,2355
52,19,33,5,33,0,0,0,8046
21,9,12,2,63,0,0,0.00158730158730159,630
25,6,19,2,63,0,0,0,391
6,3,3,1,16,0,0,0,319
12,6,6,1,16,0,0,0,307
6,3,3,1,16,0,0,0,199
4,2,2,1,63,0,0,0,364
28,26,2,2,63,0,0,0,802
110,90,20,4,63,0,0,0,456
7,5,2,2,63,0,0,0,78
2,1,1,1,63,0,0,0,525
227,124,103,6,63,1,0,0,549
2,1,1,1,63,0,0,0,363
12,6,6,2,63,0,0,0,284
11,5,6,2,63,0,0,0,224
176,66,110,5,33,1,0,0,650
2,1,1,1,63,0,0,0,97
70,31,39,7,21,0,0,0,2598
30,11,19,3,30,0,0,0,608
29,11,18,4,30,0,0,0,306
38,14,24,3,63,0,0,0,482
48,33,15,2,16,1,0,0,1415
47,20,27,3,21,0,0,0.000727802037845706,1374
19,9,10,2,21,0,0,0,817
23,2,21,2,63,0,0,0,78
24,11,13,5,10,0,0,0.00301204819277108,332
6,3,3,2,63,0,0,0,76
20,3,17,2,16,0,0,0,72
15,14,1,1,44,0,0,0,80
1,0,1,1,28,0,0,0,78
13,8,5,3,63,0,0,0,95
29,12,17,3,63,1,0,0,276
5,2,3,2,63,0,0,0,63
38,10,28,2,8,0,0,0,472
1,0,1,1,28,0,0,0,59
4,1,3,1,44,0,0,0,96
4,3,1,1,42,0,0,0,107
281,171,110,9,14,0,0,0.00100806451612903,992
101,57,44,3,63,0,0,0.00188679245283019,530
61,33,28,6,10,1,0,0,409
297,154,143,8,44,1,0,0,1529
61,3,58,1,16,0,0,0.00367647058823529,272
14,7,7,2,63,0,0,0,409
279,118,161,12,10,1,0,0,10149
130,65,65,13,10,1,0,0.000509683995922528,1962
10,5,5,2,63,0,0,0.000723589001447178,1382
6,3,3,1,39,0,0,0,44
132,70,62,12,10,1,0,0.000289855072463768,3450
21,9,12,2,63,0,0,0.00145772594752187,686
21,9,12,2,63,0,0,0.00141242937853107,708
21,5,16,2,63,0,0,0.00193798449612403,516
10,5,5,2,56,0,0,0,1724
22,11,11,3,63,0,0,0,457
27,10,17,3,30,0,0,0,653
29,11,18,4,30,0,0,0,320
22,14,8,2,15,0,0,0,693
10,5,5,2,63,0,0,0,286
5,3,2,2,63,0,0,0,9
5,2,3,2,63,0,0,0,6
5,2,3,1,55,0,0,0,130
18,9,9,2,63,1,0,0,150
2,1,1,1,63,0,0,0,739
6,4,2,1,15,0,0,0,1201
4,2,2,1,63,0,0,0,3907
10,4,6,2,44,0,0,0.00145985401459854,685
50,24,26,5,15,0,0,0,1970
25,10,15,4,63,0,0,0,1651
28,11,17,3,30,0,0,0,533
31,13,18,4,63,0,0,0,2313
31,13,18,4,63,0,0,0,2078
17,9,8,2,15,0,0,0,828
10,5,5,2,63,0,0,0,289
5,2,3,2,63,0,0,0,7
4,2,2,1,55,0,0,0,138
61,27,34,3,14,0,0,0,415
18,9,9,2,63,1,0,0,182
4,2,2,1,63,0,0,0,146
7,4,3,1,15,0,0,0,148
2,1,1,1,63,0,0,0,797
4,2,2,1,63,0,0,0,744
39,19,20,1,18,0,0,0,431
6,3,3,1,19,0,0,0,148
4,2,2,1,63,0,0,0,3834
17,8,9,3,44,1,0,0.00142857142857143,700
7,4,3,2,63,0,0,0,808
4,2,2,1,63,0,0,0,744
29,13,16,1,18,0,0,0,427
4,2,2,1,63,0,0,0,3836
5,3,2,2,63,0,0,0,190
87,12,75,3,15,0,0,0,136
64,29,35,3,14,0,0,0,450
194,30,164,2,15,0,0,0,292
12,6,6,2,14,0,0,0,749
23,2,21,2,63,0,0,0,89
9,4,5,2,63,0,0,0,244
16,8,8,2,63,1,0,0,143
23,9,14,1,16,0,0,0,169
8,4,4,2,63,1,0,0,103
28,26,2,2,63,0,0,0,227
10,4,6,3,27,0,0,0,413
26,14,12,2,28,0,0,0,220
14,7,7,1,28,0,0,0,116
5,2,3,2,63,0,0,0,72
11,4,7,3,44,0,0,0,64
10,5,5,2,63,0,0,0,458
11,3,8,1,30,0,0,0,1358
21,10,11,2,63,0,0,0,1463
18,9,9,3,63,0,0,0,313
24,13,11,3,63,0,0,0,280
26,14,12,3,63,0,0,0,515
12,6,6,2,63,1,0,0,664
14,7,7,2,63,0,0,0,337
16,5,11,1,30,0,0,0,379
67,1,66,1,16,0,0,0,454
10,5,5,2,27,0,0,0,161
42,2,40,1,16,0,0,0,737
4,2,2,1,63,0,0,0,193
10,5,5,2,55,0,0,0.000539083557951483,1855
10,5,5,2,63,0,0,0.00204498977505112,489
2,1,1,1,63,0,0,0,513
16,5,11,2,63,0,0,0.00392156862745098,255
11,4,7,2,63,0,0,0,353
4,2,2,1,63,0,0,0,314
16,7,9,3,63,0,0,0,858
16,10,6,2,63,0,0,0,521
14,9,5,2,63,0,0,0,650
40,17,23,4,4,0,0,0,433
2462,1228,1234,5,30,0,0,0.000831946755407654,1202
34,15,19,4,63,0,0,0,1664
4,2,2,1,63,0,0,0,225
4,2,2,1,63,0,0,0,915
4,2,2,1,63,0,0,0,612
2,1,1,1,63,0,0,0,197
24,8,16,3,30,0,0,0,2445
2,1,1,1,63,0,0,0,297
19,10,9,2,16,0,0,0,439
4,2,2,1,63,0,0,0,299
4,2,2,1,63,0,0,0,2064
10,5,5,2,63,0,0,0,673
11,6,5,2,63,0,0,0,511
1247,624,623,4,63,0,0,0,566
37,15,22,2,63,0,0,0,201
23,12,11,3,16,0,0,0,643
5,3,2,2,63,0,0,0,233
42,13,29,1,16,0,0,0.0117647058823529,85
5,2,3,2,63,0,0,0,12
4,3,1,1,42,0,0,0,166
2,1,1,1,63,0,0,0,322
16,8,8,1,38,0,0,0,188
30,15,15,1,38,0,0,0,107
42,24,18,2,31,0,0,0,132
4,2,2,1,38,0,0,0,44
32,16,16,2,31,0,0,0,70
38,16,22,1,38,0,0,0,134
112,61,51,2,31,0,0,0,362
17,6,11,3,16,0,0,0,327
4,2,2,1,63,0,0,0,529
18,9,9,3,63,0,0,0,519
2,1,1,1,63,0,0,0,381
6,3,3,1,63,0,0,0,151
6,3,3,1,63,0,0,0,534
13,7,6,3,16,1,0,0,1328
50,27,23,4,16,0,0,0.000793650793650794,1260
4,2,2,1,63,0,0,0,462
25,11,14,4,16,1,0,0.000963391136801541,1038
2,1,1,1,63,0,0,0,220
0,0,0,1,1,0,0,0,486
12,12,0,2,10,0,0,0,12
16,7,9,2,4,0,0,0,74
1066,11,1055,2,63,0,0,0,143
52,50,2,2,63,0,0,0,250
0,0,0,1,84,0,0,0,82
0,0,0,1,165,0,0,0,67
37,13,24,2,63,0,0,0,50
20,4,16,3,34,0,0,0,129
31,21,10,7,1,0,0,0,138
3,2,1,1,10,0,0,0,104
40,22,18,2,35,0,0,0,153
30,19,11,5,10,0,0,0,130
73,8,65,3,16,0,0,0.00512820512820513,195
116,48,68,4,1,0,0,0.0133333333333333,75
17,7,10,4,33,1,0,0,307
0,0,0,1,79,0,0,0,81
105,51,54,5,42,0,0,0,190
6,4,2,2,63,0,0,0,19
9,5,4,2,10,0,0,0,84
203,16,187,2,63,0,0,0,60
497,477,20,6,10,1,0,0.00218818380743982,457
9,5,4,2,10,0,0,0,69
37,21,16,5,51,0,0,0,689
27,21,6,4,39,0,0,0,204
206,92,114,7,10,0,0,0,795
15,8,7,2,63,0,0,0,360
0,0,0,1,54,0,0,0,92
0,0,0,1,54,0,0,0,92
518,352,166,6,10,1,0,0,787
61,53,8,5,10,1,0,0,419
258,129,129,4,63,0,0,0,195
7,6,1,1,10,0,0,0,65
39,19,20,6,63,0,0,0,694
23,20,3,2,10,0,0,0,239
11,6,5,1,18,0,0,0,92
224,80,144,7,2,0,0,0,288
223,171,52,5,21,0,0,0,1359
439,365,74,5,21,0,0,0,772
20,10,10,2,63,0,0,0,365
34,3,31,1,35,0,0,0,248
53,28,25,3,27,0,0,0,225
1288,1122,166,14,1,1,0,0,956
59,22,37,5,35,0,0,0,323
319,261,58,6,10,0,0,0,1300
12,6,6,2,63,0,0,0,276
35,22,13,3,17,1,0,0,282
53,11,42,3,35,0,0,0,71
32,30,2,1,171,0,0,0,225
315,182,133,9,13,0,0,0.000999000999000999,1001
188,110,78,10,10,0,0,0,593
12,6,6,1,21,0,0,0,131
305,144,161,10,33,1,0,0,1906
244,138,106,9,10,0,0,0,659
0,0,0,1,42,0,0,0,0
194,106,88,8,7,1,0,0.000830564784053156,1204
32,18,14,4,18,0,0,0,1227
62,27,35,4,10,0,0,0,139
36,21,15,4,21,0,0,0,729
203,102,101,6,21,0,0,0.00460829493087558,217
111,105,6,3,10,0,0,0,99
5345,4818,527,14,6,1,0,0.000699137730132836,4291
25,9,16,3,63,0,0,0,65
4,2,2,2,16,0,0,0,0
385,263,122,6,27,1,0,0,754
6,3,3,1,35,0,0,0,327
11,6,5,2,63,0,0,0,482
151,23,128,6,23,0,0,0,559
88,64,24,5,13,0,0,0.00555555555555556,180
434,54,380,5,27,0,0,0,0
4,2,2,1,63,0,0,0,345
47,17,30,5,27,0,0,0,0
14,7,7,1,13,0,0,0,424
40,28,12,3,27,0,0,0,0
212,69,143,5,27,0,0,0,0
22,12,10,3,27,0,0,0,0
132,80,52,10,34,1,0,0,874
133,38,95,10,16,0,0,0.000414765657403567,2411
0,0,0,1,27,0,0,0,0
15,2,13,1,35,0,0,0,805
175,70,105,10,21,0,0,0,4235
15,6,9,4,62,1,0,0,212
84,23,61,6,21,0,0,0,0
162,50,112,5,16,1,0,0,1013
54,42,12,4,27,0,0,0,0
43,23,20,5,27,0,0,0,0
14,7,7,5,27,0,0,0,0
0,0,0,2,27,0,0,0,0
383,383,0,2,27,0,0,0,383
3,3,0,2,27,0,0,0,3
393,393,0,2,27,0,0,0,393
3,3,0,2,27,0,0,0,3
3,3,0,2,27,0,0,0,3
3,3,0,2,27,0,0,0,3
3,3,0,2,27,0,0,0,3
3,3,0,2,27,0,0,0,3
3,3,0,2,27,0,0,0,3
5,5,0,2,27,0,0,0,5
3,3,0,2,27,0,0,0,3
3,3,0,2,27,0,0,0,3
38,38,0,2,27,0,0,0,38
6,5,1,1,27,0,0,0,68
23,14,9,4,27,0,0,0,484
354,9,345,4,27,0,0,0,4
3,2,1,2,63,0,0,0,146
5,4,1,1,7,0,0,0,66
11,4,7,3,27,0,0,0,59
716,716,0,2,27,0,0,0,716
690,19,671,1,27,0,0,0,174
4,2,2,1,27,0,0,0,50
73,13,60,4,16,0,0,0,197
86,12,74,2,16,0,0,0,3
56,25,31,7,21,0,0,0,528
6,4,2,1,38,0,0,0,320
4,2,2,2,63,0,0,0,34
5,2,3,2,63,0,0,0,83
13,12,1,1,62,1,0,0,49
6,3,3,2,63,0,0,0,445
99,65,34,4,27,0,0,0,338
355,263,92,2,63,0,0,0,509
1,1,0,2,87,0,0,0,126
1,1,0,2,87,0,0,0,169
1,1,0,2,87,0,0,0,212
1,1,0,2,87,0,0,0,205
212,22,190,2,63,0,0,0,28
288,22,266,2,63,0,0,0,28
1,1,0,2,87,0,0,0,93
539,64,475,2,63,0,0,0,121
1,1,0,2,87,0,0,0,479
1,1,0,2,87,0,0,0,234
1,1,0,2,87,0,0,0,528
143,101,42,2,63,0,0,0,265
21,20,1,2,63,0,0,0,72
0,0,0,2,87,0,0,0,0
0,0,0,2,87,0,0,0,0
0,0,0,2,87,0,0,0,0
180,134,46,4,63,0,0,0,400
1,1,0,2,87,0,0,0,48
24,21,3,2,63,0,0,0,42
1,1,0,2,87,0,0,0,74
1,1,0,2,87,0,0,0,123
1,1,0,2,87,0,0,0,56
1,1,0,2,87,0,0,0,463
26,23,3,2,63,0,0,0,117
128,110,18,3,24,0,0,0,178
22,20,2,2,63,0,0,0,52
1,1,0,2,87,0,0,0,139
1,1,0,2,87,0,0,0,131
132,116,16,2,63,0,0,0,185
67,48,19,2,63,0,0,0,84
1,1,0,2,87,0,0,0,22
48,41,7,2,63,0,0,0,300
45,33,12,2,63,0,0,0,78
81,56,25,2,63,0,0,0,74
26,23,3,2,63,0,0,0,118
1,1,0,2,87,0,0,0,138
0,0,0,2,87,0,0,0,0
174,150,24,2,63,0,0,0,282
28,24,4,2,63,0,0,0,79
164,131,33,2,63,0,0,0,170
1,1,0,2,87,0,0,0,144
52,43,9,2,63,0,0,0,122
0,0,0,1,87,0,0,0,0
1,1,0,2,87,0,0,0,183
65,49,16,2,63,0,0,0,120
99,86,13,2,63,0,0,0,193
45,36,9,2,63,0,0,0,92
33,27,6,2,63,0,0,0,52
299,227,72,3,63,0,0,0,611
1,1,0,2,87,0,0,0,42
1,1,0,2,87,0,0,0,133
6,3,3,1,27,0,0,0,271
95,9,86,3,27,0,0,0,54
35,18,17,2,21,0,0,0,297
360,360,0,2,27,0,0,0,360
0,0,0,1,84,0,0,0,0
37,6,31,2,27,0,0,0,203
915,900,15,5,1,0,0,0,885
357,350,7,3,7,0,0,0,343
55,52,3,3,17,0,0,0,49
78,8,70,2,16,0,0,0,458
227,227,0,2,27,0,0,0,227
815,811,4,3,26,0,0,0.00123915737298637,807
135,135,0,2,27,0,0,0,135
310,310,0,2,27,0,0,0,310
155,155,0,2,27,0,0,0,155
86,53,33,7,27,0,0,0,593
41,16,25,3,27,0,0,0,580
89,46,43,7,6,0,0,0.0015220700152207,657
28,16,12,1,27,0,0,0,440
52,28,24,6,16,0,0,0,1346
60,32,28,7,16,0,0,0,1216
48,44,4,1,31,0,0,0,299
4,2,2,1,27,0,0,0,221
71,61,10,2,27,0,0,0,139
319,238,81,6,17,0,0,0,420
8,4,4,1,27,0,0,0,157
43,18,25,4,27,0,0,0,1767
36,16,20,5,27,0,0,0.00123152709359606,812
29,14,15,5,23,0,0,0,1385
234,171,63,7,23,0,0,0.000672043010752688,1488
18,9,9,2,2,0,0,0,15
8,4,4,1,27,0,0,0,444
198,198,0,2,27,0,0,0,198
33,13,20,3,27,0,0,0,730
36,19,17,3,16,0,0,0,580
139,103,36,3,27,0,0,0,280
6,3,3,1,27,0,0,0,182
54,26,28,5,16,0,0,0,1068
60,29,31,6,16,0,0,0,1140
20,10,10,2,4,0,0,0,277
10,5,5,1,27,0,0,0,247
17,8,9,2,22,0,0,0,352
45,20,25,4,4,0,0,0,597
100,40,60,6,4,0,0,0.00116959064327485,855
0,0,0,1,63,0,0,0,0
0,0,0,1,33,0,0,0,0
0,0,0,1,63,0,0,0,0
0,0,0,1,33,0,0,0,0
0,0,0,1,33,0,0,0,0
0,0,0,1,63,0,0,0,0
0,0,0,1,63,0,0,0,0
0,0,0,1,33,0,0,0,0
0,0,0,1,63,0,0,0,0
0,0,0,1,33,0,0,0,0
0,0,0,1,63,0,0,0,0
0,0,0,1,63,0,0,0,0
0,0,0,1,63,0,0,0,0
84,56,28,2,63,0,0,0,418
11,6,5,2,63,0,0,0,84
6,3,3,2,63,0,0,0,39
1083,614,469,1,143,0,0,0,837
6,3,3,2,63,0,0,0,937
94,50,44,4,63,0,0,0,604
118,59,59,2,63,0,0,0,198
122,116,6,2,63,0,0,0,511
10,5,5,2,63,0,0,0,381
68,36,32,2,63,0,0,0,411
248,95,153,3,63,0,0,0,553
0,0,0,1,143,0,0,0,41
24,8,16,1,16,0,0,0,177
5,2,3,2,63,0,0,0,12
2,1,1,1,55,0,0,0,98
4,2,2,3,63,0,0,0,104
17,9,8,3,16,0,0,0,84
146,96,50,3,63,0,0,0,1195
107,46,61,2,27,0,0,0,721
40,8,32,1,27,0,0,0,174
6,3,3,1,14,0,0,0.00405405405405405,740
8,4,4,1,70,0,0,0,565
91,47,44,8,11,0,0,0.00162337662337662,616
24,11,13,3,23,0,0,0,67
78,35,43,3,11,0,0,0,2134
6,3,3,1,15,0,0,0,97
66,15,51,1,11,0,0,0,337
10,6,4,3,37,0,0,0,997
52,35,17,3,37,0,0,0,896
880,440,440,3,37,0,0,0,595
460,231,229,3,37,0,0,0,1409
16,5,11,1,11,0,0,0,176
237,51,186,3,7,0,0,0,0
0,0,0,1,7,0,0,0,0
35,16,19,3,11,0,0,0,192
6,3,3,1,61,0,0,0,99
19,5,14,1,11,0,0,0,258
20,6,14,1,11,0,0,0.00546448087431694,183
50,19,31,3,11,0,0,0.003690036900369,271
12,4,8,1,11,0,0,0,77
20,8,12,2,11,0,0,0,130
20,8,12,2,11,0,0,0,125
32,11,21,2,11,0,0,0,469
12,6,6,2,14,0,0,0,115
419,239,180,8,11,0,0,0,534
5,2,3,1,7,0,0,0,203
42,20,22,5,11,0,0,0.00974025974025974,308
6,3,3,1,11,0,0,0,435
45,22,23,6,11,0,0,0,563
27,10,17,3,11,0,0,0,770
16,7,9,2,11,0,0,0,212
53,22,31,2,11,0,0,0,443
12,4,8,1,11,0,0,0,148
32,14,18,2,11,0,0,0,838
85,26,59,3,11,0,0,0,737
12,3,9,1,126,0,0,0,67
21,8,13,3,6,0,0,0,247
30,13,17,3,11,0,0,0,219
9,3,6,1,11,0,0,0.00423728813559322,236
70,33,37,2,11,0,0,0,283
26,7,19,1,11,0,0,0,184
389,101,288,3,7,0,0,0,387
4,1,3,1,178,0,0,0,84
29,8,21,2,7,0,0,0,146
101,97,4,3,7,0,0,0,574
342,118,224,3,7,0,0,0,679
749,374,375,3,7,0,0,0,420
28,10,18,3,11,0,0,0.000895255147717099,1117
457,229,228,3,7,0,0,0,1088
9,3,6,1,11,0,0,0,113
9,3,6,1,11,0,0,0,82
10,5,5,1,15,0,0,0,111
8,3,5,1,11,0,0,0,90
486,22,464,5,11,0,0,0,120
17,5,12,1,11,0,0,0,148
19,5,14,1,11,0,0,0,243
31,7,24,2,11,0,0,0,213
44,27,17,2,11,0,0,0,216
18,9,9,1,15,0,0,0,63
15,6,9,2,11,0,0,0.0037593984962406,266
4,2,2,1,15,0,0,0,47
4,2,2,1,159,0,0,0,806
218,32,186,1,159,0,0,0,732
6,3,3,1,159,0,0,0,555
46,10,36,2,11,0,0,0.00446428571428571,224
126,63,63,1,159,0,0,0,1175
6,3,3,1,15,0,0,0,304
4,2,2,1,15,0,0,0,377
80,32,48,8,10,0,1,0,1343
28,11,17,3,11,0,0,0,194
6,3,3,1,15,0,0,0,196
36,14,22,3,11,0,0,0,269
134,33,101,3,11,0,0,0,765
172,61,111,2,11,0,0,0,565
65,19,46,3,11,0,0,0,350
76,20,56,2,11,0,0,0,450
10,5,5,1,15,0,0,0,89
16,8,8,1,15,0,0,0,240
29,8,21,1,11,0,0,0,589
16,7,9,2,11,0,0,0,193
12,6,6,1,15,0,0,0,195
80,29,51,4,11,0,0,0,596
23,10,13,3,11,0,0,0,136
32,13,19,3,11,0,0,0,193
67,24,43,4,11,0,0,0,318
37,13,24,2,11,0,0,0,573
35,11,24,2,11,0,0,0,438
472,130,342,6,7,0,0,0.000700770847932726,1427
38,12,26,2,11,0,0,0,347
28,14,14,3,14,0,0,0,130
9,3,6,1,11,0,0,0,137
4,2,2,1,15,0,0,0,122
65,25,40,4,11,0,0,0,338
14,8,6,2,6,0,0,0,343
158,91,67,2,6,0,0,0,674
534,267,267,2,6,0,0,0,301
232,117,115,2,6,0,0,0,1071
24,6,18,1,11,0,0,0,371
47,20,27,3,11,0,0,0,285
28,14,14,2,13,0,0,0,111
48,16,32,3,11,0,0,0,382
15,6,9,2,11,0,0,0,185
19,5,14,1,11,0,0,0,145
4,2,2,1,15,0,0,0,56
19,5,14,1,11,0,0,0,148
72,23,49,5,11,0,0,0,277
21,9,12,3,10,0,0,0,104
152,52,100,6,11,1,0,0,932
24,11,13,2,13,0,0,0,176
33,10,23,2,11,0,0,0,220
91,27,64,2,11,0,0,0.00100704934541793,993
8,4,4,1,15,0,0,0,257
35,11,24,2,11,0,0,0,202
9,3,6,1,11,0,0,0,220
6,3,3,1,15,0,0,0,91
32,11,21,2,11,0,0,0,202
39,12,27,2,11,0,0,0,553
9,3,6,1,11,0,0,0,174
205,79,126,6,11,0,0,0.00139275766016713,718
34,17,17,2,13,0,0,0.00531914893617021,188
34,10,24,2,11,0,0,0.00187265917602996,534
9,3,6,1,11,0,0,0,77
6,3,3,1,15,0,0,0,146
10,6,4,1,33,0,0,0,569
199,128,71,1,33,0,0,0,1180
906,453,453,1,33,0,0,0,499
394,198,196,1,33,0,0,0,1100
5,2,3,1,126,0,0,0,42
6,3,3,1,61,0,0,0,251
62,27,35,3,11,0,0,0.00148809523809524,672
4,2,2,1,15,0,0,0,130
16,9,7,1,33,0,0,0,593
206,128,78,1,33,0,0,0,1161
502,251,251,1,33,0,0,0,300
366,184,182,1,33,0,0,0,1101
5,2,3,1,126,0,0,0,41
28,7,21,1,11,0,0,0.00327868852459016,305
4,2,2,1,15,0,0,0,82
9,3,6,1,11,0,0,0,222
8,4,4,1,15,0,0,0,142
14,8,6,1,33,0,0,0,632
217,132,85,1,33,0,0,0,1113
786,393,393,1,33,0,0,0,425
388,195,193,1,33,0,0,0,1064
5,2,3,1,126,0,0,0,43
6,3,3,1,61,0,0,0,129
236,86,150,5,11,0,0,0.000868055555555556,1152
21,9,12,2,11,0,0,0,385
8,4,4,1,15,0,0,0,142
16,9,7,1,33,0,0,0,687
231,147,84,1,33,0,0,0,1296
588,294,294,1,33,0,0,0,349
404,203,201,1,33,0,0,0,1101
64,19,45,3,11,0,0,0.00108695652173913,920
4,2,2,1,15,0,0,0,170
8,4,4,1,15,0,0,0,150
18,10,8,1,33,0,0,0,619
216,131,85,1,33,0,0,0,1132
542,271,271,1,33,0,0,0,316
370,186,184,1,33,0,0,0,1085
79,24,55,3,11,0,0,0.00214132762312634,467
4,2,2,1,15,0,0,0,210
8,4,4,1,15,0,0,0,167
18,10,8,1,33,0,0,0,603
213,128,85,1,33,0,0,0,1106
560,280,280,1,33,0,0,0,311
390,196,194,1,33,0,0,0,1061
59,15,44,2,11,0,0,0.0017825311942959,561
4,2,2,1,15,0,0,0,239
12,6,6,1,163,0,0,0,397
8,4,4,1,15,0,0,0,149
18,10,8,1,33,0,0,0,574
214,129,85,1,33,0,0,0,1091
546,273,273,1,33,0,0,0,306
362,182,180,1,33,0,0,0,1065
6,4,2,1,61,0,0,0,128
121,48,73,2,61,0,0,0,456
66,20,46,5,11,0,0,0,425
70,35,35,1,15,0,0,0,189
54,22,32,3,11,0,0,0,316
6,3,3,1,61,0,0,0,500
6,4,2,1,61,0,0,0,175
306,42,264,6,11,0,0,0.00129198966408269,774
85,28,57,4,11,0,0,0,454
166,66,100,2,45,0,0,0,296
41,15,26,2,61,0,0,0,173
21,10,11,3,11,0,0,0,175
36,18,18,1,15,0,0,0,119
77,19,58,1,11,0,0,0,550
18,9,9,1,15,0,0,0,106
9,3,6,1,11,0,0,0,336
30,15,15,1,15,0,0,0,94
4,2,2,1,15,0,0,0,98
9,3,6,1,11,0,0,0,92
10,5,5,1,15,0,0,0,77
405,148,257,11,11,0,0,0.000652741514360313,1532
6,3,3,1,15,0,0,0,139
77,26,51,6,11,0,1,0.00207900207900208,481
6,3,3,1,15,0,0,0,107
12,6,6,1,15,0,0,0,122
6,4,2,1,61,0,0,0,131
9,3,6,1,11,0,0,0,107
14,7,7,1,41,0,0,0,76
9,3,6,1,11,0,0,0,79
14,7,7,1,41,0,0,0,78
15,7,8,2,11,0,0,0,97
4,2,2,1,15,0,0,0,69
61,18,43,3,11,0,0,0.00179856115107914,556
12,6,6,1,15,0,0,0,102
6,4,2,1,61,0,0,0,302
24,12,12,1,15,0,0,0,142
20,8,12,2,11,0,0,0.00578034682080925,173
6,4,2,1,61,0,0,0,117
92,27,65,3,11,0,0,0.00151057401812689,662
46,23,23,1,15,0,0,0,105
602,252,350,9,11,0,0,0,1532
39,28,11,1,171,0,0,0,211
27,7,20,2,11,0,0,0,230
32,16,16,1,15,0,0,0,253
6,3,3,1,15,0,0,0,95
22,8,14,2,61,0,0,0.00413223140495868,242
6,4,2,1,61,0,0,0,362
34,17,17,1,15,0,0,0,586
49,14,35,3,11,0,1,0,280
19,11,8,3,11,0,0,0,167
57,23,34,4,11,0,0,0.00198019801980198,505
4,2,2,1,15,0,0,0,14
4,3,1,1,153,0,0,0,27
113,62,51,6,33,0,0,0,465
252,169,83,6,33,0,0,0,767
630,315,315,6,33,0,0,0,323
416,209,207,6,33,0,0,0,1066
14,4,10,1,11,0,0,0,106
33,15,18,3,11,0,0,0,296
28,14,14,1,15,0,0,0,78
19,5,14,1,11,0,0,0.00826446280991736,121
9,3,6,1,11,0,0,0,100
6,3,3,1,15,0,0,0,89
8,4,4,1,15,0,0,0,55
9,3,6,1,11,0,0,0,92
25,7,18,2,11,0,0,0,143
19,5,14,1,11,0,0,0,165
64,40,24,2,11,0,0,0,147
57,18,39,2,8,0,0,0.00263852242744063,379
6,3,3,1,15,0,0,0,55
79,17,62,1,11,0,0,0,362
22,7,15,2,11,0,0,0,109
32,16,16,1,15,0,0,0,199
8,3,5,1,11,0,0,0,188
22,6,16,2,11,0,0,0.00409836065573771,244
14,6,8,2,11,0,0,0,92
43,10,33,2,11,0,1,0.00442477876106195,226
515,242,273,6,4,0,0,0,671
52,21,31,3,11,0,0,0,108
71,48,23,2,2,0,0,0.0072463768115942,138
30,11,19,2,11,0,0,0,239
4,2,2,1,15,0,0,0,47
14,4,10,1,11,0,0,0,79
14,4,10,1,11,0,0,0,90
7,3,4,1,11,0,0,0,88
7,3,4,1,11,0,0,0,144
12,4,8,1,11,0,0,0,183
27,11,16,2,11,0,0,0,539
49,19,30,2,11,0,0,0,461
6,3,3,1,14,0,0,0,84
25,9,16,1,11,0,0,0,248
100,32,68,1,11,0,0,0,1218
148,45,103,3,11,0,0,0,1236
16,5,11,1,11,0,0,0,189
110,43,67,2,11,0,0,0,1011
4,2,2,1,14,0,0,0,370
103,43,60,2,11,0,0,0,449
6,3,3,1,14,0,0,0,98
10,8,2,1,8,0,0,0,110
43,35,8,1,8,0,0,0,258
262,131,131,1,8,0,0,0,159
54,28,26,1,8,0,0,0,290
39,13,26,1,11,0,0,0.00143266475644699,698
60,25,35,3,11,0,0,0.00201612903225806,496
67,22,45,2,11,0,0,0,891
31,8,23,3,14,0,0,0,2413
18,11,7,3,8,0,0,0,118
57,6,51,3,14,0,0,0,105
4,2,2,1,61,0,0,0,460
16,8,8,3,20,0,0,0.00026048450117218,3839
26,13,13,4,14,0,0,0,3212
2,1,1,1,8,0,0,0,165
52,34,18,5,12,0,0,0,727
19,5,14,1,11,0,0,0,88
19,5,14,1,11,0,0,0,239
51,14,37,2,11,0,0,0,218
19,5,14,1,11,0,0,0,92
51,13,38,1,11,0,0,0,328
83,38,45,6,11,0,0,0.0134529147982063,223
49,11,38,1,11,0,0,0,310
383,146,237,3,11,0,0,0,709
56,28,28,1,15,0,0,0,633
13,3,10,1,100,0,0,0,130
26,13,13,1,15,0,0,0,134
28,10,18,2,11,0,0,0,272
198,80,118,4,11,0,0,0,773
121,25,96,2,11,0,0,0,541
64,14,50,1,11,0,0,0,366
96,70,26,3,12,1,0,0,260
712,193,519,10,10,1,0,0,2518
14,4,10,1,11,0,0,0,151
13,3,10,1,100,0,0,0,178
32,10,22,2,11,0,0,0.00224719101123596,445
68,20,48,3,11,0,0,0,321
929,466,463,5,2,0,0,0,1086
680,502,178,5,2,0,0,0,2727
925,458,467,5,2,0,0,0,515
21,6,15,2,11,0,0,0.00418410041841004,239
789,390,399,5,2,0,0,0,1252
92,19,73,2,11,0,1,0,624
14,4,10,1,11,0,0,0.00892857142857143,112
68,23,45,3,11,0,0,0,631
34,8,26,1,11,0,0,0,298
8,4,4,1,15,0,0,0,99
4,2,2,1,15,0,0,0,44
23,9,14,3,10,0,0,0,308
59,13,46,1,11,0,0,0,308
8,4,4,1,69,0,0,0,187
49,14,35,2,11,0,0,0,232
44,10,34,1,11,0,0,0,438
19,5,14,1,11,0,0,0,222
118,36,82,4,11,0,0,0.00623052959501558,321
19,7,12,2,11,0,0,0,119
19,5,14,1,11,0,0,0.00645161290322581,155
39,9,30,1,11,0,0,0.00325732899022801,307
99,34,65,2,11,0,0,0,202
24,6,18,1,11,0,0,0,78
24,6,18,1,11,0,0,0,189
46,27,19,4,11,0,0,0,1177
14,7,7,1,15,0,0,0,43
3,2,1,1,92,0,0,0,272
16,6,10,1,39,0,0,0,124
62,15,47,3,11,0,0,0,481
0,0,0,1,39,0,0,0,0
6,4,2,3,39,0,0,0,0
30,24,6,3,39,0,0,0,0
936,468,468,3,39,0,0,0,0
496,249,247,3,39,0,0,0,0
4,2,2,1,15,0,0,0,160
6,3,3,1,15,0,0,0,101
4,2,2,1,15,0,0,0,57
36,14,22,3,11,0,0,0,214
54,18,36,2,11,0,0,0,1078
308,89,219,7,11,0,0,0,1191
8,4,4,1,15,0,0,0,42
8,3,5,1,11,0,0,0,74
54,18,36,2,11,0,0,0,1074
310,84,226,6,11,0,0,0,1462
6,3,3,1,15,0,0,0,108
12,6,6,1,15,0,0,0,79
6,3,3,1,61,0,0,0,84
17,6,11,2,11,0,0,0,77
165,67,98,5,11,0,0,0,640
12,3,9,1,11,0,0,0,118
19,8,11,2,11,0,0,0,171
26,13,13,1,15,0,0,0,70
164,53,111,2,11,0,0,0,630
34,8,26,1,11,0,0,0,194
160,42,118,4,11,0,0,0.000737463126843658,1356
85,10,75,3,11,0,0,0,247
13,6,7,2,11,0,0,0,279
60,19,41,2,11,0,0,0.00203252032520325,492
14,7,7,1,15,0,0,0,148
24,6,18,1,11,0,0,0,206
10,5,5,1,15,0,0,0,51
52,24,28,3,11,0,0,0,209
6,5,1,1,14,0,0,0,202
108,28,80,2,11,0,0,0,711
505,187,318,7,11,0,1,0,1853
4,2,2,1,15,0,0,0,184
71,25,46,2,11,0,0,0,605
74,28,46,2,11,0,0,0,368
10,5,5,1,15,0,0,0,94
6,3,3,1,15,0,0,0,111
12,6,6,1,15,0,0,0,77
31,8,23,2,11,0,0,0,281
178,64,114,6,1,0,0,0,621
12,3,9,1,11,0,0,0,117
19,8,11,2,11,0,0,0,162
26,13,13,1,15,0,0,0,57
164,53,111,2,11,0,0,0,632
54,12,42,1,11,0,0,0,198
200,50,150,4,10,0,0,0.000727802037845706,1374
20,9,11,2,11,0,0,0,143
33,10,23,2,11,0,0,0,303
91,25,66,2,11,0,0,0.00153139356814701,653
12,6,6,1,15,0,0,0,78
24,6,18,1,11,0,0,0,216
10,5,5,1,15,0,0,0,51
37,11,26,3,11,0,0,0,178
118,30,88,2,11,0,0,0,751
4,2,2,1,15,0,0,0,111
104,55,49,1,2,0,0,0,512
162,122,40,1,2,0,0,0,921
526,265,261,1,2,0,0,0,314
292,149,143,1,2,0,0,0,577
71,25,46,2,11,0,0,0,605
14,7,7,1,15,0,0,0,83
3,2,1,1,155,0,0,0,113
6,4,2,2,121,0,0,0,85
13,1,12,1,121,0,0,0,122
6,5,1,1,7,0,0,0,159
167,70,97,6,22,0,0,0.00677200902934537,443
15,8,7,2,11,0,0,0,285
16,7,9,2,11,0,0,0,192
6,3,3,1,15,0,0,0,47
30,14,16,4,32,0,0,0,105
86,73,13,4,8,0,0,0,497
5,2,3,1,61,0,0,0,147
3,2,1,1,8,0,0,0,296
5,4,1,1,8,0,0,0,19
3,2,1,1,8,0,0,0,761
3,2,1,1,8,0,0,0,733
3,2,1,1,8,0,0,0,470
3,2,1,1,8,0,0,0,2814
1360,950,410,16,6,3,0,0,1380
112,102,10,3,79,1,0,0,155
0,0,0,2,78,1,0,0,0
5,4,1,1,103,0,0,0,80
12,6,6,1,87,0,0,0,459
92,48,44,4,17,0,0,0,308
337,241,96,7,3,0,0,0,1440
399,174,225,10,10,1,0,0,308
23,12,11,3,10,0,0,0,430
1103,535,568,19,10,2,0,0,761
69,34,35,3,10,0,0,0,209
1593,707,886,7,0,0,0,0,847
161,0,161,2,8,0,0,0,0
47,44,3,1,10,0,0,0,219
36,17,19,1,10,0,0,0,230
4,2,2,1,10,0,0,0,44
130,100,30,4,3,1,0,0,1279
22,11,11,1,4,0,0,0,685
37,19,18,1,10,0,0,0,141
124,83,41,3,4,0,0,0,813
8,4,4,1,84,0,0,0,146
277,116,161,12,10,1,0,0,597
18,9,9,2,4,0,0,0,107
23,13,10,2,7,1,0,0,347
8,4,4,1,4,0,0,0,149
31,25,6,1,10,0,0,0,160
50,24,26,3,2,0,0,0.00446428571428571,224
40,21,19,3,4,0,0,0,345
26,7,19,3,10,0,0,0,327
415,211,204,15,6,2,0,0,411
6,3,3,1,61,0,0,0,241
12,6,6,2,61,0,0,0,157
6,3,3,1,61,0,0,0,159
8,4,4,1,61,0,0,0,361
6,3,3,1,61,0,0,0,118
46,5,41,2,61,0,0,0,125
6,3,3,1,61,0,0,0,139
46,5,41,2,61,0,0,0,142
47,28,19,4,10,0,0,0,278
53,10,43,3,10,0,0,0,129
6,3,3,1,61,0,0,0,124
6,3,3,1,61,0,0,0,210
6,3,3,1,61,0,0,0,213
6,3,3,1,61,0,0,0,286
31,25,6,1,70,0,0,0,723
19,9,10,1,135,0,0,0,430
92,33,59,6,10,0,0,0,948
8,4,4,2,14,0,0,0,80
31,15,16,3,30,0,0,0,256
178,82,96,4,10,0,0,0,1506
5,3,2,1,163,0,0,0,310
6,3,3,1,23,0,0,0,188
6,3,3,1,23,0,0,0,209
6,3,3,1,23,0,0,0,258
8,4,4,1,61,0,0,0,867
12,9,3,2,31,1,0,0,530
7,3,4,2,10,0,0,0,471
17,8,9,2,23,0,0,0,532
4,3,1,1,8,0,0,0,143
4,2,2,1,61,0,0,0,53
264,148,116,16,1,3,0,0.000943841434638981,2119
4,1,3,1,10,0,0,0,83
399,323,76,8,6,2,0,0.000244798041615667,4085
7,1,6,1,16,0,0,0,281
16,12,4,3,6,0,0,0,239
8,4,4,1,61,0,0,0,149
21,8,13,3,61,0,0,0,900
6,3,3,1,61,0,0,0,348
80,48,32,3,14,0,0,0,250
47,24,23,4,12,0,0,0,192
631,379,252,11,16,1,0,0,1804
4,2,2,2,78,0,0,0,133
4,2,2,1,46,0,0,0,58
175,85,90,5,37,0,0,0,905
6,3,3,1,46,0,0,0,76
73,38,35,2,46,0,0,0,289
46,23,23,3,46,0,0,0,575
44,19,25,1,46,0,0,0,347
116,52,64,4,38,0,0,0,1167
706,423,283,12,4,0,0,0,1600
8,5,3,2,17,0,0,0,48
8,4,4,1,61,0,0,0,286
8,4,4,1,61,0,0,0,322
399,284,115,7,3,0,0,0.00160642570281125,1245
6,3,3,1,61,0,0,0,189
6,3,3,1,61,0,0,0,447
4,2,2,1,111,0,0,0,177
44,35,9,2,10,0,0,0,367
79,44,35,5,3,0,0,0,448
4,2,2,1,163,0,0,0,127
6,3,3,1,61,0,0,0,248
19,9,10,3,43,0,0,0,183
147,61,86,5,5,0,0,0,345
16,7,9,2,10,0,0,0,436
16,7,9,2,10,0,0,0,460
23,14,9,3,10,0,0,0,298
29,6,23,2,10,0,0,0,270
39,14,25,2,10,0,0,0,403
36,10,26,2,10,0,0,0,419
161,62,99,5,3,0,0,0,477
15,7,8,2,10,0,0,0,664
8,4,4,1,61,0,0,0,263
8,4,4,1,61,0,0,0,263
6,3,3,1,61,0,0,0,223
6,3,3,1,61,0,0,0,402
4,2,2,1,61,0,0,0,156
8,4,4,1,61,0,0,0,905
6,3,3,1,61,0,0,0,230
54,25,29,6,14,0,0,0,1481
37,17,20,4,23,0,0,0,798
10,5,5,1,4,0,0,0,460
6,3,3,1,24,0,1,0,138
60,20,40,1,163,0,0,0.00234741784037559,426
266,139,127,8,29,0,0,0.00248447204968944,805
19,11,8,3,16,0,0,0,326
6,3,3,1,61,0,0,0,249
6,3,3,1,61,0,0,0,213
50,21,29,5,11,0,0,0,675
4,2,2,1,176,0,0,0,121
248,129,119,7,10,0,0,0,1306
59,17,42,2,14,0,0,0,244
13,8,5,2,85,0,0,0,769
11,5,6,1,72,0,0,0,186
73,32,41,4,37,0,0,0,136
36,12,24,2,160,0,0,0,750
2,2,0,1,28,0,0,0,715
61,39,22,6,4,0,0,0,1147
50,4,46,2,8,0,0,0,452
2,2,0,1,28,0,0,0,148
9,4,5,2,8,0,0,0,181
79,9,70,2,8,0,0,0,1105
5,4,1,2,8,0,0,0,353
9,6,3,3,8,0,0,0,143
5,4,1,2,8,0,0,0,59
284,10,274,3,8,0,0,0,804
28,5,23,2,8,0,0,0,138
11,5,6,2,8,0,0,0,305
80,12,68,4,4,0,0,0,260
2,2,0,1,28,0,0,0,78
18,10,8,4,8,1,0,0,184
45,4,41,2,8,0,0,0,214
181,62,119,3,8,0,0,0,104
2,2,0,1,28,0,0,0,85
11,7,4,3,4,0,0,0,137
91,5,86,2,8,0,0,0,328
33,6,27,2,8,0,0,0,127
60,46,14,2,16,0,0,0.0017636684303351,567
8,4,4,1,61,0,0,0,1027
8,4,4,1,61,0,0,0,236
8,4,4,1,61,0,0,0,202
8,4,4,1,61,0,0,0,301
8,4,4,1,61,0,0,0,190
8,4,4,1,61,0,0,0,185
6,3,3,1,61,0,0,0,237
4,2,2,1,61,0,0,0,168
10,5,5,1,61,0,0,0,285
8,4,4,1,61,0,0,0,533
8,4,4,1,61,0,0,0,298
8,4,4,1,61,0,0,0,360
8,4,4,1,61,0,0,0,347
12,6,6,2,11,0,0,0,361
101,47,54,9,11,0,0,0,1234
7,3,4,2,73,0,0,0,185
12,5,7,2,72,0,0,0,973
25,10,15,2,143,0,0,0,1086
8,4,4,1,163,0,0,0,515
24,10,14,3,72,0,0,0,1258
27,24,3,1,5,1,0,0,400
76,31,45,5,5,0,0,0,977
6,3,3,1,61,0,0,0,595
19,6,13,2,30,0,0,0,245
6,3,3,1,61,0,0,0,757
6,3,3,1,61,0,0,0,340
6,3,3,1,61,0,0,0,175
6,3,3,1,61,0,0,0,447
68,28,40,3,51,0,0,0,1519
12,6,6,2,4,0,0,0,128
6,3,3,1,61,0,0,0,207
14,7,7,2,61,0,0,0,492
6,3,3,1,87,0,0,0,1282
12,6,6,2,4,0,0,0,116
6,4,2,1,39,0,0,0,457
6,3,3,1,61,0,0,0,201
234,85,149,4,32,1,0,0,270
7,4,3,1,33,0,0,0,57
389,167,222,6,33,1,0,0,363
24,9,15,2,33,1,0,0,184
231,83,148,4,32,1,0,0,294
15,8,7,2,33,0,0,0,59
9,6,3,2,8,0,0,0.00255102040816327,392
6,3,3,1,61,0,0,0,109
5,4,1,1,8,0,0,0.0027027027027027,370
0,0,0,1,39,0,0,0,0
0,0,0,1,39,0,0,0,0
74,48,26,5,8,1,0,0,269
42,33,9,2,8,0,0,0,259
5,4,1,1,8,0,0,0,332
4,2,2,1,163,0,0,0,176
135,46,89,6,8,1,0,0,293
5,4,1,1,8,0,0,0.00242130750605327,413
9,6,3,2,8,0,0,0.00242130750605327,413
5,4,1,1,8,0,0,0.00213675213675214,468
5,4,1,1,8,0,0,0.00204918032786885,488
164,70,94,4,33,1,0,0,297
5,4,1,1,8,0,0,0,226
8,5,3,1,108,0,0,0,211
36,22,14,6,5,1,0,0,422
0,0,0,1,123,1,0,0,71
0,0,0,1,123,1,0,0,417
6,3,3,1,61,0,0,0,750
59,19,40,3,14,0,0,0,2645
48,18,30,7,18,0,0,0,0
0,0,0,1,18,0,0,0,0
55,28,27,2,18,0,0,0,658
4,2,2,1,163,0,0,0,208
11,5,6,2,61,0,0,0,560
17,9,8,3,59,0,0,0,1770
11,7,4,2,4,0,0,0,366
15,9,6,3,61,0,0,0,93
24,12,12,2,8,0,0,0,1296
6,3,3,1,8,0,0,0,209
14,7,7,2,61,0,0,0,992
8,4,4,1,61,0,0,0,3197
8,4,4,1,61,0,0,0,1252
8,4,4,1,61,0,0,0,2425
8,4,4,1,61,0,0,0,1467
8,4,4,1,61,0,0,0,1366
659,600,59,8,15,1,1,0,1588
4,2,2,1,94,1,0,0,263
7,6,1,1,37,0,1,0,106
8,4,4,1,61,0,0,0,2237
22,11,11,3,61,0,0,0,1475
8,4,4,1,61,0,0,0,137
18,9,9,2,61,0,0,0,568
10,5,5,2,61,0,0,0,543
10,5,5,1,61,0,0,0,777
8,4,4,1,61,0,0,0,576
6,3,3,1,115,0,0,0,606
6,3,3,1,115,0,0,0,625
10,5,5,1,61,0,0,0,432
45,5,40,2,10,0,0,0,1875
4,1,3,1,10,0,0,0,170
221,86,135,13,5,2,0,0,5333
41,11,30,2,23,0,0,0,538
16,6,10,3,23,0,0,0,127
6,3,3,1,61,0,0,0,521
14,7,7,2,23,0,0,0,506
6,3,3,1,61,0,0,0,817
15,7,8,2,10,0,0,0,570
8,4,4,1,61,0,0,0.000415282392026578,2408
4,2,2,1,61,0,0,0,260
26,11,15,3,10,0,0,0,103
11,2,9,1,100,0,0,0,43
198,118,80,8,33,1,0,0,3959
33,18,15,2,33,0,0,0,1009
76,41,35,3,33,1,0,0,465
24,11,13,3,61,0,0,0,2192
6,3,3,1,61,0,0,0,193
8,4,4,1,61,0,0,0,1964
34,17,17,3,14,0,0,0,573
4,2,2,1,175,0,0,0,138
34,14,20,3,30,0,0,0,1576
26,13,13,3,4,0,0,0,1033
69,15,54,4,30,0,0,0,1624
8,1,7,1,158,0,0,0,137
337,91,246,9,5,0,0,0.0008110300081103,2466
6,3,3,1,61,0,0,0,96
8,4,4,1,61,0,0,0,69
33,15,18,4,5,0,0,0,239
6,3,3,1,61,0,0,0,280
12,6,6,2,8,0,0,0,611
8,4,4,1,61,0,0,0,2246
50,23,27,4,30,0,0,0.000720980533525595,1387
4,2,2,1,61,0,0,0,1094
10,5,5,1,61,0,0,0,351
8,4,4,1,61,0,0,0,255
22,9,13,3,61,0,0,0,1595
6,3,3,1,61,0,0,0,157
14,7,7,2,61,0,0,0,1257
15,8,7,2,61,0,0,0,1396
19,18,1,1,84,0,0,0,266
28,14,14,3,61,0,0,0,2214
22,11,11,3,61,0,0,0,2085
13,7,6,2,61,0,0,0,2222
6,3,3,1,61,0,0,0,169
26,13,13,4,61,0,0,0.00045004500450045,2222
28,15,13,3,48,0,0,0,833
16,8,8,2,61,0,0,0,2175
62,57,5,3,33,0,0,0,93
45,21,24,4,61,0,0,0,1676
40,25,15,3,10,0,0,0,102
30,23,7,1,10,0,0,0,57
6,3,3,1,61,0,0,0,674
6,3,3,2,61,0,0,0,125
8,4,4,2,115,0,0,0,199
0,0,0,1,115,0,0,0,51
54,22,32,3,14,0,0,0,1514
10,5,5,2,14,0,0,0,229
191,80,111,7,2,2,0,0,2448
4,3,1,1,11,1,0,0,530
14,7,7,3,6,1,0,0,371
12,6,6,2,61,0,0,0,1924
14,7,7,2,61,0,0,0,930
147,129,18,3,10,0,0,0,288
6,3,3,1,61,0,0,0,1095
164,161,3,2,113,0,0,0,238
12,6,6,2,61,0,0,0,1429
6,3,3,1,61,0,0,0,299
6,3,3,1,61,0,0,0,346
6,3,3,1,61,0,0,0,1357
6,3,3,1,61,0,0,0,427
8,4,4,1,61,0,0,0,2801
6,3,3,1,61,0,0,0,85
6,3,3,1,61,0,0,0,161
8,4,4,1,61,0,0,0,1555
6,3,3,1,61,0,0,0,727
8,4,4,1,61,0,0,0,675
6,3,3,1,61,0,0,0,252
6,3,3,1,61,0,0,0,425
6,3,3,1,61,0,0,0,294
6,3,3,1,61,0,0,0,547
69,48,21,2,165,0,0,0,8350
23,13,10,1,165,0,0,0,2905
36,13,23,1,163,0,0,0,1478
17,11,6,4,61,0,0,0,387
5,4,1,1,165,0,0,0,1052
12,6,6,2,18,0,0,0,216
13,3,10,1,109,0,0,0,892
8,4,4,1,61,0,0,0,158
11,5,6,2,61,0,0,0,350
11,5,6,2,61,0,0,0,231
11,5,6,2,61,0,0,0,346
11,5,6,2,61,0,0,0,264
17,6,11,2,61,0,0,0,1050
4,2,2,1,61,0,0,0,80
30,20,10,3,61,0,0,0,426
8,4,4,1,61,0,0,0,70
5,3,2,1,71,0,0,0,97
8,4,4,1,61,0,0,0,681
10,5,5,2,61,0,0,0,212
6,3,3,1,61,0,0,0,1061
16,6,10,2,61,0,0,0,1979
8,4,4,1,61,0,0,0,2192
6,3,3,1,61,0,0,0,183
162,69,93,6,33,1,0,0.000514933058702369,1942
10,4,6,2,33,1,0,0,154
12,6,6,2,61,0,0,0,4033
6,3,3,1,61,0,0,0,216
48,16,32,2,61,0,0,0,2218
6,3,3,1,61,0,0,0,265
121,65,56,2,145,0,0,0,1204
3,2,1,1,145,0,0,0,190
35,34,1,1,145,0,0,0,4291
73,54,19,2,137,0,0,0,1359
20,11,9,3,29,0,0,0,268
10,5,5,1,61,0,0,0,273
53,24,29,3,14,0,0,0,989
6,3,3,1,61,0,0,0,415
4,2,2,1,61,0,0,0,244
224,97,127,4,79,0,0,0,2975
6,3,3,1,61,0,0,0,969
13,7,6,2,61,0,0,0,719
137,93,44,5,43,0,0,0,2722
22,14,8,1,43,0,0,0,265
670,241,429,8,33,1,0,0.000452898550724638,2208
26,13,13,4,33,1,0,0,195
8,4,4,1,61,0,0,0,1334
8,4,4,1,61,0,0,0,694
6,3,3,1,61,0,0,0,504
95,37,58,6,61,0,0,0,1963
34,18,16,1,172,0,0,0,251
6,3,3,1,61,0,0,0,357
20,12,8,2,61,0,0,0,354
6,3,3,1,61,0,0,0,246
65,41,24,4,10,1,0,0,733
5,4,1,1,10,0,0,0,117
11,3,8,1,109,0,0,0,795
6,3,3,1,61,0,0,0,504
32,13,19,3,61,0,0,0,3759
11,6,5,1,43,0,0,0,340
164,54,110,7,10,0,0,0,2935
6,1,5,1,10,0,0,0,175
76,45,31,7,10,0,0,0,3140
3,1,2,1,10,0,0,0,176
8,4,4,1,61,0,0,0,221
99,13,86,6,8,0,0,0.000988630746416213,2023
181,57,124,5,10,0,0,0,1576
6,1,5,1,10,0,0,0,300
202,91,111,8,3,1,0,0,4254
6,3,3,1,61,0,0,0,799
6,3,3,1,61,0,0,0,360
3,2,1,1,33,0,0,0,1101
37,24,13,2,3,0,0,0,523
16,8,8,2,61,0,0,0,1505
27,11,16,4,61,0,0,0,803
13,7,6,2,61,0,0,0,2036
6,3,3,1,61,0,0,0,1061
4606,3341,1265,5,43,0,0,0,3703
98,51,47,1,126,0,0,0,128
172,83,89,1,126,0,0,0,96
20,10,10,3,61,0,0,0,1559
48,24,24,5,61,0,0,0,1012
41,20,21,4,61,0,0,0,1574
6,3,3,1,61,0,0,0,194
51,41,10,4,2,0,0,0,375
4,3,1,1,2,0,0,0,29
6,3,3,1,61,0,0,0,858
4,2,2,1,61,0,0,0,287
16,8,8,2,61,0,0,0,1353
4,2,2,1,163,0,0,0,360
4,2,2,1,61,0,0,0,92
6,3,3,1,61,0,0,0,79
6,3,3,1,61,0,0,0,495
4,2,2,1,61,0,0,0,117
16,8,8,2,61,0,0,0,1818
40,20,20,5,61,0,0,0,6285
321,138,183,8,32,1,0,0,662
33,9,24,2,33,1,0,0,73
8,4,4,1,61,0,0,0,631
6,3,3,1,61,0,0,0,388
4,2,2,1,61,0,0,0,76
40,26,14,5,10,0,0,0,1498
6,3,3,1,61,0,0,0,127
25,16,9,3,61,0,0,0,1478
25,10,15,3,10,0,0,0,425
7,4,3,1,10,0,0,0,212
12,6,6,2,61,0,0,0,2404
8,4,4,1,61,0,0,0,1974
8,4,4,1,61,0,0,0,109
8,4,4,1,61,0,0,0,616
60,11,49,4,10,0,0,0,3273
4,1,3,1,10,0,0,0,287
34,20,14,4,37,0,0,0,425
7,4,3,2,40,0,0,0,208
148,53,95,4,30,0,0,0,1966
458,305,153,6,4,0,0,0,2431
12,6,6,1,44,0,0,0,432
51,34,17,2,44,0,0,0,349
861,475,386,4,44,0,0,0,1392
5,3,2,1,8,0,0,0,659
125,76,49,4,8,0,0,0,1036
19,10,9,3,8,0,0,0,262
45,27,18,4,8,0,0,0,573
774,385,389,6,10,0,0,0,3128
4,2,2,1,44,0,0,0,454
38,16,22,3,43,0,0,0,99
123,63,60,4,8,0,0,0,1131
13,8,5,1,44,0,0,0,71
180,109,71,4,8,0,0,0,3246
8,4,4,2,61,0,0,0,2875
5,4,1,2,8,0,0,0,341
3,2,1,2,8,0,0,0,679
144,76,68,7,4,0,0,0.000856898029134533,1167
8,4,4,1,61,0,0,0,796
8,4,4,1,61,0,0,0,267
6,3,3,1,61,0,0,0,262
8,4,4,1,61,0,0,0,171
8,4,4,1,61,0,0,0,177
133,70,63,5,10,0,0,0,435
8,4,4,1,61,0,0,0,1659
8,4,4,1,61,0,0,0.00458715596330275,218
8,4,4,1,61,0,0,0,245
8,4,4,1,61,0,0,0,128
19,6,13,2,61,0,0,0,146
6,3,3,1,61,0,0,0,360
8,4,4,1,61,0,0,0,185
16,8,8,2,61,0,0,0,248
14,7,7,2,61,0,0,0,714
6,3,3,1,61,0,0,0.00292397660818713,342
26,19,7,2,5,0,0,0,297
8,4,4,1,61,0,0,0,144
9,6,3,2,8,0,0,0,21
6,3,3,1,61,0,0,0,386
8,4,4,1,61,0,0,0,108
8,4,4,1,61,0,0,0,163
10,5,5,1,61,0,0,0,246
8,4,4,1,61,0,0,0,324
22,13,9,3,61,0,0,0,936
6,3,3,1,61,0,0,0,137
8,4,4,1,61,0,0,0,615
18,9,9,2,61,0,0,0,2648
8,4,4,1,61,0,0,0,170
40,18,22,4,61,0,0,0,1634
8,4,4,1,61,0,0,0,229
30,15,15,3,61,0,0,0,4151
8,4,4,1,61,0,0,0,235
8,4,4,1,61,0,0,0,528
6,3,3,1,61,0,0,0,157
10,5,5,1,61,0,0,0,510
8,4,4,1,61,0,0,0,411
8,4,4,1,61,0,0,0,284
8,4,4,1,61,0,0,0,815
10,5,5,1,61,0,0,0,708
10,5,5,1,61,0,0,0,943
16,8,8,2,61,0,0,0,761
10,5,5,1,61,0,0,0,401
8,4,4,1,61,0,0,0,290
12,6,6,2,14,0,0,0,1026
10,5,5,1,61,0,0,0,1014
26,11,15,3,61,0,0,0,1600
10,5,5,1,61,0,0,0,205
10,5,5,1,61,0,0,0,413
8,4,4,1,61,0,0,0,227
12,6,6,1,61,0,0,0,815
8,4,4,1,61,0,0,0,193
10,5,5,1,61,0,0,0,279
6,3,3,1,61,0,0,0,197
6,3,3,1,61,0,0,0,380
8,4,4,1,61,0,0,0,223
8,4,4,1,61,0,0,0,536
8,4,4,1,61,0,0,0,222
20,12,8,3,10,0,0,0,472
6,3,3,1,61,0,0,0,830
4,2,2,1,61,0,0,0,281
14,7,7,2,61,0,0,0,1292
6,3,3,1,61,0,0,0,508
4,2,2,1,61,0,0,0,501
6,3,3,1,61,0,0,0,459
6,3,3,1,61,0,0,0,607
6,3,3,1,61,0,0,0,393
6,3,3,1,61,0,0,0,445
405,209,196,8,34,2,0,0,0
124,61,63,8,6,1,0,0.00204918032786885,488
14,7,7,3,33,1,0,0.00699300699300699,143
80,50,30,3,34,2,0,0,0
9,6,3,2,8,0,0,0,46
6,3,3,1,61,0,0,0,114
24,17,7,2,61,0,0,0,157
8,4,4,1,61,0,0,0,246
234,126,108,6,14,0,0,0,1857
14,9,5,2,3,0,0,0,157
8,4,4,1,61,0,0,0,213
6,3,3,1,61,0,0,0,128
6,3,3,1,61,0,0,0,95
6,3,3,1,61,0,0,0,120
8,4,4,1,61,0,0,0,451
766,435,331,7,14,1,0,0.00154320987654321,648
6,3,3,1,61,0,0,0.0103092783505155,97
6,3,3,1,61,0,0,0.00833333333333333,120
6,3,3,1,61,0,0,0.0105263157894737,95
6,3,3,1,61,0,0,0.010752688172043,93
6,3,3,1,61,0,0,0.00854700854700855,117
10,5,5,1,61,0,0,0,500
6,3,3,1,61,0,0,0,445
12,6,6,2,61,0,0,0,228
21,13,8,3,3,0,0,0,301
6,3,3,1,61,0,0,0,426
8,4,4,1,61,0,0,0,222
30,15,15,4,14,0,0,0,528
10,5,5,1,61,0,0,0,299
6,3,3,1,61,0,0,0,183
10,5,5,1,61,0,0,0,2419
6,3,3,1,61,0,0,0,1477
46,19,27,2,61,0,0,0,123
364,149,215,5,32,1,0,0,375
16,8,8,1,33,0,0,0,96
15,10,5,2,3,0,0,0,532
8,4,4,1,61,0,0,0,396
8,4,4,1,61,0,0,0,267
20,10,10,2,61,0,0,0,352
6,3,3,1,61,0,0,0,255
8,4,4,1,61,0,0,0,166
65,37,28,4,33,1,0,0,180
8,4,4,1,61,0,0,0,421
8,4,4,1,61,0,0,0,282
8,4,4,1,61,0,0,0,1425
6,3,3,1,61,0,0,0,367
10,5,5,1,61,0,0,0,480
10,5,5,1,61,0,0,0,406
21,10,11,3,61,0,0,0,1143
16,8,8,2,61,0,0,0,1438
6,3,3,1,61,0,0,0,142
6,3,3,1,61,0,0,0,117
6,3,3,1,61,0,0,0,192
6,3,3,1,61,0,0,0,117
6,3,3,1,61,0,0,0,130
6,3,3,1,61,0,0,0,244
8,4,4,1,61,0,0,0,189
8,4,4,1,61,0,0,0,143
8,4,4,1,61,0,0,0,170
10,5,5,1,61,0,0,0,121
8,4,4,1,61,0,0,0,114
10,5,5,1,61,0,0,0,285
8,4,4,1,61,0,0,0,194
10,5,5,1,61,0,0,0,146
31,17,14,3,10,0,0,0,1046
6,3,3,1,61,0,0,0,420
6,3,3,1,61,0,0,0,547
14,7,7,2,61,0,0,0,407
6,3,3,1,61,0,0,0,362
6,3,3,1,61,0,0,0,539
6,3,3,1,61,0,0,0,574
12,6,6,2,61,0,0,0,609
6,3,3,1,61,0,0,0,83
6,3,3,1,61,0,0,0,481
6,3,3,1,61,0,0,0,390
6,3,3,1,61,0,0,0,377
6,3,3,1,61,0,0,0,107
6,3,3,1,61,0,0,0,89
6,3,3,1,61,0,0,0,170
8,4,4,1,61,0,0,0,207
6,3,3,1,61,0,0,0,186
19,9,10,3,4,0,0,0,725
110,69,41,6,14,0,0,0,926
165,48,117,2,43,0,0,0,500
5,3,2,1,158,0,0,0,205
16,8,8,2,16,0,0,0,1026
36,16,20,4,3,0,0,0,273
14,7,7,2,61,0,0,0,1438
40,17,23,4,30,0,0,0,1876
18,9,9,2,16,0,0,0,834
29,13,16,4,61,0,0,0,1927
6,3,3,1,61,0,0,0,179
8,4,4,1,61,0,0,0,175
8,4,4,1,61,0,0,0,322
50,20,30,4,61,0,0,0,753
42,14,28,3,61,0,0,0,918
8,4,4,1,61,0,0,0,444
8,4,4,1,61,0,0,0,231
6,3,3,1,61,0,0,0,439
6,3,3,1,61,0,0,0,259
10,5,5,1,61,0,0,0,386
6,3,3,1,61,0,0,0,222
8,4,4,1,61,0,0,0,255
6,3,3,1,61,0,0,0,323
6,3,3,1,61,0,0,0,173
4,2,2,1,61,0,0,0,81
22,9,13,3,72,0,0,0,512
51,30,21,5,3,0,0,0,1827
7,5,2,1,10,0,0,0,258
7,5,2,1,10,0,0,0,238
7,5,2,1,10,0,0,0,281
55,51,4,2,10,0,0,0,722
13,8,5,2,10,0,0,0,430
7,5,2,1,10,0,0,0,277
7,5,2,1,10,0,0,0,229
7,5,2,1,10,0,0,0,288
7,5,2,1,10,0,0,0,284
7,5,2,1,10,0,0,0,313
7,5,2,1,10,0,0,0,303
14,10,4,2,10,0,0,0,428
7,5,2,1,10,0,0,0,364
7,5,2,1,10,0,0,0,276
7,5,2,1,10,0,0,0,270
7,5,2,1,10,0,0,0,326
7,5,2,1,10,0,0,0,316
6,3,3,1,163,0,0,0,319
13,11,2,1,10,0,0,0,644
17,12,5,3,68,0,0,0,337
9,6,3,3,68,0,0,0,137
3,2,1,1,10,0,0,0,272
7,5,2,1,10,0,0,0,356
7,5,2,1,10,0,0,0,371
7,5,2,1,10,0,0,0,274
7,5,2,1,10,0,0,0,229
7,5,2,1,10,0,0,0,286
7,5,2,1,10,0,0,0,552
24,14,10,4,10,0,0,0,360
7,5,2,1,10,0,0,0,315
13,8,5,2,10,0,0,0,407
7,5,2,1,10,0,0,0,275
7,5,2,1,10,0,0,0,249
19,11,8,2,4,0,0,0,267
15,6,9,2,61,0,0,0,481
57,22,35,4,61,0,0,0,1179
6,3,3,1,61,0,0,0,909
20,8,12,2,61,0,0,0,577
10,5,5,1,61,0,0,0,288
6,3,3,1,61,0,0,0,257
8,4,4,1,61,0,0,0,354
20,10,10,3,61,0,0,0,401
8,4,4,1,61,0,0,0,296
8,4,4,1,61,0,0,0,644
8,4,4,1,61,0,0,0,949
8,4,4,1,61,0,0,0,204
8,4,4,1,61,0,0,0,207
8,4,4,1,61,0,0,0,356
18,12,6,2,16,0,0,0,442
6,3,3,1,61,0,0,0,225
8,4,4,1,61,0,0,0,168
8,4,4,1,61,0,0,0,183
8,4,4,1,61,0,0,0,275
6,3,3,1,61,0,0,0,134
8,4,4,1,61,0,0,0,153
8,4,4,1,61,0,0,0,413
12,6,6,2,61,0,0,0,160
8,4,4,1,61,0,0,0,200
8,4,4,1,61,0,0,0,177
27,9,18,3,30,0,0,0,375
42,17,25,4,63,0,0,0,565
6,3,3,1,163,0,0,0,489
107,95,12,2,42,0,0,0,294
18,16,2,2,42,0,0,0,117
114,51,63,3,105,0,0,0,451
5,4,1,1,8,0,0,0,116
8,3,5,2,105,0,0,0,85
162,53,109,6,33,2,0,0,242
117,91,26,4,10,0,0,0,555
0,0,0,1,38,0,0,0,61
0,0,0,1,38,0,0,0,129
0,0,0,1,38,0,0,0,58
8,4,4,1,61,0,0,0,863
8,4,4,1,61,0,0,0,253
8,4,4,1,61,0,0,0,206
121,89,32,8,10,1,0,0.000910746812386157,1098
6,3,3,1,61,0,0,0.00395256916996047,253
4,2,2,2,61,0,0,0,541
6,3,3,1,61,0,0,0,196
309,200,109,6,10,1,0,0,899
76,31,45,4,4,0,0,0.00246305418719212,406
6,3,3,1,61,0,0,0,228
6,3,3,1,61,0,0,0,276
62,57,5,4,25,0,0,0,286
4,3,1,1,137,0,0,0,267
29,18,11,3,4,0,0,0,1793
42,38,4,1,10,0,0,0.0130718954248366,153
20,8,12,3,61,0,0,0,248
166,84,82,2,114,0,0,0,380
6,3,3,1,114,0,0,0,72
48,14,34,2,61,0,0,0,1418
4,2,2,1,163,0,0,0,155
8,6,2,3,14,0,0,0,0
356,176,180,8,12,0,0,0.000649772579597141,1539
46,37,9,6,10,0,0,0.00225225225225225,444
3,2,1,3,14,0,0,0,0
8,4,4,1,153,0,0,0,454
6,3,3,1,61,0,0,0,238
64,17,47,2,10,0,0,0,1037
150,42,108,5,6,0,0,0.000580046403712297,1724
100,19,81,2,10,0,0,0,1792
6,1,5,1,10,0,0,0,143
38,17,21,2,10,0,0,0,1512
4,1,3,1,10,0,0,0,103
48,12,36,1,10,0,0,0,1124
6,1,5,1,10,0,0,0,84
362,232,130,2,10,0,0,0,2408
454,431,23,8,10,0,0,0.00087260034904014,3438
8,4,4,1,61,0,0,0,160
6,3,3,1,61,0,0,0,640
6,3,3,1,61,0,0,0,1312
14,6,8,2,61,0,0,0,4304
11,6,5,2,61,0,0,0,1911
4,2,2,1,61,0,0,0,761
6,3,3,1,61,0,0,0,1019
6,3,3,1,61,0,0,0,737
6,3,3,1,61,0,0,0,597
6,3,3,1,61,0,0,0,289
21,13,8,3,122,0,0,0,1001
6,3,3,1,61,0,0,0,352
8,4,4,1,61,0,0,0,1749
6,3,3,1,61,0,0,0,137
165,72,93,2,10,0,0,0,1726
147,59,88,2,10,0,0,0,1256
6,3,3,1,61,0,0,0,371
26,22,4,1,10,0,0,0,210
56,21,35,5,61,0,0,0,563
1,1,0,1,8,0,0,0,335
1,1,0,1,165,0,0,0,709
36,18,18,4,163,0,0,0,75
0,0,0,1,167,0,0,0,140
207,152,55,5,8,0,0,0,777
19,19,0,1,165,0,0,0,180
45,36,9,5,4,0,0,0,434
787,631,156,8,8,0,0,0,2810
0,0,0,1,163,0,0,0,93
1,1,0,1,8,0,0,0,484
1,1,0,1,8,0,0,0,310
16,9,7,2,163,0,0,0,200
42,29,13,5,4,0,0,0,1679
8,4,4,1,165,0,0,0,269
127,117,10,6,4,0,0,0,399
217,182,35,7,5,0,0,0,2845
80,60,20,3,8,0,0,0,3560
2,1,1,2,165,0,0,0,173
1,1,0,1,8,0,0,0,343
1,1,0,1,8,0,0,0,259
1,1,0,1,8,0,0,0,596
6,3,3,1,61,0,0,0,147
8,4,4,1,61,0,0,0,172
6,3,3,1,61,0,0,0,121
39,18,21,3,30,0,0,0,1648
8,4,4,1,61,0,0,0,143
3,3,0,1,8,0,0,0,112
21,12,9,2,4,0,0,0,826
3,3,0,1,8,0,0,0,148
4,2,2,1,4,0,0,0,282
27,15,12,2,4,0,0,0,299
15,9,6,2,4,0,0,0,405
49,26,23,2,4,0,0,0,1535
3,3,0,1,8,0,0,0,145
40,20,20,1,4,0,0,0,1052
3,3,0,1,8,0,0,0,144
47,25,22,2,4,0,0,0,926
9,6,3,2,4,0,0,0,1190
3,3,0,1,8,0,0,0,200
10,5,5,1,4,0,0,0,688
3,3,0,1,8,0,0,0,158
17,10,7,2,4,0,0,0,1186
3,3,0,1,8,0,0,0,206
11,7,4,2,4,0,0,0,956
3,3,0,1,8,0,0,0,146
2,1,1,1,4,0,0,0,525
3,3,0,1,8,0,0,0,110
47,25,22,2,4,0,0,0,1721
35,9,26,2,8,1,0,0,962
31,18,13,4,4,1,0,0,2268
3,3,0,1,8,0,0,0,151
19,17,2,2,4,1,0,0,1190
13,8,5,2,4,0,0,0,252
13,8,5,2,4,0,0,0,322
92,42,50,3,4,1,0,0,3194
3,3,0,1,8,0,0,0,1116
3,3,0,1,8,0,0,0,136
3,3,0,1,8,0,0,0,1172
3,3,0,1,8,0,0,0,129
3,3,0,1,8,0,0,0,307
3,3,0,1,8,0,0,0,426
3,3,0,1,8,0,0,0,130
17,11,6,2,4,0,0,0,748
5,4,1,1,8,0,0,0,97
5,5,0,1,8,0,0,0,279
23,14,9,2,4,0,0,0,403
14,10,4,2,4,0,0,0,153
6,6,0,1,8,0,0,0,368
5,5,0,1,8,0,0,0,1128
13,9,4,2,4,0,0,0,102
6,3,3,1,61,0,0,0,1957
97,42,55,5,10,0,0,0,335
68,22,46,2,10,0,0,0.000575705238917674,1737
3,1,2,1,10,0,0,0,136
73,17,56,2,10,0,0,0,1768
11,1,10,1,10,0,0,0,233
8,4,4,1,61,0,0,0,2022
8,4,4,1,61,0,0,0,865
8,4,4,1,61,0,0,0,141
141,93,48,3,10,0,0,0,191
61,52,9,3,18,0,0,0,277
6,3,3,1,61,0,0,0,294
8,4,4,1,163,0,0,0,3083
6,3,3,1,61,0,0,0,383
0,0,0,2,115,0,0,0,0
167,93,74,11,10,1,0,0,379
6,3,3,1,61,0,0,0,820
22,16,6,2,10,0,0,0,184
167,67,100,5,4,0,0,0,291
8,4,4,1,61,0,0,0,288
13,8,5,3,8,0,0,0,1529
565,291,274,10,10,2,0,0.000229410415232852,4359
16,9,7,3,10,0,0,0,2442
161,81,80,6,4,0,0,0,5684
27,11,16,3,61,0,0,0,5934
20,10,10,3,42,0,0,0,2425
10,5,5,1,61,0,0,0,240
8,4,4,1,61,0,0,0,252
10,5,5,1,61,0,0,0,199
10,5,5,1,61,0,0,0,435
53,18,35,2,9,0,0,0,543
15,8,7,2,61,0,0,0,216
0,0,0,1,3,0,0,0,0
6,3,3,1,61,0,0,0,334
111,21,90,3,10,0,0,0.000431965442764579,2315
5,1,4,1,10,0,0,0,175
392,146,246,6,10,0,0,0,2918
10,3,7,2,10,0,0,0,178
428,327,101,8,33,0,0,0,1448
10,5,5,1,61,0,0,0,361
19,11,8,3,8,0,0,0,7823
22,13,9,6,8,0,0,0.0008302200083022,2409
6,3,3,1,61,0,0,0,152
8,4,4,1,61,0,0,0,343
186,112,74,10,2,1,0,0.000521920668058455,1916
4,3,1,1,2,1,0,0.00529100529100529,189
19,10,9,3,2,1,0,0.0106382978723404,94
10,5,5,1,61,0,0,0,738
22,11,11,3,61,0,0,0,2234
8,4,4,1,61,0,0,0,190
54,16,38,5,8,0,0,0,308
124,31,93,3,10,0,0,0,227
8,4,4,1,61,0,0,0,275
8,4,4,1,61,0,0,0,268
1997,1102,895,12,3,1,0,0,3976
239,119,120,3,4,0,0,0,817
37,25,12,7,8,0,0,0,3086
29,16,13,4,61,1,0,0,1715
22,11,11,3,61,0,0,0,2034
422,181,241,5,42,0,0,0,2875
92,42,50,1,103,0,0,0,1248
16,8,8,2,61,0,0,0,1694
8,4,4,1,61,0,0,0,1669
22,9,13,3,61,0,0,0,2098
24,10,14,3,61,0,0,0,2268
16,8,8,2,61,0,0,0,1807
36,12,24,2,10,0,0,0,389
322,184,138,9,5,0,0,0,5118
5,4,1,1,113,0,0,0,733
1778,1008,770,23,10,1,0,0,3139
293,230,63,5,21,0,0,0,735
47,33,14,5,10,0,0,0,189
8,4,4,1,61,0,0,0,1303
18,9,9,2,61,0,0,0,1337
18,9,9,2,61,0,0,0,1326
8,4,4,1,61,0,0,0,262
12,6,6,2,61,0,0,0,208
22,11,11,2,61,0,0,0,343
12,6,6,2,61,0,0,0,368
30,22,8,1,176,0,0,0,1676
6,3,3,1,61,0,0,0,765
6,3,3,1,61,0,0,0,462
6,3,3,1,61,0,0,0,226
6,3,3,1,61,0,0,0,444
4,2,2,1,61,0,0,0,200
13,3,10,1,100,0,0,0,193
9,6,3,2,8,0,0,0,120
6,3,3,1,61,0,0,0,90
6,3,3,1,61,0,0,0,138
11,5,6,2,61,0,0,0,225
23,11,12,4,61,0,0,0,323
16,8,8,3,61,0,0,0,324
6,3,3,1,61,0,0,0,94
6,3,3,1,61,0,0,0,160
6,3,3,1,61,0,0,0,679
37,10,27,2,61,0,0,0,2448
4,2,2,1,163,0,0,0,345
228,41,187,2,93,0,0,0.00427350427350427,234
6,3,3,1,61,0,0,0,93
6,3,3,1,61,0,0,0,94
6,3,3,1,61,0,0,0,95
6,3,3,1,61,0,0,0,99
31,14,17,2,10,0,0,0,1024
116,67,49,10,15,1,0,0.00207900207900208,481
11,8,3,2,15,0,0,0,67
8,4,4,1,61,0,0,0,236
43,22,21,4,4,0,0,0,791
15,10,5,2,10,0,0,0,194
6,3,3,1,61,0,0,0.0108695652173913,92
6,3,3,1,61,0,0,0.0106382978723404,94
6,3,3,1,61,0,0,0.0105263157894737,95
6,3,3,1,61,0,0,0.0106382978723404,94
6,3,3,1,61,0,0,0.0106382978723404,94
644,329,315,14,3,1,0,0.000298775022408127,3347
12,9,3,2,33,0,0,0,266
22,6,16,3,3,0,0,0.00568181818181818,176
313,190,123,5,3,0,0,0,892
15,9,6,2,18,0,0,0,412
108,103,5,2,61,0,0,0,1362
405,338,67,39,10,0,0,0.000247157686604053,4046
1302,1181,121,39,10,0,0,7.16178471675141e-05,13963
11,2,9,1,100,0,0,0,69
14,10,4,2,21,0,0,0,758
11,6,5,3,10,0,0,0,253
8,4,4,1,61,0,0,0,634
116,70,46,5,10,0,0,0,879
94,49,45,6,8,0,0,0.00221238938053097,452
84,75,9,2,10,0,0,0,194
6,3,3,1,48,1,0,0,1276
10,7,3,2,26,0,0,0,792
0,0,0,1,42,0,0,0,200
109,64,45,10,18,0,0,0,3491
6,3,3,1,61,0,0,0,619
4,2,2,1,61,0,0,0,234
1,1,0,1,138,0,0,0,371
10,8,2,1,56,0,0,0,316
6,3,3,1,61,0,0,0,1448
11,8,3,1,56,0,0,0,320
8,4,4,1,61,0,0,0,1647
8,4,4,1,61,0,0,0,2643
6,3,3,1,61,0,0,0,3319
4,2,2,1,61,0,0,0,501
6,3,3,1,61,0,0,0,2008
9,6,3,2,8,0,0,0,2835
116,53,63,5,10,0,0,0,245
18,9,9,3,18,0,0,0,1582
6,3,3,1,61,0,0,0,331
53,38,15,5,10,0,0,0,315
297,131,166,6,30,1,0,0,406
250,149,101,8,2,3,0,0,964
12,6,6,2,18,0,0,0,1424
6,3,3,1,61,0,0,0,456
104,44,60,2,10,0,0,0,1718
101,48,53,3,10,0,0,0,709
6,4,2,1,163,0,0,0,624
116,51,65,5,10,0,0,0,643
4,2,2,1,163,0,0,0,72
7,4,3,2,8,0,0,0,1285
7,5,2,1,10,0,0,0,604
10,5,5,1,61,0,0,0,209
0,0,0,1,121,0,0,0,61
428,252,176,7,21,0,0,0,1058
415,243,172,11,21,0,0,0,1021
14,8,6,2,61,0,0,0,295
10,5,5,1,61,0,0,0,1003
8,4,4,1,61,0,0,0,196
14,7,7,2,61,0,0,0,452
8,4,4,1,61,0,0,0,206
23,12,11,2,10,0,0,0,234
10,5,5,1,61,0,0,0,267
11,4,7,1,109,0,0,0,1246
8,4,4,1,61,0,0,0,202
10,5,5,1,61,0,0,0,406
8,4,4,1,61,0,0,0,349
8,4,4,1,61,0,0,0,864
105,33,72,4,10,0,0,0.000303674460977832,3293
8,4,4,1,61,0,0,0,284
8,4,4,1,61,0,0,0,345
51,11,40,2,10,0,0,0,567
17,7,10,2,109,0,0,0,1267
14,7,7,2,61,0,0,0,423
6,3,3,1,61,0,0,0,494
4,2,2,1,61,0,0,0,316
4,2,2,1,61,0,0,0,246
4,2,2,1,61,0,0,0,259
8,4,4,1,61,0,0,0,793
8,4,4,1,61,0,0,0,255
6,3,3,1,61,0,0,0.00961538461538462,104
35,27,8,3,3,0,0,0,967
4,2,2,1,61,0,0,0,156
12,8,4,2,88,0,0,0,807
24,19,5,2,88,0,0,0,2600
8,4,4,1,61,0,0,0,389
183,180,3,2,61,0,0,0,177
8,4,4,1,61,0,0,0,205
8,4,4,1,61,0,0,0,425
8,4,4,1,61,0,0,0,771
6,3,3,1,61,0,0,0,144
6,3,3,1,61,0,0,0,121
6,3,3,1,61,0,0,0,116
8,4,4,1,61,0,0,0,150
8,4,4,1,61,0,0,0,133
6,3,3,1,61,0,0,0,375
6,3,3,1,61,0,0,0,529
12,6,6,2,61,0,0,0.0010482180293501,954
6,3,3,1,61,0,0,0,748
6,3,3,1,4,0,0,0.00145560407569141,687
18,8,10,1,14,0,0,0,652
4,2,2,1,61,0,0,0,162
18,4,14,1,14,0,0,0.00418410041841004,239
10,5,5,2,14,0,0,0,135
40,24,16,6,21,0,0,0,382
133,98,35,4,27,0,0,0,316
40,23,17,4,21,0,0,0,120
0,0,0,1,29,0,0,0,68
25,9,16,4,37,0,0,0,0
172,111,61,6,16,0,0,0,579
0,0,0,1,37,0,0,0,40
21,18,3,3,29,0,0,0,68
0,0,0,2,37,0,0,0,0
0,0,0,2,37,0,0,0,0
59,24,35,4,16,0,0,0.00216684723726977,923
23,7,16,2,30,0,0,0.0019723865877712,507
6,3,3,1,61,0,0,0,145
6,3,3,1,61,0,0,0,671
6,3,3,1,61,0,0,0,955
19,9,10,2,61,0,0,0,618
21,8,13,3,61,0,0,0,870
6,3,3,1,61,0,0,0,687
6,3,3,1,61,0,0,0,263
36,13,23,4,14,0,0,0,3866
48,23,25,3,61,0,0,0,1158
48,18,30,4,61,0,0,0,734
25,9,16,2,61,0,0,0,1066
8,4,4,1,61,0,0,0,364
6,3,3,1,61,0,0,0,473
19,10,9,3,23,0,0,0,426
20,10,10,3,23,0,0,0,1113
6,3,3,1,14,0,0,0,898
3,1,2,1,36,0,0,0,113
336,244,92,14,1,0,0,0.000274348422496571,3645
7,3,4,1,94,1,0,0,299
35,17,18,5,23,0,0,0.000550964187327824,1815
5,2,3,1,143,0,0,0,753
29,15,14,3,14,0,0,0,100
41,30,11,2,10,0,0,0,1365
31,22,9,1,10,0,0,0,533
25,9,16,3,30,0,0,0,206
14,8,6,2,14,0,0,0,1084
626,557,69,8,61,0,0,0,1078
24,10,14,3,61,0,0,0,1718
14,7,7,2,14,0,0,0,624
6,3,3,1,61,0,0,0,206
6,3,3,1,61,0,0,0,207
50,39,11,2,16,0,0,0.00164203612479475,609
478,320,158,4,16,0,0,0,2218
34,27,7,2,16,0,0,0,197
8,4,4,1,61,0,0,0,252
49,36,13,2,61,0,0,0,797
12,6,6,2,61,0,0,0,190
10,5,5,1,61,0,0,0,156
8,4,4,1,61,0,0,0,150
8,4,4,1,61,0,0,0,202
8,4,4,1,61,0,0,0,284
8,4,4,1,61,0,0,0,216
8,4,4,1,61,0,0,0,443
25,11,14,2,61,0,0,0,588
8,4,4,1,61,0,0,0,143
57,22,35,5,30,0,0,0,1866
6,3,3,1,61,0,0,0,1580
18,7,11,2,61,0,0,0,1270
8,4,4,1,61,0,0,0,394
47,17,30,4,30,0,0,0.000880281690140845,1136
56,21,35,3,61,0,0,0,1144
6,3,3,1,61,0,0,0,693
6,3,3,1,61,0,0,0,169
6,3,3,1,61,0,0,0,941
8,4,4,1,61,0,0,0,1126
14,9,5,2,10,0,0,0.00313479623824451,319
507,286,221,9,10,2,0,0,3490
4,2,2,1,151,0,0,0,58
6,3,3,1,14,0,0,0,1315
46,28,18,4,109,0,0,0,1201
8,6,2,1,10,0,0,0,1065
41,14,27,1,163,0,0,0.000380662352493338,2627
10,5,5,1,171,0,0,0,162
19,8,11,1,143,0,0,0,426
6,3,3,1,163,0,0,0,270
10,5,5,1,163,0,0,0.00115473441108545,866
145,71,74,7,10,0,0,0,2275
4,2,2,1,163,0,0,0,112
14,5,9,2,143,0,0,0,591
79,41,38,6,69,3,0,0,2407
39,24,15,3,14,0,0,0,1408
0,0,0,1,39,0,0,0,0
44,15,29,3,143,0,0,0,767
135,37,98,2,33,1,0,0,146
6,3,3,1,61,0,0,0,435
6,3,3,1,61,0,0,0,1500
6,3,3,1,61,0,0,0,329
8,4,4,1,72,0,0,0,447
6,3,3,1,14,0,0,0,231
8,4,4,1,163,0,0,0,1054
20,7,13,2,39,0,0,0,320
11,3,8,1,163,0,0,0,289
20,10,10,1,135,0,0,0,272
6,3,3,1,163,0,0,0,161
5017,3263,1754,58,14,5,0,0,1842
1815,963,852,46,29,1,0,0,688
87,39,48,4,12,0,0,0,123
84,36,48,5,33,0,0,0,151
581,276,305,26,29,2,0,0,161
1036,766,270,17,10,2,0,0,1018
133,56,77,4,14,0,0,0,214
3,2,1,1,151,0,0,0,46
172,91,81,6,3,0,0,0,483
152,93,59,9,3,1,0,0,172
6,3,3,1,61,0,0,0,345
6,3,3,1,61,0,0,0,515
8,4,4,1,61,0,0,0,795
8,4,4,1,61,0,0,0,796
8,4,4,1,61,0,0,0,682
8,4,4,1,61,0,0,0,427
8,4,4,1,61,0,0,0,442
8,4,4,1,61,0,0,0,1289
8,4,4,1,61,0,0,0,1345
20,11,9,3,61,0,0,0,1530
6,3,3,1,61,0,0,0,555
6,3,3,1,61,0,0,0,154
8,4,4,1,61,0,0,0,854
8,4,4,1,61,0,0,0,775
27,15,12,3,40,0,0,0,852
207,112,95,4,10,0,0,0,3252
9,5,4,2,10,0,0,0,164
6,3,3,1,102,0,0,0,518
29,14,15,2,61,0,0,0,2219
62,40,22,5,14,0,0,0,1793
4,2,2,1,14,0,0,0,287
36,23,13,2,14,0,0,0,1400
4,2,2,1,14,0,0,0,212
8,4,4,1,112,0,0,0,1342
135,81,54,7,10,1,0,0,2287
4,2,2,1,24,1,0,0,390
10,5,5,1,24,1,0,0,153
21,12,9,2,14,0,0,0,1617
4,2,2,1,14,0,0,0,205
36,22,14,4,59,0,0,0,2387
25,13,12,3,112,0,0,0,1615
4,2,2,1,114,0,0,0,191
39,24,15,5,59,0,0,0,2687
136,63,73,3,10,0,0,0,3447
4,3,1,1,10,0,0,0,159
11,7,4,2,8,0,0,0,340
361,234,127,6,3,0,0,0,1728
0,0,0,1,107,0,0,0,1023
27,12,15,3,30,0,0,0,1149
25,10,15,3,8,0,0,0,1061
158,81,77,3,55,0,0,0,621
35,19,16,3,10,0,0,0,2126
11,7,4,3,8,0,0,0.00396825396825397,252
185,75,110,4,10,0,0,0,3569
7,3,4,1,10,0,0,0,196
8,4,4,1,14,0,0,0,669
37,24,13,3,8,1,0,0.0015220700152207,657
43,25,18,3,10,0,0,0.00286532951289398,698
8,5,3,2,8,0,0,0,394
41,22,19,2,14,0,0,0,904
6,3,3,1,14,0,0,0,171
6,3,3,1,61,0,0,0,198
9,7,2,1,10,0,0,0.000539665407447383,1853
34,8,26,2,72,0,0,0,1716
52,50,2,1,66,1,0,0,636
4,1,3,1,158,0,0,0,129
35,22,13,2,8,0,0,0,402
6,4,2,1,123,0,0,0,849
103,45,58,8,10,0,0,0.000998003992015968,1002
6,3,3,1,61,0,0,0,401
17,11,6,2,18,0,0,0,551
9,7,2,1,77,1,0,0,149
3,2,1,1,77,1,0,0,60
12,6,6,2,61,0,0,0.000651465798045603,1535
189,132,57,16,4,0,0,0,2330
562,393,169,16,4,0,0,0,6501
24,13,11,2,61,0,0,0,1239
6,5,1,1,126,0,0,0,290
9,1,8,1,163,0,0,0.00314465408805031,318
22,13,9,3,14,1,0,0,781
5,2,3,1,55,0,0,0,590
23,13,10,2,14,0,0,0,1495
5,2,3,1,55,0,0,0,486
6,3,3,1,61,0,0,0,330
25,11,14,3,8,0,0,0,295
8,4,4,1,61,0,0,0,606
8,4,4,1,61,0,0,0,257
8,4,4,1,61,0,0,0,946
6,3,3,1,61,0,0,0,351
35,15,20,4,61,0,0,0,2642
35,15,20,4,61,0,0,0,2391
116,77,39,7,1,0,0,0,1825
4,2,2,1,163,0,0,0,221
18,10,8,2,61,0,0,0,65
9,6,3,3,114,0,0,0,523
387,212,175,6,6,0,0,0,2085
33,17,16,3,62,0,0,0,544
326,287,39,5,63,0,0,0,945
25,20,5,2,135,0,0,0,136
12,5,7,3,6,0,0,0,269
6,3,3,1,14,0,0,0,377
129,88,41,9,6,0,0,0,1807
5,4,1,1,10,0,0,0,626
41,22,19,4,10,0,0,0,824
123,87,36,9,2,1,0,0,415
13,7,6,2,61,0,0,0,84
6,3,3,1,61,0,0,0,87
8,4,4,1,61,0,0,0,124
243,243,0,2,10,0,0,0,243
40,28,12,1,10,0,0,0,300
15,13,2,1,10,0,0,0,437
244,232,12,1,10,0,0,0,680
36,11,25,1,10,0,0,0,514
148,148,0,2,10,0,0,0,148
50,27,23,1,10,0,0,0,444
6,3,3,1,10,0,0,0,374
18,12,6,1,10,0,0,0,390
4,2,2,1,10,0,0,0,139
198,99,99,1,10,0,0,0,472
10,3,7,1,10,0,0,0,247
53,35,18,1,10,0,0,0,793
677,372,305,1,10,0,0,0,1202
192,58,134,1,10,0,0,0,756
4,2,2,1,10,0,0,0,158
60,31,29,1,10,0,0,0,493
263,141,122,1,10,0,0,0,619
8,4,4,1,10,0,0,0,398
6,3,3,1,10,0,0,0,263
12,8,4,1,10,0,0,0,403
36,18,18,1,10,0,0,0,143
126,83,43,1,10,0,0,0,504
51,24,27,1,10,0,0,0,550
30,18,12,1,10,0,0,0,465
274,150,124,1,10,0,0,0,333
187,80,107,1,10,0,0,0,243
537,240,297,1,10,0,0,0,395
875,787,88,1,10,0,0,0,917
271,3,268,1,10,0,0,0,123
651,274,377,1,10,0,0,0,1454
133,87,46,1,10,0,0,0,942
243,243,0,2,10,0,0,0,243
12,7,5,1,10,0,0,0,595
253,129,124,1,10,0,0,0,486
112,56,56,2,8,0,0,0,1842
93,43,50,2,8,0,0,0,965
151,108,43,2,8,0,0,0,716
186,121,65,2,8,0,0,0,655
17,9,8,2,8,0,0,0,296
17,9,8,2,8,0,0,0,1073
75,38,37,2,8,0,0,0,625
66,55,11,2,8,0,0,0,600
31,19,12,2,8,0,0,0,616
57,35,22,2,8,0,0,0,559
49,31,18,2,8,0,0,0,525
43,21,22,2,8,0,0,0,653
109,67,42,2,8,0,0,0,636
149,83,66,2,8,0,0,0,513
136,89,47,2,8,0,0,0,1129
62,39,23,2,8,0,0,0,391
122,95,27,2,8,0,0,0,497
104,75,29,2,8,0,0,0,1047
68,48,20,2,8,0,0,0,753
89,32,57,2,8,0,0,0,304
558,246,312,2,8,0,0,0.00131752305665349,759
66,33,33,2,8,0,0,0.00117785630153121,849
135,80,55,2,8,0,0,0,794
85,57,28,2,8,0,0,0,1349
216,180,36,2,8,0,0,0,1015
143,55,88,2,8,0,0,0,838
144,90,54,2,8,0,0,0,1299
30,16,14,2,8,0,0,0,316
641,168,473,2,8,0,0,0,930
43,17,26,2,8,0,0,0,432
193,83,110,3,6,0,0,0,857
139,69,70,2,8,0,0,0,1377
274,156,118,2,8,0,0,0,768
222,118,104,2,8,0,0,0,1236
239,183,56,2,8,0,0,0,825
34,18,16,2,8,0,0,0,286
100,67,33,2,8,0,0,0,969
100,60,40,2,8,0,0,0,928
41,29,12,2,8,0,0,0,350
270,89,181,2,8,0,0,0,528
30,17,13,2,8,0,0,0,821
122,60,62,2,8,0,0,0,742
88,32,56,2,8,0,0,0,1222
45,22,23,2,8,0,0,0,479
183,120,63,2,8,0,0,0,1060
47,32,15,2,8,0,0,0,877
314,221,93,2,8,0,0,0,600
31,16,15,2,8,0,0,0,564
79,43,36,2,8,0,0,0,1182
58,33,25,2,8,0,0,0,745
34,18,16,2,8,0,0,0,381
32,19,13,2,8,0,0,0,445
47,27,20,2,8,0,0,0,679
91,38,53,2,8,0,0,0,612
33,17,16,2,8,0,0,0,381
77,37,40,2,8,0,0,0,643
48,18,30,2,8,0,0,0,816
36,18,18,2,8,0,0,0,760
25,13,12,2,8,0,0,0,389
27,14,13,2,8,0,0,0,306
200,78,122,2,8,0,0,0,423
219,147,72,2,8,0,0,0,562
78,18,60,2,8,0,0,0,281
32,19,13,2,8,0,0,0,549
340,176,164,2,8,0,0,0,1005
133,90,43,2,8,0,0,0,767
32,19,13,2,8,0,0,0,292
95,46,49,2,8,0,0,0,755
175,53,122,2,8,0,0,0,632
41,26,15,2,8,0,0,0,831
24,13,11,2,8,0,0,0,240
536,119,417,2,8,0,0,0,321
344,244,100,2,8,0,0,0,710
212,51,161,2,8,0,0,0,434
36,15,21,2,8,0,0,0,352
25,13,12,2,8,0,0,0,571
81,57,24,2,8,0,0,0,288
161,98,63,2,8,0,0,0,519
125,59,66,2,8,0,0,0,1225
86,46,40,2,8,0,0,0,392
186,97,89,2,8,0,0,0,895
75,42,33,2,8,0,0,0,479
22,14,8,2,8,0,0,0,360
38,20,18,2,8,0,0,0,874
1463,853,610,2,8,0,0,0,1190
53,41,12,2,8,0,0,0,593
89,41,48,2,8,0,0,0,770
51,26,25,2,8,0,0,0,378
21,12,9,2,8,0,0,0,431
23,12,11,2,8,0,0,0,366
19,10,9,2,8,0,0,0,197
169,60,109,2,8,0,0,0,478
18,10,8,2,8,0,0,0,484
36,19,17,2,8,0,0,0,720
33,18,15,2,8,0,0,0,530
59,30,29,2,8,0,0,0,874
18,10,8,2,8,0,0,0,295
18,10,8,2,8,0,0,0,346
18,10,8,2,8,0,0,0,318
125,50,75,2,8,0,0,0,291
18,10,8,2,8,0,0,0,328
22,12,10,2,8,0,0,0,676
132,71,61,2,8,0,0,0,879
416,242,174,2,8,0,0,0,717
710,0,710,2,8,0,0,0,0
527,526,1,3,8,0,0,0,525
212,211,1,3,8,0,0,0,210
602,0,602,2,8,0,0,0,0
420,0,420,2,8,0,0,0,0
695,347,348,2,8,0,0,0,688
402,0,402,2,8,0,0,0,0
531,360,171,2,8,0,0,0,599
640,387,253,2,8,0,0,0,681
609,102,507,2,8,0,0,0,375
728,76,652,2,8,0,0,0,487
37,23,14,2,8,0,0,0,430
967,966,1,3,8,0,0,0,965
59,35,24,2,8,0,0,0,1096
85,63,22,2,8,0,0,0,812
138,78,60,2,8,0,0,0,780
157,110,47,2,8,0,0,0,885
100,29,71,2,8,0,0,0,918
167,22,145,2,8,0,0,0,245
23,12,11,2,8,0,0,0,435
435,311,124,2,8,0,0,0,1323
105,51,54,2,8,0,0,0,469
40,21,19,2,8,0,0,0,769
217,141,76,2,8,0,0,0,776
68,41,27,2,8,0,0,0,474
733,732,1,3,8,0,0,0,731
93,41,52,2,8,0,0,0,642
81,48,33,5,93,2,0,0.000136276914690651,7338
47,29,18,2,78,1,0,0.000641848523748395,1558
20,15,5,3,8,0,0,0.000499001996007984,2004
18,9,9,1,78,1,0,0.00100300902708124,997
8,4,4,1,8,0,0,0,1433
5,3,2,1,8,0,0,0.0033003300330033,303
7,6,1,1,8,0,0,0.00150602409638554,664
5,3,2,1,8,0,0,0,347
5,4,1,1,8,0,0,0,438
23,13,10,3,93,2,0,0.00142247510668563,703
7,6,1,1,8,0,0,0.00148809523809524,672
278,203,75,4,8,3,0,0.000182315405651778,5485
10,7,3,2,78,2,0,0,471
5,3,2,1,8,0,0,0,123
7,6,1,1,8,0,0,0.000984251968503937,1016
6,5,1,1,8,0,0,0,536
7,6,1,1,8,0,0,0.00115074798619102,869
8,4,4,1,8,0,0,0,341
8,4,4,1,8,0,0,0,241
5,4,1,1,8,0,0,0.000680272108843537,1470
7,6,1,1,8,0,0,0.00165016501650165,606
159,82,77,4,78,4,0,0.000240153698366955,4164
10,4,6,1,96,1,0,0.00384615384615385,260
7,6,1,1,8,0,0,0.000975609756097561,1025
5,4,1,1,8,0,0,0,270
15,12,3,3,8,1,0,0,6534
9,6,3,2,8,0,0,0,969
9,6,3,2,8,0,0,0,3210
5,4,1,1,8,0,0,0,1887
5,4,1,1,8,0,0,0,551
5,4,1,1,8,0,0,0,2248
16,1,15,1,134,0,0,0,1636
18,9,9,2,23,0,0,0,253
6,3,3,1,70,0,0,0,259
194,83,111,10,11,0,0,0.00474495848161329,843
35,16,19,3,23,0,0,0.00106269925611052,941
23,5,18,2,141,0,0,0,119
20,10,10,2,23,0,0,0.00227790432801822,439
160,39,121,4,11,0,0,0,469
23,5,18,1,11,0,0,0,142
6,3,3,1,72,0,0,0.0013531799729364,739
225,104,121,12,11,0,0,0.00624349635796046,961
98,19,79,5,11,0,0,0.00100704934541793,993
0,0,0,1,30,0,0,0,0
0,0,0,1,30,0,0,0,0
0,0,0,1,30,0,0,0,0
18,14,4,2,172,0,0,0,153
9,8,1,2,172,0,0,0,133
0,0,0,1,173,0,0,0,185
10,6,4,3,168,0,0,0,64
0,0,0,1,173,0,0,0,53
0,0,0,1,173,0,0,0,26
0,0,0,1,173,0,0,0,210
0,0,0,1,173,0,0,0,31
0,0,0,1,173,0,0,0,73
0,0,0,1,173,0,0,0,40
0,0,0,1,173,0,0,0,70
320,220,100,6,72,1,0,0.0016025641025641,624
12,4,8,2,168,0,0,0,48
151,73,78,14,11,0,0,0,586
390,215,175,12,23,1,0,0,835
10,5,5,1,72,0,0,0.0034965034965035,286
28,7,21,3,86,0,0,0,122
16,8,8,2,23,0,0,0,324
25,11,14,3,23,0,0,0,281
14,7,7,1,72,0,0,0,368
165,72,93,12,11,0,0,0.00973574408901252,719
71,36,35,5,23,0,0,0.00166112956810631,602
37,13,24,3,133,0,0,0,199
4,3,1,1,8,0,0,0,168
28,14,14,3,23,0,0,0.0044543429844098,449
131,53,78,9,11,1,0,0.0027972027972028,715
35,10,25,3,11,0,0,0.000946073793755913,1057
5,4,1,1,8,0,0,0,2787
5,4,1,1,8,0,0,0,197
4,2,2,1,23,0,0,0,319
136,80,56,8,11,1,0,0.0013550135501355,738
30,15,15,1,72,0,0,0.00088339222614841,1132
72,36,36,3,23,0,0,0.000847457627118644,1180
203,91,112,11,11,0,0,0.00552995391705069,1085
185,99,86,5,23,0,0,0.00101214574898785,1976
3,2,1,1,86,0,0,0,252
4,2,2,1,70,0,0,0,331
6,3,3,1,172,0,0,0,168
33,17,16,3,70,0,0,0.00047438330170778,2108
225,109,116,11,11,0,0,0.00586510263929619,1023
25,7,18,3,23,0,0,0,977
64,32,32,4,11,0,0,0.00236406619385343,423
127,51,76,7,23,0,0,0.0025,400
190,80,110,4,23,0,0,0,942
1834,1000,834,23,14,0,0,0.00256629597946963,1169
726,311,415,31,11,0,0,0,589
87,46,41,8,32,0,0,0.00379506641366224,527
975,290,685,28,11,1,0,0,216
273,152,121,26,11,1,0,0,293
475,267,208,8,39,0,0,0,0
582,335,247,27,22,0,0,0.00121506682867558,823
2696,1486,1210,45,11,1,0,0,2682
80,43,37,3,23,0,0,0,452
36,18,18,3,14,0,0,0.00196463654223969,509
27,14,13,4,19,0,0,0,375
6,3,3,1,172,0,0,0,331
159,59,100,9,23,0,0,0.00216919739696312,461
78,37,41,3,11,0,0,0,1391
18,9,9,2,4,0,0,0,735
16,8,8,2,4,0,0,0.00609756097560976,164
17,9,8,3,23,0,0,0.00709219858156028,141
23,5,18,2,141,0,0,0,112
168,84,84,11,4,0,0,0.00224719101123596,445
123,59,64,5,4,0,0,0,798
60,30,30,3,11,1,0,0,544
82,39,43,4,27,1,0,0,277
502,257,245,8,11,1,0,0.00073909830007391,1353
309,146,163,13,11,1,0,0.00647948164146868,463
171,98,73,7,23,1,0,0,1499
7,4,3,1,70,0,0,0,262
5,4,1,1,8,0,0,0,489
130,63,67,9,8,1,0,0,2996
154,64,90,9,8,0,0,0.00255754475703325,782
53,27,26,4,8,0,0,0,1260
5,2,3,1,11,0,0,0,177
117,65,52,5,11,1,0,0,1239
113,46,67,6,11,0,0,0.00186567164179104,536
61,23,38,4,11,0,0,0.00146699266503667,2045
14,7,7,2,25,0,0,0,1220
8,4,4,1,72,0,0,0,236
12,6,6,1,163,0,0,0,489
29,17,12,1,16,0,0,0,828
99,68,31,4,16,0,0,0,870
14,7,7,2,11,0,0,0,620
14,7,7,2,5,0,0,0,346
52,27,25,4,23,0,0,0,417
0,0,0,1,39,0,0,0,0
302,175,127,27,11,1,0,0.0058411214953271,856
229,114,115,13,9,0,0,0.00133377792597533,2999
923,460,463,9,37,0,0,0,1274
97,49,48,5,11,1,0,0.00209643605870021,477
346,221,125,9,20,0,0,0.000909918107370337,1099
12,6,6,3,41,0,0,0,302
292,39,253,6,43,0,0,0.000688231245698555,1453
107,54,53,6,43,1,0,0.00854700854700855,351
64,37,27,3,11,1,0,0.00367647058823529,272
419,362,57,13,14,0,0,0.00275482093663912,363
339,211,128,7,11,0,0,0.00144230769230769,2080
40,21,19,5,14,0,0,0.00137362637362637,1456
209,117,92,12,11,0,0,0.00128040973111396,1562
192,102,90,12,19,0,0,0.000962463907603465,1039
153,73,80,12,14,1,0,0.00180831826401447,553
91,36,55,7,34,0,0,0.019047619047619,105
0,0,0,1,163,0,0,0,0
210,115,95,3,43,0,0,0.0053475935828877,187
428,282,146,7,11,0,0,0.000644745325596389,1551
1273,206,1067,13,13,0,0,0,816
564,402,162,21,6,0,0,0.0024330900243309,1644
61,28,33,5,14,0,0,0,998
23,6,17,1,38,0,0,0,317
12,6,6,2,151,0,0,0,0
232,139,93,12,13,0,0,0,919
10,5,5,1,61,0,0,0,1245
18,10,8,2,89,0,0,0,402
178,81,97,5,43,0,0,0,486
668,652,16,6,5,0,0,0,636
0,0,0,1,138,0,0,0,0
359,149,210,15,14,1,0,0.000688231245698555,1453
154,37,117,3,172,0,0,0,633
259,129,130,4,54,0,0,0,323
418,240,178,10,14,1,0,0.0018450184501845,1084
120,69,51,5,15,0,0,0.00140252454417952,713
149,69,80,9,14,0,0,0.00135013501350135,2222
194,99,95,10,14,0,0,0.00625,480
919,860,59,7,8,0,0,0.00124843945068664,801
140,134,6,2,114,0,0,0,208
282,144,138,9,10,0,0,0,1451
714,384,330,22,16,2,0,0.00521376433785193,959
44,7,37,1,126,0,0,0.000352733686067019,2835
59,23,36,4,11,0,0,0,1868
233,92,141,9,4,0,0,0,868
207,80,127,10,11,0,1,0.00138026224982747,1449
603,390,213,9,14,0,0,0.00149253731343284,670
6,4,2,1,20,0,0,0,369
64,30,34,4,14,0,0,0,495
25,16,9,2,115,0,0,0,322
36,17,19,4,11,0,0,0,1419
22,20,2,1,40,0,0,0,185
158,72,86,2,39,0,0,0,536
590,321,269,8,4,0,0,0.00127713920817369,783
348,193,155,13,14,1,0,0.000944287063267233,1059
583,540,43,9,3,0,0,0,2090
5,2,3,1,143,0,0,0,337
53,28,25,2,14,0,0,0,147
25,16,9,3,35,0,0,0,163
0,0,0,1,3,0,0,0,0
627,514,113,4,29,0,0,0,865
190,110,80,4,72,0,0,0,491
31,15,16,3,72,0,0,0,580
200,90,110,3,14,0,0,0,1182
0,0,0,1,144,0,0,0,109
12,7,5,2,42,0,0,0,264
596,371,225,15,11,0,0,0,813
273,186,87,3,14,0,0,0,411
1640,1067,573,12,6,0,0,0.00033955857385399,2945
416,204,212,5,42,0,0,0,1437
0,0,0,1,126,0,0,0,191
0,0,0,2,126,0,0,0,0
12,6,6,2,61,0,0,0,342
37,15,22,2,42,0,0,0,426
5,3,2,2,20,0,0,0,228
193,103,90,7,6,0,0,0,1411
423,246,177,10,14,0,0,0,307
282,273,9,5,43,0,0,0,264
0,0,0,1,126,0,0,0,0
95,50,45,8,19,0,0,0.000923361034164358,1083
694,359,335,7,14,0,0,0.000811688311688312,1232
404,276,128,11,17,1,0,0.00119189511323004,839
31,14,17,5,21,0,0,0,967
167,91,76,4,14,0,0,0,1543
8,4,4,1,89,0,0,0,175
79,37,42,6,42,0,0,0.00212314225053079,942
8,4,4,1,163,0,0,0.00131926121372032,758
103,72,31,1,163,0,0,0,260
4,2,2,2,8,0,0,0,95
992,494,498,8,37,0,0,0,540
619,444,175,4,24,0,0,0.000788022064617809,1269
611,461,150,8,11,0,0,0,1195
857,429,428,12,11,0,0,0.00111399925733383,2693
6,3,3,1,11,0,0,0,153
46,18,28,1,42,0,0,0,364
20,12,8,2,23,0,0,0.0024330900243309,411
285,122,163,4,14,0,0,0.000869565217391304,1150
21,15,6,2,30,0,0,0.00192307692307692,520
10,5,5,1,23,0,0,0,162
169,106,63,6,91,0,0,0.00178890876565295,559
52,27,25,2,35,0,0,0,1486
44,37,7,1,13,1,0,0,876
509,276,233,10,3,0,0,0,1854
26,18,8,4,85,1,0,0,1143
665,352,313,12,3,0,0,0.000821018062397373,1218
151,100,51,6,11,1,0,0.000714285714285714,1400
202,110,92,9,17,0,0,0.00158730158730159,1890
35,19,16,3,38,0,0,0,675
86,70,16,5,11,0,0,0,614
156,141,15,3,42,0,0,0,475
18,8,10,1,163,0,0,0.00213219616204691,938
106,51,55,10,11,1,0,0.00297914597815293,1007
1416,188,1228,20,18,1,0,0.0069204152249135,1734
590,535,55,8,23,0,0,0.00354924578527063,1127
856,476,380,15,11,0,0,0.00194390447098028,3601
191,160,31,6,17,0,0,0,616
280,126,154,9,11,0,0,0.00115606936416185,865
70,34,36,2,11,0,0,0,1081
1028,626,402,6,23,0,0,0,2116
53,34,19,4,23,0,0,0,432
15,10,5,3,86,0,0,0,52
0,0,0,1,27,0,0,0,0
4,3,1,1,153,0,0,0,232
21,10,11,2,86,0,0,0,320
105,57,48,3,28,0,0,0,1305
16,8,8,2,28,0,0,0,188
80,42,38,2,17,0,0,0,269
47,18,29,1,25,0,0,0,323
10,4,6,1,25,0,0,0,57
59,26,33,2,25,0,0,0,434
19,9,10,1,25,0,0,0,138
108,48,60,1,25,0,0,0,444
7,3,4,1,25,0,0,0,4
34,17,17,1,25,0,0,0,209
6,2,4,1,25,0,0,0,46
23,14,9,1,25,0,0,0,394
19,10,9,1,25,0,0,0,131
19,9,10,2,17,0,0,0,103
10,5,5,1,25,0,0,0,73
119,55,64,2,17,0,0,0,463
17,8,9,1,25,0,0,0,57
110,60,50,3,25,0,0,0,292
6,5,1,1,53,0,0,0,10
11,5,6,1,25,0,0,0,69
95,48,47,1,25,0,0,0,770
27,9,18,1,25,0,0,0,124
4,2,2,1,25,0,0,0,73
25,11,14,1,25,0,0,0,169
9,4,5,1,25,0,0,0,38
32,20,12,4,17,0,0,0,927
0,0,0,1,18,0,0,0,34
16,7,9,2,17,0,0,0,58
12,5,7,1,25,0,0,0,51
15,8,7,1,25,0,0,0,87
19,8,11,2,17,0,0,0,88
12,6,6,1,25,0,0,0,202
56,43,13,2,16,0,0,0,315
26,18,8,2,16,0,0,0,158
51,37,14,3,16,0,0,0,512
19,8,11,2,17,0,0,0,103
6,2,4,1,25,0,0,0,69
9,3,6,1,25,0,0,0,49
12,5,7,1,25,0,0,0,56
7,2,5,1,25,0,0,0,45
17,7,10,1,25,0,0,0,140
12,5,7,1,25,0,0,0,111
57,19,38,1,25,0,0,0,322
125,47,78,1,25,0,0,0,656
18,8,10,1,25,0,0,0,157
28,14,14,1,25,0,0,0,66
21,9,12,1,25,0,0,0,170
40,16,24,1,25,0,0,0.00416666666666667,240
21,9,12,2,17,0,0,0,99
78,35,43,1,25,0,0,0,441
4,2,2,1,25,0,0,0,69
10,5,5,2,16,0,0,0,51
4,2,2,1,25,0,0,0,64
4,2,2,1,25,0,0,0,63
4,2,2,1,25,0,0,0,295
10,4,6,1,25,0,0,0,47
5,3,2,1,25,0,0,0,72
8,5,3,1,25,0,0,0,173
138,58,80,2,17,0,0,0,410
4,2,2,1,25,0,0,0,48
26,10,16,1,25,0,0,0,270
76,42,34,3,18,1,0,0,873
6,3,3,1,25,0,0,0,231
107,40,67,2,25,0,0,0,550
4,2,2,1,25,0,0,0,49
21,9,12,2,17,0,0,0,96
6,3,3,1,61,0,0,0,132
6,3,3,1,0,0,0,0,94
6,3,3,1,0,0,0,0,71
6,3,3,1,0,0,0,0,72
6,3,3,1,0,0,0,0,69
10,5,5,1,0,0,0,0,95
10,5,5,1,0,0,0,0,103
10,5,5,1,0,0,0,0,102
6,3,3,1,0,0,0,0,72
6,3,3,1,0,0,0,0,68
6,3,3,1,0,0,0,0,68
12,6,6,1,0,0,0,0,108
6,3,3,1,0,0,0,0,69
6,3,3,1,0,0,0,0,72
6,3,3,1,0,0,0,0,85
6,3,3,1,0,0,0,0,88
6,3,3,1,0,0,0,0,88
6,3,3,1,0,0,0,0,90
6,3,3,1,0,0,0,0,87
6,3,3,1,0,0,0,0,87
6,3,3,1,0,0,0,0,89
6,3,3,1,0,0,0,0,86
6,3,3,1,0,0,0,0,87
15,7,8,2,0,0,0,0,88
6,3,3,1,0,0,0,0,85
6,3,3,1,0,0,0,0,86
6,3,3,1,0,0,0,0,89
6,3,3,1,0,0,0,0,88
6,3,3,1,0,0,0,0,86
6,3,3,1,0,0,0,0,86
6,3,3,1,0,0,0,0,85
6,3,3,1,0,0,0,0,90
6,3,3,1,0,0,0,0,104
6,3,3,1,0,0,0,0,86
6,3,3,1,0,0,0,0,85
8,4,4,1,28,0,0,0,79
675,353,322,10,33,0,0,0,381
6,3,3,1,0,0,0,0,82
12,6,6,1,0,0,0,0,191
13,3,10,1,100,0,0,0,188
6,3,3,1,0,0,0,0,77
10,5,5,1,0,0,0,0,115
10,5,5,1,0,0,0,0,105
10,5,5,1,0,0,0,0,106
0,0,0,1,173,0,0,0,75
10,5,5,1,0,0,0,0,106
10,5,5,1,0,0,0,0,105
10,5,5,1,0,0,0,0,105
10,5,5,1,0,0,0,0,106
10,5,5,1,0,0,0,0,106
10,5,5,1,0,0,0,0,105
10,5,5,1,0,0,0,0,105
10,5,5,1,0,0,0,0,106
10,5,5,1,0,0,0,0,106
10,5,5,1,0,0,0,0,106
10,5,5,1,0,0,0,0,106
33,6,27,2,0,0,0,0,86
10,5,5,1,0,0,0,0,108
6,3,3,1,0,0,0,0,80
10,5,5,1,0,0,0,0,105
10,5,5,1,0,0,0,0,105
10,5,5,1,0,0,0,0,162
10,5,5,1,0,0,0,0,106
48,29,19,2,70,0,0,0,329
87,34,53,7,23,0,0,0.00347222222222222,288
61,28,33,5,11,0,0,0,1084
25,12,13,2,14,0,0,0,603
0,0,0,1,63,0,0,0.000593471810089021,1685
1716,45,1671,5,14,0,0,0.00201207243460765,497
4,2,2,1,70,0,0,0,163
11,5,6,1,23,0,0,0,116
20,11,9,1,70,0,0,0.00256410256410256,390
34,17,17,2,11,0,0,0,309
8,4,4,1,70,0,0,0.000997008973080758,1003
6,3,3,1,70,0,0,0,413
86,34,52,6,23,0,0,0.00347222222222222,288
15,4,11,1,23,0,0,0,1538
102,45,57,8,11,0,0,0.00327868852459016,305
88,38,50,8,11,0,0,0.00352112676056338,284
129,51,78,8,23,0,0,0.00317460317460317,315
43,20,23,6,23,0,0,0.00141242937853107,708
16,9,7,2,42,0,0,0.00242718446601942,412
6,2,4,1,42,0,0,0,86
74,46,28,6,37,0,0,0.00656814449917898,609
76,10,66,3,4,0,0,0,217
69,40,29,2,42,0,0,0.00136612021857923,732
102,37,65,5,23,0,0,0.00314465408805031,318
195,101,94,6,23,0,0,0.000605693519079346,1651
333,128,205,11,17,0,0,0.00371287128712871,808
29,4,25,3,73,0,0,0.0078740157480315,127
170,105,65,4,11,0,0,0,350
17,8,9,2,23,0,0,0.0143540669856459,209
6,3,3,1,172,0,0,0,198
135,62,73,9,11,0,0,0.00305810397553517,327
12,6,6,2,115,0,0,0,687
95,42,53,7,11,0,0,0,939
6,3,3,1,115,0,0,0,240
42,20,22,3,109,0,0,0,273
6,3,3,1,163,0,0,0,95
39,19,20,3,14,0,0,0,1826
4,2,2,1,163,0,0,0,138
24,12,12,1,115,0,0,0,1126
327,200,127,16,13,2,0,0,1880
43,34,9,6,13,0,0,0,926
16,8,8,2,61,0,0,0,667
6,3,3,1,61,0,0,0,375
20,10,10,3,114,0,0,0,2239
6,3,3,1,163,0,0,0,321
39,26,13,3,111,0,0,0,105
26,14,12,3,111,0,0,0,870
9,4,5,1,91,0,0,0,305
74,29,45,7,8,0,0,0,699
37,15,22,3,94,0,0,0,68
96,45,51,7,72,0,0,0,1545
6,3,3,1,61,0,0,0,311
4,1,3,1,109,0,0,0,95
44,23,21,5,61,0,0,0,810
87,25,62,3,72,1,0,0,948
4,1,3,1,158,0,0,0,84
2595,1433,1162,24,21,3,0,0.000655737704918033,1525
175,82,93,9,26,0,0,0,164
33,16,17,4,61,0,0,0,350
23,13,10,2,111,0,0,0,781
12,6,6,2,61,0,0,0,469
66,19,47,5,61,0,0,0,1780
56,29,27,3,72,0,0,0,1503
7,1,6,1,158,0,0,0,81
4,1,3,1,158,0,0,0,165
90,22,68,4,39,0,0,0,1059
4,1,3,1,158,0,0,0,80
54,34,20,2,163,0,0,0,5570
5,4,1,1,8,0,0,0,483
13,7,6,2,61,0,0,0,730
142,45,97,10,39,0,0,0,1998
4,1,3,1,158,0,0,0,60
84,37,47,5,14,0,0,0,1293
11,2,9,1,100,0,0,0,39
4,1,3,1,109,0,0,0,125
47,24,23,5,61,0,0,0,686
18,9,9,3,14,0,0,0,1101
33,18,15,2,91,0,0,0,930
135,106,29,3,111,0,0,0,237
37,5,32,2,16,0,0,0,121
11,1,10,1,158,0,0,0,49
65,31,34,4,21,0,0,0.000763358778625954,1310
181,95,86,2,160,0,0,0,1085
237,139,98,6,70,0,0,0,1403
54,45,9,2,114,0,0,0,455
220,104,116,2,14,0,0,0.000819672131147541,1220
14,14,0,1,3,0,0,0,210
11,6,5,1,18,0,0,0,1068
14,13,1,1,3,0,0,0,694
5,4,1,1,8,0,0,0,119
7,3,4,1,21,0,0,0,2955
28,14,14,3,15,0,0,0,642
163,74,89,6,13,0,0,0.00115074798619102,869
4,2,2,1,14,0,0,0,70
9,2,7,1,111,0,0,0,105
6,4,2,1,111,0,0,0,109
8,4,4,1,93,0,0,0,149
18,3,15,1,29,0,0,0,93
116,58,58,9,21,0,0,0,2224
270,174,96,6,21,0,0,0,1012
56,22,34,2,21,0,0,0,306
86,50,36,5,39,0,0,0,1051
45,40,5,2,94,0,0,0,183
12,6,6,2,39,0,0,0,712
243,133,110,4,21,0,0,0,536
6,3,3,1,46,0,0,0,484
8,4,4,1,39,0,0,0,204
15,9,6,2,46,0,0,0,260
12,6,6,1,39,0,0,0,1109
17,9,8,3,29,0,0,0,424
8,5,3,1,46,0,0,0,417
12,7,5,2,46,0,0,0,1683
14,8,6,1,65,0,0,0,415
60,39,21,4,29,0,0,0,520
303,172,131,7,12,0,0,0.00124766063630692,1603
87,45,42,4,105,0,0,0,286
96,44,52,5,13,0,0,0,1218
11,8,3,2,91,0,0,0,597
8,7,1,1,21,0,0,0,56
37,15,22,3,3,0,0,0,962
15,11,4,3,3,0,0,0,157
93,52,41,4,75,0,0,0,469
8,4,4,1,15,0,0,0,589
8,4,4,2,14,0,0,0,321
125,71,54,8,8,0,0,0.000437445319335083,2286
3,2,1,1,8,0,0,0,265
19,8,11,1,121,0,0,0,469
8,4,4,2,75,0,0,0,0
0,0,0,1,75,0,0,0,0
36,16,20,3,40,0,0,0.00081366965012205,1229
94,33,61,7,23,1,0,0.000842105263157895,2375
90,44,46,6,22,1,0,0,3582
4,2,2,1,163,0,0,0,354
54,30,24,5,21,0,0,0.000502260170768458,1991
3,1,2,1,78,0,0,0,296
124,67,57,4,22,0,0,0,707
4,3,1,1,139,0,0,0,132
14,7,7,1,161,0,0,0,697
224,160,64,6,3,0,0,0.000225225225225225,4440
67,59,8,3,108,0,0,0,1716
47,25,22,3,139,0,0,0.000850340136054422,2352
387,278,109,8,3,0,0,0.000491642084562439,2034
29,22,7,3,139,0,0,0,942
36,18,18,4,22,0,0,0.000649772579597141,1539
6,3,3,1,61,0,0,0,998
73,40,33,1,88,1,0,0,580
6,3,3,1,61,0,0,0,988
50,19,31,3,10,2,0,0,734
33,9,24,1,48,0,0,0,735
188,79,109,7,15,0,0,0.000345542501727712,2894
235,118,117,10,13,0,0,0,2252
125,60,65,5,48,0,0,0,800
93,41,52,8,13,0,0,0,984
12,6,6,1,48,0,0,0,45
60,35,25,3,28,0,0,0,1113
25,15,10,2,91,0,0,0,460
11,6,5,2,23,0,0,0,1137
178,110,68,5,14,0,0,0,702
3,2,1,1,8,0,0,0,272
20,10,10,2,8,0,0,0,523
79,41,38,6,15,1,0,0.000518403317781234,1929
87,38,49,4,22,0,0,0.000515463917525773,1940
12,6,6,1,48,0,0,0,277
1015,500,515,3,43,0,0,0,3366
13,8,5,2,51,0,0,0,395
5,3,2,1,153,0,0,0,150
18,9,9,1,48,0,0,0,76
20,10,10,2,48,0,0,0,338
14,5,9,2,10,0,0,0,364
67,29,38,4,10,1,0,0,363
33,23,10,3,33,0,0,0.000266028198989093,3759
49,16,33,3,64,0,0,0,901
6,3,3,1,48,0,0,0,54
250,141,109,8,15,0,0,0,2389
12,6,6,3,111,0,0,0,443
90,41,49,7,33,0,0,0,1408
114,44,70,6,14,0,0,0,2084
134,55,79,6,22,0,0,0.00111856823266219,894
10,5,5,1,51,0,0,0,223
42,25,17,2,8,0,0,0,460
9,5,4,1,56,0,0,0,62
52,24,28,3,35,0,0,0.00217864923747277,459
214,65,149,3,10,1,0,0.000433463372345037,2307
27,22,5,1,175,0,0,0,795
111,56,55,1,5,1,0,0,492
42,15,27,3,61,0,0,0.0013262599469496,754
19,17,2,1,52,1,0,0,363
103,76,27,3,10,1,0,0.00307219662058372,651
1251,747,504,4,12,0,0,0.000243072435585805,8228
79,41,38,2,165,0,0,0,122
84,31,53,1,165,0,0,0,732
24,12,12,1,165,0,0,0,89
33,20,13,2,165,0,0,0,191
24,8,16,1,165,0,0,0,739
16,8,8,1,165,0,0,0,88
30,22,8,2,52,1,0,0.00076103500761035,1314
21,17,4,1,175,0,0,0.000957854406130268,1044
27,20,7,2,88,0,0,0.0015527950310559,644
56,35,21,3,12,1,0,0,762
6,5,1,1,8,0,0,0,178
6,3,3,1,61,0,0,0,373
10,5,5,1,4,0,0,0,309
4,2,2,1,66,0,0,0,157
6,3,3,1,14,0,0,0,1118
12,6,6,2,61,0,0,0,1229
14,7,7,1,163,0,0,0,403
22,11,11,1,163,0,0,0,479
12,6,6,2,14,0,0,0,1207
10,5,5,1,14,0,0,0,2017
7,3,4,1,15,0,0,0,587
6,3,3,1,153,0,0,0,672
47,23,24,5,15,0,0,0,1209
4,2,2,1,153,0,0,0,150
56,36,20,4,40,0,0,0,629
138,103,35,6,13,0,0,0,1022
16,9,7,2,28,0,0,0,255
8,4,4,1,40,0,0,0,668
149,108,41,2,12,0,0,0,290
84,43,41,4,108,0,0,0,784
8,5,3,2,14,0,0,0,190
6,3,3,1,40,0,0,0,1769
6,3,3,1,40,0,0,0,767
8,4,4,1,40,0,0,0,1009
6,3,3,1,40,0,0,0,873
7,4,3,1,40,0,0,0,817
6,3,3,1,163,0,0,0.00011768859597505,8497
21,15,6,1,12,0,0,0,475
55,41,14,1,12,0,0,0,131
14,5,9,1,163,0,0,0,735
33,17,16,2,162,0,0,0.00125628140703518,796
68,37,31,2,15,0,0,0,615
181,81,100,15,15,1,0,0,1344
45,22,23,2,110,0,0,0,752
10,5,5,1,112,0,0,0,847
7,5,2,1,164,0,0,0,151
49,19,30,3,11,0,0,0.00352941176470588,850
30,15,15,3,14,0,0,0.00613496932515337,326
17,9,8,2,23,1,0,0.0028169014084507,355
161,83,78,4,15,0,0,0,3436
312,186,126,7,15,1,0,0,2645
54,30,24,1,15,0,0,0,403
68,47,21,6,11,0,0,0.00033167495854063,3015
470,261,209,11,15,1,0,0,1405
32,20,12,7,15,1,0,0,316
205,98,107,11,23,0,0,0.00356188780053428,1123
150,76,74,7,2,0,0,0,3671
3,2,1,1,164,0,0,0,104
23,6,17,2,141,0,0,0,202
25,15,10,3,131,0,0,0,294
12,7,5,1,15,0,0,0,88
49,17,32,2,72,0,0,0.000796812749003984,1255
8,4,4,1,88,0,0,0,206
5,2,3,2,127,0,0,0,61
0,0,0,1,30,0,0,0,0
13,6,7,4,127,0,0,0,87
9,4,5,3,127,0,0,0,87
42,30,12,6,42,0,0,0,106
46,35,11,6,108,0,0,0,139
5,2,3,2,127,0,0,0,87
15,7,8,4,49,0,0,0,87
9,5,4,3,45,0,0,0,89
5,2,3,2,127,0,0,0,86
8,4,4,3,43,0,0,0,88
5,2,3,2,127,0,0,0,88
914,511,403,31,19,0,0,0,681
20,6,14,4,120,0,0,0,42
0,0,0,1,136,0,0,0,3
822,628,194,15,23,0,0,0.00168350168350168,594
55,45,10,6,92,0,0,0,86
0,0,0,1,133,0,0,0,47
9,7,2,3,49,0,0,0,47
0,0,0,1,54,0,0,0,48
45,29,16,7,16,0,0,0,53
0,0,0,1,49,0,0,0,38
0,0,0,1,136,0,0,0,39
4,2,2,2,49,0,0,0,38
17,12,5,3,11,0,0,0,158
50,46,4,4,127,0,0,0,0
272,194,78,19,38,0,0,0.00255754475703325,391
33,28,5,3,17,0,0,0,89
241,171,70,20,63,0,0,0,0
236,174,62,6,42,0,0,0,443
0,0,0,2,120,0,0,0,0
15,4,11,4,49,0,0,0,0
178,98,80,10,49,0,0,0,0
44,41,3,4,30,0,0,0,199
29,19,10,3,42,0,0,0,103
18,16,2,3,127,0,0,0.0125,80
0,0,0,1,133,0,0,0,1
4,3,1,2,115,0,0,0,3
0,0,0,1,128,0,0,0,1
0,0,0,1,127,0,0,0,1
0,0,0,1,133,0,0,0,1
0,0,0,1,133,0,0,0,1
0,0,0,1,125,0,0,0,1
0,0,0,1,133,0,0,0,1
0,0,0,1,133,0,0,0,1
0,0,0,1,125,0,0,0,1
0,0,0,1,133,0,0,0,1
0,0,0,1,133,0,0,0,1
0,0,0,1,127,0,0,0,1
0,0,0,1,133,0,0,0,1
0,0,0,1,133,0,0,0,1
0,0,0,1,133,0,0,0,1
0,0,0,1,128,0,0,0,1
0,0,0,2,133,0,0,0,0
0,0,0,2,133,0,0,0,0
0,0,0,2,133,0,0,0,0
0,0,0,2,133,0,0,0,0
0,0,0,1,132,0,0,0,55
46,35,11,4,42,0,0,0,151
638,556,82,23,11,0,0,0.00328407224958949,609
229,140,89,19,23,0,0,0,126
30,21,9,6,42,0,0,0,87
218,169,49,13,42,0,0,0,281
234,104,130,21,23,0,0,0.00245098039215686,408
38,7,31,6,63,0,0,0,65
669,484,185,24,18,0,0,0,670
142,118,24,9,45,0,0,0,264
108,88,20,12,30,0,0,0,130
185,154,31,6,30,0,0,0,337
12,6,6,1,28,0,0,0,127
8,4,4,1,28,0,0,0,52
9,5,4,2,28,0,0,0,0
138,120,18,5,18,0,1,0.00226757369614512,882
0,0,0,1,28,0,0,0,0
172,70,102,4,24,0,1,0,526
0,0,0,1,28,0,0,0,53
3,2,1,1,21,0,0,0,124
335,241,94,5,19,0,0,0,147
0,0,0,1,3,0,0,0,0
0,0,0,1,47,0,0,0,266
12,8,4,2,20,0,0,0,1439
29,19,10,5,17,0,0,0.00311526479750779,321
0,0,0,1,61,0,0,0,41
0,0,0,1,84,0,0,0,331
11,7,4,1,163,0,0,0,63
157,73,84,3,162,0,0,0,121
0,0,0,1,151,0,0,0,57
36,23,13,2,23,0,0,0,394
30,17,13,2,74,0,0,0,165
29,23,6,3,22,1,0,0,382
13,9,4,3,43,1,0,0,78
53,36,17,3,42,0,0,0,249
51,33,18,5,43,0,0,0,73
79,46,33,6,43,0,0,0,108
0,0,0,1,137,0,0,0,69
144,125,19,7,3,0,0,0,481
27,15,12,3,72,0,0,0,525
9,7,2,2,173,0,0,0,462
4,2,2,1,124,0,0,0,105
11,7,4,2,91,0,0,0,100
30,15,15,1,152,1,0,0,340
198,135,63,9,12,3,0,0,226
22,9,13,2,3,0,0,0,141
6,3,3,2,16,0,0,0.00403225806451613,248
4,3,1,1,72,0,0,0.0196078431372549,51
6,4,2,2,16,0,0,0,293
41,26,15,4,12,1,0,0,952
11,7,4,1,163,0,0,0,126
35,21,14,3,72,0,0,0.00518134715025907,193
26,17,9,4,16,0,0,0.00568181818181818,176
16,11,5,2,17,0,0,0,88
4,3,1,1,70,0,0,0.00740740740740741,270
1,1,0,2,122,0,0,0,463
0,0,0,1,39,0,0,0,0
119,110,9,5,16,0,0,0,101
34,19,15,5,24,0,0,0.00304878048780488,328
0,0,0,1,158,0,0,0,0
3,1,2,1,163,0,0,0,73
5,4,1,1,143,0,0,0,94
22,13,9,1,163,0,0,0,62
164,144,20,2,114,0,0,0,429
11,2,9,1,69,0,0,0,427
182,28,154,5,13,0,0,0,252
60,34,26,3,4,0,0,0,98
100,58,42,12,6,1,0,0.0127877237851662,391
0,0,0,1,36,0,0,0,106
3,1,2,1,38,0,0,0,121
17,6,11,1,42,0,0,0,91
30,13,17,3,39,0,0,0,1041
3,2,1,1,155,0,0,0,179
196,105,91,10,23,0,0,0.0104166666666667,384
7,3,4,3,21,0,0,0,104
4,3,1,1,42,0,0,0,56
33,15,18,3,14,0,0,0,213
100,68,32,8,11,0,0,0,260
209,135,74,29,9,0,0,0.0048661800486618,411
4,2,2,1,178,0,0,0,45
96,94,2,4,5,0,0,0,92
0,0,0,1,138,0,0,0,0
172,104,68,3,6,0,0,0,353
160,128,32,6,69,1,0,0,242
72,40,32,11,15,2,0,0.00160513643659711,623
0,0,0,1,179,0,0,0,59
23,21,2,2,8,0,0,0,694
21,8,13,1,56,0,0,0,96
46,28,18,1,32,0,0,0,124
42,21,21,4,81,1,0,0,141
14,7,7,1,28,0,0,0.00564971751412429,177
131,71,60,9,16,0,0,0.00888888888888889,225
21,8,13,3,70,0,0,0.0138888888888889,72
13,9,4,2,163,0,0,0,55
7,1,6,1,45,0,0,0,232
95,23,72,2,69,0,0,0,146
13,5,8,2,42,0,0,0,204
28,23,5,3,91,0,0,0,604
37,25,12,6,3,1,0,0,409
6,3,3,1,42,0,0,0,76
26,3,23,3,16,0,0,0,60
12,6,6,2,61,0,0,0,257
11,6,5,2,39,0,0,0,183
3,2,1,1,104,0,0,0,71
81,60,21,8,37,0,0,0,1188
4,3,1,1,38,0,0,0,150
500,474,26,8,37,0,0,0,2971
8,6,2,2,9,0,0,0.00152788388082506,1309
85,51,34,7,27,0,0,0.00201207243460765,497
40,18,22,7,24,0,1,0.00485436893203883,206
25,24,1,1,104,0,0,0,712
71,39,32,3,30,0,0,0.0034965034965035,286
11,8,3,2,103,0,0,0,354
31,3,28,2,112,0,0,0,52
13,12,1,1,132,0,0,0,109
15,13,2,2,65,0,0,0,219
20,18,2,1,132,0,0,0,105
13,6,7,1,43,0,0,0,107
3,2,1,1,163,0,0,0,81
7,4,3,2,6,0,0,0,68
107,61,46,8,17,0,0,0.00497512437810945,603
75,27,48,6,23,0,0,0,569
23,13,10,5,61,0,0,0,57
56,56,0,2,72,0,0,0,56
61,41,20,3,32,0,0,0,376
12,6,6,1,72,0,0,0.00154559505409583,647
25,12,13,1,72,0,0,0.00245098039215686,408
10,5,5,1,72,0,0,0,267
16,10,6,2,32,0,0,0,124
23,13,10,2,32,0,0,0,180
15,6,9,1,32,0,0,0,184
33,11,22,4,11,0,0,0,184
29,13,16,3,11,0,0,0.00178890876565295,559
55,30,25,5,11,0,0,0,1073
15,7,8,2,11,0,0,0.00240963855421687,415
6,3,3,1,72,0,0,0.00704225352112676,142
303,157,146,14,11,0,0,0.00571895424836601,1224
42,18,24,3,11,0,0,0.00121506682867558,1646
277,183,94,6,48,0,0,0.000961538461538462,2080
128,84,44,3,11,0,0,0.0018018018018018,1110
45,20,25,5,11,0,0,0.00469483568075117,213
43,19,24,5,11,0,0,0.00293255131964809,682
586,326,260,13,11,0,0,0.00135256988277728,2218
281,148,133,12,11,0,0,0.000499334221038615,6008
218,111,107,11,11,0,0,0.00388888888888889,1800
147,120,27,5,23,0,0,0.00121654501216545,822
12,6,6,2,26,1,0,0,728
12,6,6,2,70,0,0,0.000862068965517241,1160
34,15,19,4,7,0,0,0,686
10,5,5,1,72,0,0,0.00169204737732657,591
46,23,23,5,69,0,0,0.00343642611683849,873
12,7,5,2,7,0,0,0,331
24,12,12,4,11,0,0,0,296
60,27,33,5,11,0,0,0,909
63,28,35,5,7,0,0,0.00141043723554302,709
144,52,92,6,70,0,0,0.000356252226576416,2807
6,3,3,1,70,0,0,0,683
37,18,19,2,70,0,0,0.00333055786844296,1201
226,113,113,16,7,0,0,0.00285442435775452,2102
98,43,55,7,23,0,0,0,2438
21,8,13,3,139,0,0,0.0273972602739726,73
91,45,46,7,23,0,0,0.0189125295508274,423
17,6,11,2,23,0,0,0.00638977635782748,313
5,4,1,1,163,0,0,0,127
9,6,3,2,23,0,0,0,123
88,3,85,2,162,0,0,0,123
10,5,5,1,72,0,0,0,394
93,58,35,6,72,0,0,0.000874125874125874,1144
55,33,22,4,8,0,0,0,1311
32,15,17,3,23,0,0,0.00529100529100529,189
56,26,30,5,11,0,0,0,287
76,42,34,7,11,0,0,0.000728332119446468,1373
587,339,248,7,11,1,0,0.00099502487562189,1005
59,26,33,6,11,0,0,0.00192678227360308,519
26,14,12,2,23,0,0,0.0119521912350598,251
195,34,161,7,11,0,0,0.000442282176028306,2261
25,14,11,5,11,0,0,0,173
33,19,14,2,151,0,0,0,194
81,46,35,3,11,0,0,0,1607
12,7,5,1,151,0,0,0,285
41,23,18,4,36,0,0,0,461
97,50,47,7,18,0,0,0,1571
8,1,7,1,18,0,0,0,83
30,15,15,4,18,0,0,0,743
34,17,17,3,11,0,0,0,452
55,28,27,10,6,0,0,0,731
43,21,22,2,69,0,0,0,1965
298,198,100,7,43,0,0,0.00104712041884817,955
41,25,16,4,35,0,0,0,178
24,12,12,2,151,0,0,0,824
27,10,17,4,18,0,0,0,1182
366,265,101,11,6,1,0,0.000391696043869957,5106
218,59,159,2,150,0,0,0.00232558139534884,430
174,107,67,6,23,0,0,0,1273
102,90,12,4,65,0,0,0,284
10,5,5,1,18,0,0,0,116
229,120,109,5,20,0,0,0,1829
5,1,4,1,151,0,0,0,419
93,53,40,8,18,0,0,0,511
14,3,11,1,55,0,0,0,190
59,34,25,3,42,0,0,0.00103092783505155,970
13,9,4,1,140,0,0,0,1394
22,11,11,1,151,0,0,0,471
4,2,2,1,156,0,0,0,181
193,116,77,7,11,1,0,0,1797
190,34,156,7,18,0,0,0,430
0,0,0,1,37,0,0,0,306
0,0,0,1,37,0,0,0,130
0,0,0,1,37,0,0,0,67
0,0,0,1,37,0,0,0,74
0,0,0,1,37,0,0,0,59
0,0,0,1,37,0,0,0,71
0,0,0,1,37,0,0,0,136
0,0,0,1,37,0,0,0,167
0,0,0,1,37,0,0,0,150
0,0,0,1,37,0,0,0,130
0,0,0,1,37,0,0,0,59
0,0,0,1,37,0,0,0,93
0,0,0,1,37,0,0,0,122
0,0,0,1,37,0,0,0,117
0,0,0,1,37,0,0,0,281
0,0,0,1,37,0,0,0,211
0,0,0,1,37,0,0,0,222
0,0,0,1,37,0,0,0,135
0,0,0,1,37,0,0,0,59
0,0,0,1,37,0,0,0,66
0,0,0,1,37,0,0,0,121
0,0,0,1,37,0,0,0,148
0,0,0,1,37,0,0,0,59
0,0,0,1,37,0,0,0,63
0,0,0,1,37,0,0,0,81
0,0,0,1,37,0,0,0,67
0,0,0,1,37,0,0,0,69
4,2,2,2,16,0,0,0,225
0,0,0,1,37,0,0,0,153
0,0,0,2,30,0,0,0,0
0,0,0,1,30,0,0,0,193
5,3,2,2,30,0,0,0,70
5,3,2,2,30,0,0,0,293
5,3,2,2,30,0,0,0,74
0,0,0,1,37,0,0,0,411
0,0,0,1,37,0,0,0,70
0,0,0,1,37,0,0,0,65
0,0,0,1,37,0,0,0,91
0,0,0,1,37,0,0,0,193
0,0,0,1,37,0,0,0,80
0,0,0,1,37,0,0,0.024390243902439,82
0,0,0,1,37,0,0,0,77
0,0,0,1,37,0,0,0,62
0,0,0,1,37,0,0,0,55
0,0,0,1,37,0,0,0,301
0,0,0,1,37,0,0,0,115
0,0,0,1,37,0,0,0,220
0,0,0,1,37,0,0,0,58
0,0,0,1,37,0,0,0,58
233,163,70,7,50,1,0,0,906
10,7,3,1,41,0,0,0,17
0,0,0,1,153,0,0,0,3
0,0,0,1,134,0,0,0,18
37,18,19,1,178,0,0,0,117
47,23,24,3,75,0,0,0,742
3,1,2,1,154,0,0,0,38
6,3,3,1,154,0,0,0,110
14,9,5,2,4,0,0,0,487
14,9,5,2,4,0,0,0,795
5,3,2,1,94,0,0,0,553
0,0,0,1,40,0,0,0,300
0,0,0,1,40,0,0,0,48
6,3,3,2,4,0,0,0,265
0,0,0,1,40,0,0,0,202
33,22,11,2,0,0,0,0.00110497237569061,905
6,3,3,1,4,0,0,0,565
6,3,3,1,4,0,0,0,321
3,2,1,1,120,0,0,0,44
22,16,6,2,119,0,0,0,84
11,6,5,1,120,0,0,0,112
6,3,3,1,4,0,0,0,301
7,4,3,2,7,0,0,0,562
34,17,17,1,19,0,0,0,599
5,1,4,1,100,0,0,0,183
27,4,23,2,4,0,0,0,1708
5,2,3,1,7,0,0,0,208
4,3,1,1,40,0,0,0,526
8,2,6,1,7,0,0,0,496
5,4,1,1,7,0,0,0,167
15,14,1,1,7,0,0,0,297
40,21,19,3,4,0,0,0,479
84,50,34,2,4,1,0,0,302
4,2,2,1,170,1,0,0,95
11,6,5,2,4,0,0,0,1741
3,2,1,1,153,0,0,0,249
5,3,2,1,153,0,0,0,296
41,25,16,2,75,0,0,0,772
6,3,3,1,4,0,0,0,183
6,3,3,1,4,0,0,0,322
5,3,2,1,153,0,0,0,99
6,3,3,2,85,0,0,0,284
24,13,11,2,153,0,0,0,1896
18,11,7,1,153,0,0,0,173
6,3,3,1,4,0,0,0.0037243947858473,537
26,11,15,2,4,1,0,0,1067
105,68,37,3,14,0,0,0,1883
20,10,10,2,14,0,0,0,2131
14,8,6,3,14,0,0,0,355
6,3,3,1,17,0,0,0.000931098696461825,1074
14,7,7,1,14,0,0,0,1525
12,6,6,3,14,0,0,0.0454545454545455,44
6,3,3,1,4,0,0,0,130
422,226,196,4,28,2,0,0,863
27,19,8,3,4,0,0,0,347
6,3,3,1,13,0,0,0,230
5,3,2,1,13,0,0,0,110
10,5,5,1,13,0,0,0,361
6,3,3,1,4,0,0,0,221
21,16,5,2,33,0,0,0,369
6,3,3,1,4,0,0,0,99
7,4,3,2,4,0,0,0.00111358574610245,898
22,11,11,3,4,1,0,0,1027
6,3,3,1,42,0,0,0,469
21,12,9,1,140,0,0,0,783
5,2,3,1,75,0,0,0,404
6,4,2,1,75,0,0,0,313
6,3,3,1,4,0,0,0,232
26,13,13,3,4,0,0,0,410
8,4,4,1,4,0,0,0,316
6,4,2,1,75,0,0,0,383
6,3,3,1,51,0,0,0,600
32,10,22,1,53,0,0,0,713
244,203,41,5,50,0,0,0,1106
10,5,5,1,51,0,0,0,286
14,9,5,2,50,0,0,0,183
38,14,24,3,51,0,0,0,774
72,36,36,2,51,0,0,0,1257
39,30,9,3,53,0,0,0,457
8,4,4,1,51,0,0,0,187
21,10,11,3,51,0,0,0,241
353,179,174,1,53,0,0,0,363
34,17,17,3,51,0,0,0,536
583,389,194,8,35,0,0,0,1078
4,2,2,1,57,0,0,0,50
10,6,4,2,50,0,0,0,97
45,21,24,1,57,0,0,0,248
43,24,19,3,2,0,0,0,982
69,42,27,3,4,0,0,0,1372
17,8,9,1,57,0,0,0,469
329,214,115,4,5,0,0,0,1063
3,2,1,1,50,0,0,0,62
8,4,4,1,51,0,0,0,226
26,13,13,1,57,0,0,0,658
62,32,30,3,51,0,0,0,1172
18,9,9,1,57,0,0,0,279
31,19,12,1,57,0,0,0,653
20,10,10,2,51,0,0,0,710
18,9,9,2,50,0,0,0,484
231,138,93,4,50,0,0,0,709
8,4,4,1,51,0,0,0,156
47,33,14,2,53,0,0,0,746
26,13,13,1,57,0,0,0,1700
6,3,3,1,53,0,0,0,182
7,4,3,1,75,0,0,0.00141643059490085,706
6,1,5,1,66,0,0,0,154
159,99,60,9,66,1,0,0.000342817963661296,2917
3,2,1,1,79,1,0,0,263
49,39,10,3,67,1,0,0.0010840108401084,1845
15,9,6,3,72,1,0,0.00212765957446809,470
10,7,3,3,65,0,0,0,203
199,126,73,8,58,1,0,0.000736105999263894,2717
41,34,7,2,65,0,0,0,473
330,268,62,6,67,0,0,0,3836
15,4,11,1,75,0,0,0,914
5,2,3,1,85,0,0,0,475
11,6,5,2,4,0,0,0,161
6,3,3,1,4,0,0,0,206
6,3,3,1,4,0,0,0,92
6,3,3,1,14,0,0,0,329
12,8,4,1,162,0,0,0,934
12,5,7,2,39,0,0,0.00374531835205993,267
11,5,6,1,153,0,0,0,450
0,0,0,1,53,0,0,0,344
0,0,0,1,53,0,0,0,47
205,39,166,3,63,0,0,0,201
195,98,97,2,4,0,0,0,1029
18,6,12,1,136,0,0,0,484
6,3,3,1,4,0,0,0,124
3,2,1,1,66,0,0,0,164
24,20,4,1,66,0,0,0,942
8,4,4,1,66,0,0,0,486
6,3,3,1,4,0,0,0,579
19,9,10,3,70,0,0,0,831
6,3,3,1,4,0,0,0,507
6,4,2,1,66,0,0,0,1872
9,5,4,1,155,0,0,0,748
6,3,3,1,4,0,0,0,181
6,3,3,1,4,0,0,0,387
6,3,3,1,4,0,0,0,251
61,44,17,3,101,1,0,0,410
19,8,11,2,43,0,0,0,695
8,5,3,2,4,0,0,0,883
6,3,3,1,4,0,0,0,362
146,106,40,4,53,0,0,0,0
42,24,18,3,53,0,0,0,0
393,122,271,1,63,0,0,0,585
178,90,88,1,63,0,0,0,560
0,0,0,1,63,0,0,0,63
0,0,0,1,63,0,0,0,35
6,3,3,1,124,0,0,0,1249
17,9,8,2,43,0,0,0,1267
6,3,3,1,4,0,0,0,233
6,3,3,1,4,0,0,0,261
6,3,3,1,4,0,0,0,468
22,11,11,3,4,2,0,0,654
135,79,56,2,14,0,0,0,1712
10,5,5,1,44,0,0,0,123
6,3,3,1,4,0,0,0,160
6,3,3,1,4,0,0,0,373
36,20,16,2,4,1,0,0,329
6,3,3,1,4,0,0,0.0015625,640
61,37,24,1,174,0,0,0,1164
18,11,7,1,82,0,0,0,1247
49,21,28,1,4,0,0,0,372
8,4,4,1,4,0,0,0,474
2,1,1,1,158,0,0,0,69
13,5,8,1,53,0,0,0,345
6,3,3,1,4,0,0,0,692
119,89,30,3,21,0,0,0,1156
58,29,29,2,30,0,0,0,265
13,7,6,1,124,0,0,0,280
6,3,3,1,124,0,0,0,238
8,4,4,1,124,0,0,0,808
65,50,15,2,17,0,0,0,464
6,3,3,1,4,0,0,0,185
0,0,0,1,137,0,0,0,188
5,2,3,1,47,1,0,0,95
6,3,3,1,4,0,0,0,223
207,173,34,6,33,0,0,0.00164203612479475,609
2538,1401,1137,34,33,4,0,0.00128865979381443,776
8,5,3,2,33,0,0,0,69
3,2,1,1,4,0,0,0,870
115,93,22,1,43,0,0,0,809
85,46,39,1,43,0,0,0,428
0,0,0,1,43,0,0,0,10
0,0,0,1,43,0,0,0,272
82,48,34,3,179,1,0,0,550
10,5,5,1,4,0,0,0,477
16,8,8,1,178,0,0,0,559
6,3,3,1,4,0,0,0,366
11,9,2,1,102,0,0,0,868
6,3,3,1,4,0,0,0,215
9,7,2,1,158,0,0,0,250
133,100,33,2,157,0,0,0,791
19,16,3,1,18,1,0,0,499
20,9,11,2,77,0,0,0,343
6,3,3,1,4,0,0,0,158
14,7,7,2,4,0,0,0,763
6,3,3,1,4,0,0,0,163
3,2,1,1,4,0,0,0,977
6,3,3,1,4,0,0,0,266
6,3,3,1,4,0,0,0,287
36,22,14,4,14,1,0,0,413
5,4,1,1,7,0,0,0,438
6,3,3,1,4,0,0,0,723
74,36,38,2,161,0,0,0,715
12,9,3,1,178,0,0,0,1337
16,12,4,2,136,0,0,0,979
287,175,112,4,4,0,0,0,340
0,0,0,1,156,0,0,0,0
0,0,0,1,156,0,0,0,0
0,0,0,1,156,0,0,0,0
0,0,0,1,156,0,0,0,0
0,0,0,1,156,0,0,0,0
0,0,0,1,156,0,0,0,0
0,0,0,1,156,0,0,0,0
0,0,0,1,156,0,0,0,0
0,0,0,2,156,0,0,0,0
0,0,0,1,156,0,0,0,0
0,0,0,1,156,0,0,0,0
0,0,0,1,156,0,0,0,0
0,0,0,1,156,0,0,0,0
0,0,0,1,156,0,0,0,0
0,0,0,1,156,0,0,0,0
0,0,0,1,156,0,0,0,0
0,0,0,1,156,0,0,0,0
0,0,0,1,156,0,0,0,0
0,0,0,1,156,0,0,0,0
0,0,0,1,156,0,0,0,0
0,0,0,1,156,0,0,0,0
0,0,0,1,156,0,0,0,0
64,52,12,2,133,0,0,0,236
0,0,0,1,156,0,0,0,0
0,0,0,1,156,0,0,0,0
0,0,0,1,156,0,0,0,0
0,0,0,1,156,0,0,0,0
0,0,0,1,156,0,0,0,0
18,8,10,2,156,0,0,0,0
0,0,0,1,156,0,0,0,0
0,0,0,1,156,0,0,0,0
0,0,0,1,156,0,0,0,0
6,6,0,1,156,0,0,0,6
0,0,0,1,156,0,0,0,0
0,0,0,1,156,0,0,0,0
0,0,0,1,156,0,0,0,0
0,0,0,1,156,0,0,0,0
0,0,0,1,156,0,0,0,0
0,0,0,1,156,0,0,0,0
0,0,0,1,156,0,0,0,0
0,0,0,1,156,0,0,0,0
0,0,0,1,156,0,0,0,0
8,4,4,3,156,0,0,0,0
0,0,0,1,156,0,0,0,0
0,0,0,1,156,0,0,0,0
128,57,71,6,4,1,0,0,331
58,31,27,5,10,0,0,0.00104058272632674,961
116,94,22,4,19,0,0,0,236
6,3,3,1,104,0,0,0,337
29,16,13,2,19,0,0,0,365
162,97,65,11,17,0,0,0,231
36,19,17,4,19,0,0,0,178
252,133,119,7,19,0,0,0,599
19,10,9,1,19,0,0,0,197
702,567,135,16,19,0,0,0,767
39,18,21,4,19,0,0,0,186
971,615,356,23,10,2,0,0,872
14,7,7,2,104,0,0,0,577
192,124,68,18,5,0,0,0,313
114,71,43,13,12,0,0,0,229
477,243,234,20,6,1,0,0,529
120,71,49,8,19,0,0,0,696
7,4,3,1,155,0,0,0,684
565,247,318,2,45,1,0,0,1223
69,33,36,2,4,0,0,0,223
287,130,157,2,45,1,0,0,855
16,8,8,1,45,0,0,0,20
283,133,150,1,45,0,0,0,348
6,3,3,1,4,0,0,0,630
6,3,3,1,114,0,0,0,228
3,2,1,1,114,0,0,0,1462
10,5,5,1,114,0,0,0,592
6,3,3,1,114,0,0,0,405
7,5,2,1,68,0,0,0,169
4,2,2,1,104,1,0,0,343
6,3,3,1,4,0,0,0,647
6,3,3,1,4,0,0,0,584
13,9,4,1,40,0,0,0,111
16,12,4,1,40,0,0,0,148
16,12,4,1,40,0,0,0,129
14,11,3,1,40,0,0,0,164
15,12,3,1,40,0,0,0,145
16,12,4,1,40,0,0,0,145
16,12,4,1,40,0,0,0,129
15,11,4,1,40,0,0,0,188
16,12,4,1,40,0,0,0,145
8,4,4,1,40,0,0,0,399
7,4,3,1,40,0,0,0,92
43,40,3,1,40,0,0,0,237
7,5,2,1,40,0,0,0,110
14,10,4,1,40,0,0,0,222
8,4,4,1,4,0,0,0,658
6,4,2,1,40,0,0,0,135
15,11,4,1,40,0,0,0,128
133,32,101,1,40,0,0,0,182
229,127,102,1,40,0,0,0,311
38,25,13,3,4,0,0,0.00239234449760766,418
52,26,26,3,178,0,0,0,164
30,17,13,4,1,0,0,0,1329
4,2,2,1,152,0,0,0,404
16,6,10,2,74,0,0,0.010752688172043,93
25,13,12,2,73,0,0,0,1044
11,9,2,1,152,0,0,0,699
4,3,1,1,152,0,0,0,739
40,21,19,3,13,0,0,0,2000
24,19,5,3,174,0,0,0,168
6,3,3,1,4,0,0,0,1881
13,8,5,1,162,0,0,0,585
12,9,3,1,112,0,0,0,351
2,1,1,1,4,0,0,0,912
6,3,3,1,4,0,0,0,827
7,4,3,2,4,0,0,0,170
180,110,70,1,165,0,0,0,1221
6,3,3,1,4,0,0,0,496
8,4,4,1,119,1,0,0,506
