CODECHURN,LOCADDED,LOCDELETED,REVISIONS,AGE,BUGFIXES,REFACTORINGS,ERROR_DENSITY,LOC
8,4,4,1,74,0,0,0,388
7,4,3,1,74,0,0,0,746
6,3,3,1,74,0,0,0,661
6,3,3,1,74,0,0,0,726
5,3,2,1,31,1,0,0,1454
8,4,4,1,75,0,0,0,93
8,4,4,1,74,0,0,0,560
9,5,4,1,74,0,0,0,184
12,6,6,2,94,0,0,0.00186915887850467,535
7,4,3,1,4,0,0,0,1490
6,3,3,1,4,0,0,0,917
6,3,3,1,4,0,0,0,1095
7,4,3,1,4,0,0,0,2221
10,5,5,1,4,0,0,0,1416
20,10,10,1,4,0,0,0,1364
6,3,3,1,4,0,0,0,318
6,3,3,1,4,0,0,0,2203
14,9,5,1,74,0,0,0,679
4,2,2,1,74,0,0,0,78
90,41,49,3,74,0,0,0,451
22,11,11,1,85,0,0,0,1730
8,4,4,1,74,0,0,0,1449
16,8,8,1,74,0,0,0,1134
4,2,2,1,22,1,0,0,334
14,4,10,1,22,1,0,0,1156
6,3,3,1,74,0,0,0,741
39,23,16,3,22,2,0,0,2140
24,16,8,1,22,1,0,0,1139
7,4,3,2,22,1,0,0,290
13,7,6,1,74,0,0,0,1406
37,16,21,5,31,1,0,0.000672494956287828,1487
23,12,11,3,31,1,0,0,770
16,8,8,1,74,0,0,0,582
8,4,4,2,100,2,0,0.000800640512409928,1249
31,21,10,3,101,1,0,0,1575
6,3,3,1,50,0,0,0,543
33,18,15,2,129,1,0,0,1481
6,3,3,1,101,0,0,0,398
14,5,9,2,31,1,0,0,452
14,7,7,1,101,0,0,0,543
74,37,37,5,101,3,0,0,1648
119,67,52,8,47,2,0,0,1458
4,3,1,1,35,0,0,0,1361
4,3,1,1,145,0,0,0,72
0,0,0,1,162,0,0,0,63
42,26,16,4,27,1,0,0,380
16,8,8,1,52,0,0,0,61
16,8,8,1,52,0,0,0,57
10,5,5,1,52,0,0,0,58
16,8,8,1,52,0,0,0,61
16,8,8,1,52,0,0,0,61
16,8,8,1,52,0,0,0,57
8,4,4,1,52,0,0,0,48
23,12,11,3,47,0,0,0,144
19,10,9,2,107,0,0,0,400
18,12,6,1,89,0,0,0,154
7,3,4,1,44,0,0,0,44
27,16,11,4,101,0,0,0,1202
16,13,3,1,114,0,0,0,270
22,7,15,1,44,0,0,0,287
33,11,22,1,44,0,0,0,324
37,15,22,1,44,0,0,0,357
6,3,3,1,44,0,0,0,74
7,3,4,1,45,0,0,0,62
7,3,4,1,45,0,0,0,60
8,3,5,1,45,0,0,0,68
8,3,5,1,45,0,0,0,80
7,3,4,1,45,0,0,0,61
7,3,4,1,45,0,0,0,69
7,3,4,1,45,0,0,0,60
8,3,5,1,45,0,0,0,68
8,3,5,1,45,0,0,0,67
7,3,4,1,45,0,0,0,69
7,3,4,1,45,0,0,0,248
7,3,4,1,45,0,0,0,59
7,3,4,1,45,0,0,0,60
7,3,4,1,45,0,0,0,284
7,3,4,1,45,0,0,0,61
7,3,4,1,45,0,0,0,60
7,3,4,1,45,0,0,0,55
7,3,4,1,45,0,0,0,57
7,3,4,1,45,0,0,0,60
32,16,16,3,163,0,0,0,229
0,0,0,2,164,0,0,0,0
37,20,17,4,4,0,0,0,70
7,5,2,1,42,0,0,0,210
15,9,6,2,42,0,0,0,167
95,74,21,3,4,0,0,0,309
39,19,20,1,116,0,0,0,222
19,16,3,1,94,0,0,0,627
71,51,20,3,15,0,0,0,1424
65,44,21,3,45,0,0,0,598
99,51,48,4,30,0,0,0,1216
52,42,10,2,116,0,0,0,427
72,37,35,4,101,0,0,0,193
20,13,7,2,85,1,0,0,8102
88,85,3,1,20,1,0,0,942
3,2,1,1,70,0,0,0,799
6,3,3,2,70,0,0,0,237
0,0,0,1,99,0,0,0,3292
53,52,1,1,145,0,0,0,899
10,6,4,2,145,0,0,0,222
116,113,3,2,145,0,0,0,2779
87,42,45,4,9,0,0,0,749
3,1,2,1,127,0,0,0,40
124,92,32,4,0,0,0,0,2733
3,2,1,1,48,0,0,0,235
3,2,1,1,127,0,0,0,42
37,10,27,1,48,0,0,0,137
4,2,2,1,48,0,0,0,39
58,18,40,3,96,0,0,0,399
5,1,4,1,127,0,0,0,146
1367,576,791,12,8,0,0,0,706
32,12,20,2,8,0,0,0,48
424,161,263,7,1,0,0,0,1525
100,72,28,4,48,0,0,0,538
674,218,456,4,48,0,0,0,4800
9,6,3,1,48,0,0,0,255
541,255,286,12,9,0,0,0,3721
16,6,10,2,9,0,0,0,425
127,38,89,3,48,0,0,0,1443
88,38,50,3,48,0,0,0,1394
14,8,6,2,96,0,0,0,2164
5,3,2,1,7,0,0,0,356
154,52,102,3,48,0,0,0,1891
38,11,27,4,9,0,0,0,1662
69,41,28,3,48,0,0,0,2568
33,21,12,3,9,0,0,0,144
36,17,19,3,9,0,0,0,1766
25,6,19,3,127,0,0,0,358
15,5,10,3,127,0,0,0,132
368,159,209,4,93,0,0,0,349
40,26,14,3,9,0,0,0,534
649,267,382,2,48,0,0,0,3200
55,15,40,2,48,0,0,0,218
1466,1151,315,11,47,0,0,0,3963
3,1,2,1,127,0,0,0,74
17,10,7,1,9,0,0,0,268
7,6,1,1,145,0,0,0,496
8,7,1,1,145,0,0,0,169
50,9,41,4,127,0,0,0,1794
4,1,3,1,142,0,0,0,76
70,48,22,4,9,0,0,0,1525
640,513,127,2,48,0,0,0,1083
135,87,48,2,47,0,0,0,240
5,3,2,1,174,0,0,0,409
31,18,13,4,172,0,0,0,78
29,16,13,4,172,0,0,0,80
111,55,56,2,96,0,0,0,311
33,20,13,1,96,0,0,0,97
393,143,250,7,8,0,0,0.00199600798403194,501
11,7,4,2,96,0,0,0,43
81,79,2,2,48,0,0,0,1199
3,2,1,1,77,0,0,0,99
69,30,39,1,96,0,0,0,149
6,4,2,1,96,0,0,0,53
26,19,7,2,48,0,0,0,321
40,19,21,1,96,0,0,0,105
5,4,1,1,54,0,0,0,33
165,163,2,1,54,0,0,0,1063
4,2,2,2,15,0,0,0.000333778371161549,2996
2,1,1,1,112,0,0,0.000361663652802893,2765
2,1,1,1,112,0,0,0.00324675324675325,308
245,193,52,1,112,0,0,0.0027027027027027,370
861,519,342,1,112,0,0,0.000791765637371338,1263
2,2,0,1,33,0,0,0.000723065798987708,1383
496,245,251,1,33,0,0,0.00307692307692308,325
14,12,2,1,33,0,0,0.000749625187406297,1334
2,1,1,1,33,0,0,0.00126262626262626,792
2,1,1,1,75,0,0,0.000763358778625954,1310
2,1,1,1,112,0,0,0.000888888888888889,1125
4,2,2,1,112,0,0,0.000874890638670166,1143
6,3,3,1,112,0,0,0.000338983050847458,2950
2,1,1,1,112,0,0,0.00033478406427854,2987
2,1,1,1,112,0,0,0.000406173842404549,2462
4,3,1,2,72,0,0,0,421
3,1,2,1,72,0,0,0,45
31,21,10,1,72,0,0,0,378
30,24,6,1,72,0,0,0,327
27,4,23,1,72,0,0,0,324
50,46,4,1,72,0,0,0,653
7,3,4,1,72,0,0,0,206
11,7,4,1,72,0,0,0,481
15,8,7,1,72,0,0,0,194
0,0,0,2,72,0,0,0,76
83,3,80,1,72,0,0,0,66
26,6,20,1,72,0,0,0,276
96,89,7,1,72,0,0,0,404
25,21,4,1,72,0,0,0,267
5,3,2,1,72,0,0,0,226
8,3,5,1,72,0,0,0,253
5,3,2,1,72,0,0,0,90
9,5,4,1,72,0,0,0,376
339,231,108,1,72,0,0,0,3371
65,50,15,1,72,0,0,0,289
759,331,428,2,72,0,0,0,2046
21,17,4,1,72,0,0,0,74
5,3,2,1,72,0,0,0,162
23,19,4,1,72,0,0,0,349
28,26,2,1,72,0,0,0,74
17,13,4,1,72,0,0,0,307
0,0,0,1,72,0,0,0,279
0,0,0,1,72,0,0,0,4
31,28,3,1,72,0,0,0,121
5,3,2,1,72,0,0,0,36
7,4,3,1,72,0,0,0,366
0,0,0,2,72,0,0,0,2
120,117,3,1,72,0,0,0,980
7,4,3,1,72,0,0,0,89
28,25,3,1,72,0,0,0,370
16,10,6,1,72,0,0,0,67
10,5,5,1,72,0,0,0,202
16,10,6,1,72,0,0,0,279
7,5,2,1,72,0,0,0,28
34,27,7,1,72,0,0,0,857
6,4,2,1,72,0,0,0,118
109,53,56,1,72,0,0,0,651
23,15,8,1,72,0,0,0,1991
7,2,5,1,72,0,0,0,63
35,26,9,1,72,0,0,0,1297
5,3,2,1,72,0,0,0,91
10,6,4,3,71,0,0,0,718
36,33,3,1,72,0,0,0,515
141,116,25,1,72,0,0,0,1722
10,6,4,1,72,0,0,0,114
12,8,4,1,72,0,0,0,323
66,64,2,1,72,0,0,0,130
4,3,1,1,72,0,0,0,34
23,16,7,1,72,0,0,0,1411
5,3,2,1,72,0,0,0,161
0,0,0,2,72,0,0,0,134
0,0,0,2,72,0,0,0,48
15,10,5,1,72,0,0,0,1262
331,279,52,1,72,0,0,0,1733
8,6,2,1,72,0,0,0,180
55,31,24,2,72,0,0,0,1238
442,315,127,1,72,0,0,0,2604
6,4,2,1,72,0,0,0,86
139,132,7,1,72,0,0,0,1307
25,23,2,1,72,0,0,0,115
3,3,0,1,72,0,0,0,52
90,84,6,1,72,0,0,0,1436
129,117,12,1,72,0,0,0,1801
10,7,3,1,72,0,0,0,102
31,21,10,1,72,0,0,0,1259
64,50,14,1,72,0,0,0,1473
8,4,4,1,72,0,0,0,836
575,174,401,1,72,0,0,0,1349
76,45,31,1,72,0,0,0,1216
32,20,12,2,15,1,0,0,1644
114,80,34,1,72,0,0,0,2137
4,2,2,1,72,0,0,0,20
6,3,3,1,72,0,0,0,28
10,5,5,1,72,0,0,0,94
5,3,2,1,72,0,0,0,78
19,9,10,1,72,0,0,0,495
12,7,5,1,72,0,0,0,1283
10,5,5,1,72,0,0,0,12
0,0,0,1,6,0,0,0.0158730158730159,63
0,0,0,1,6,0,0,0,303
56,28,28,2,4,0,0,0,409
31,18,13,2,4,0,0,0,171
72,37,35,2,4,0,0,0,1268
0,0,0,1,6,0,0,0,82
13,9,4,2,4,0,0,0,394
0,0,0,1,6,0,0,0,152
0,0,0,1,6,0,0,0,139
6,4,2,2,4,0,0,0.000954198473282443,1048
0,0,0,1,6,0,0,0.0108695652173913,92
0,0,0,1,6,0,0,0,64
0,0,0,1,6,0,0,0,2
0,0,0,1,6,0,0,0,57
19,10,9,2,4,0,0,0.000904159132007233,1106
26,11,15,3,3,0,0,0.00234741784037559,426
4,2,2,2,4,0,0,0,76
0,0,0,1,6,0,0,0,69
14,7,7,2,4,0,0,0,826
168,90,78,4,1,0,0,0,3307
0,0,0,1,6,0,0,0,133
30,17,13,2,4,0,0,0,1735
6,4,2,2,4,0,0,0,68
12,6,6,2,4,0,0,0,893
0,0,0,1,6,0,0,0,85
0,0,0,1,6,0,0,0,1037
0,0,0,1,6,0,0,0,121
31,17,14,3,1,0,0,0.000467289719626168,2140
0,0,0,1,6,0,0,0,98
59,32,27,2,4,0,0,0,1363
0,0,0,1,6,0,0,0,122
36,19,17,2,4,0,0,0,572
0,0,0,1,6,0,0,0,74
12,6,6,2,4,0,0,0,685
0,0,0,1,6,0,0,0,78
12,10,2,2,4,0,0,0.0256410256410256,39
54,29,25,2,4,0,0,0,1650
0,0,0,1,6,0,0,0,105
0,0,0,1,99,0,0,0,1119
0,0,0,1,99,0,0,0,42
0,0,0,1,99,0,0,0,3
0,0,0,1,99,0,0,0,17
0,0,0,1,99,0,0,0,18
0,0,0,1,99,0,0,0,38
0,0,0,1,99,0,0,0,114
0,0,0,1,99,0,0,0,192
0,0,0,1,99,0,0,0,14
0,0,0,1,99,0,0,0,56
0,0,0,1,99,0,0,0,1119
0,0,0,1,99,0,0,0,102
0,0,0,1,99,0,0,0,109
0,0,0,1,99,0,0,0,69
0,0,0,1,99,0,0,0,214
27,13,14,3,81,1,0,0,32
80,39,41,4,81,1,0,0,52
78,45,33,7,81,1,0,0,49
40,20,20,4,81,1,0,0,32
16,13,3,4,90,1,0,0,17
232,119,113,5,81,1,0,0,88
466,236,230,5,81,1,0,0,182
32,16,16,3,83,1,0,0,37
236,125,111,6,81,1,0,0,139
21,10,11,2,90,1,0,0,26
31,16,15,4,81,1,0,0,30
221,111,110,6,81,1,0,0,89
43,21,22,3,81,1,0,0,39
88,46,42,4,81,1,0,0,56
1,1,0,2,81,0,0,0,48
314,156,158,5,81,1,0,0,168
84,56,28,3,90,1,0,0,66
142,67,75,4,81,1,0,0,86
1496,738,758,5,81,1,0,0,1033
22,11,11,3,81,1,0,0,28
235,119,116,6,81,1,0,0,96
248,126,122,4,81,1,0,0,99
70,35,35,4,81,1,0,0,47
29,15,14,3,90,1,0,0,31
68,24,44,5,83,1,0,0,76
56,33,23,8,83,1,0,0,64
308,154,154,7,81,1,0,0,102
22,11,11,2,90,1,0,0,39
229,115,114,4,81,1,0,0,101
44,21,23,4,81,1,0,0,29
1482,755,727,15,81,0,0,0,613
0,0,0,1,99,0,0,0,340
303,153,150,8,83,1,0,0,198
893,433,460,10,66,1,0,0,378
2141,1071,1070,12,83,1,0,0,1259
802,393,409,12,81,1,0,0,384
269,136,133,4,90,1,0,0,214
204,98,106,8,83,1,0,0,131
352,175,177,7,83,1,0,0,247
1267,694,573,18,68,1,0,0,1027
77,39,38,3,90,1,0,0,64
104,52,52,4,88,1,0,0,107
224,114,110,5,88,1,0,0,208
1340,678,662,10,82,2,0,0,808
5182,2607,2575,16,81,1,0,0,3293
3308,1643,1665,12,83,1,0,0,1817
1250,645,605,6,83,1,0,0,894
147,75,72,3,83,1,0,0,121
27,14,13,2,90,1,0,0,30
97,52,45,4,88,1,0,0,114
2018,985,1033,9,83,1,0,0,998
353,175,178,8,83,1,0,0,214
416,202,214,8,88,1,0,0,236
95,48,47,5,88,1,0,0,110
61,32,29,3,90,1,0,0,65
111,58,53,4,88,1,0,0,95
671,342,329,11,68,1,0,0,464
2229,1128,1101,10,83,1,0,0,1349
1000,519,481,9,83,1,0,0,563
349,188,161,10,83,1,0,0,249
1522,730,792,13,81,1,0,0,684
396,203,193,7,83,1,0,0,341
934,457,477,8,83,1,0,0,468
199,97,102,7,83,1,0,0,117
488,241,247,10,83,1,0,0,236
104,50,54,5,83,1,0,0,84
59,29,30,4,83,1,0,0,60
151,76,75,8,83,1,0,0,89
868,440,428,8,83,1,0,0,424
0,0,0,1,99,0,0,0,207
0,0,0,1,99,0,0,0,826
0,0,0,1,99,0,0,0,92
0,0,0,1,99,0,0,0,335
0,0,0,1,99,0,0,0,591
0,0,0,1,99,0,0,0,583
0,0,0,1,99,0,0,0,549
0,0,0,1,99,0,0,0,314
0,0,0,1,99,0,0,0,301
0,0,0,1,99,0,0,0,387
0,0,0,1,99,0,0,0,569
0,0,0,1,99,0,0,0,722
0,0,0,1,99,0,0,0,125
0,0,0,1,99,0,0,0,175
0,0,0,1,99,0,0,0,106
0,0,0,1,99,0,0,0,56
0,0,0,2,99,0,0,0,0
0,0,0,2,99,0,0,0,0
0,0,0,2,99,0,0,0,0
0,0,0,2,99,0,0,0,0
0,0,0,2,99,0,0,0,0
0,0,0,2,99,0,0,0,0
0,0,0,2,99,0,0,0,0
0,0,0,2,99,0,0,0,0
0,0,0,2,99,0,0,0,0
0,0,0,2,99,0,0,0,0
0,0,0,2,99,0,0,0,0
0,0,0,2,99,0,0,0,0
0,0,0,2,99,0,0,0,0
0,0,0,2,99,0,0,0,0
0,0,0,2,99,0,0,0,0
0,0,0,2,99,0,0,0,0
0,0,0,2,99,0,0,0,0
0,0,0,2,99,0,0,0,0
0,0,0,2,99,0,0,0,0
0,0,0,2,99,0,0,0,0
10,10,0,3,99,0,0,0,0
0,0,0,2,99,0,0,0,0
0,0,0,2,99,0,0,0,0
0,0,0,2,99,0,0,0,0
0,0,0,2,99,0,0,0,0
0,0,0,2,99,0,0,0,0
3,3,0,3,99,0,0,0,0
0,0,0,2,99,0,0,0,0
0,0,0,2,99,0,0,0,0
0,0,0,2,99,0,0,0,0
0,0,0,2,99,0,0,0,0
0,0,0,2,99,0,0,0,0
0,0,0,2,99,0,0,0,0
0,0,0,2,99,0,0,0,0
3,3,0,3,99,0,0,0,0
0,0,0,2,99,0,0,0,0
0,0,0,2,99,0,0,0,0
4,2,2,3,99,0,0,0,0
0,0,0,2,99,0,0,0,0
2,2,0,3,99,0,0,0,0
6,5,1,3,99,0,0,0,0
0,0,0,2,99,0,0,0,0
0,0,0,2,99,0,0,0,0
0,0,0,2,99,0,0,0,0
0,0,0,2,99,0,0,0,0
0,0,0,2,99,0,0,0,0
0,0,0,2,99,0,0,0,0
6,4,2,3,99,0,0,0,0
1,1,0,3,99,0,0,0,0
17,11,6,3,99,0,0,0,0
0,0,0,2,99,0,0,0,0
0,0,0,2,99,0,0,0,0
1,1,0,3,99,0,0,0,0
0,0,0,2,99,0,0,0,0
0,0,0,2,99,0,0,0,0
0,0,0,2,99,0,0,0,0
0,0,0,2,99,0,0,0,0
13,8,5,3,99,0,0,0,0
16,8,8,3,99,0,0,0,0
10,5,5,3,99,0,0,0,0
0,0,0,2,99,0,0,0,0
0,0,0,2,99,0,0,0,0
0,0,0,2,99,0,0,0,0
0,0,0,2,99,0,0,0,0
4,2,2,3,99,0,0,0,0
7,6,1,3,99,0,0,0,0
0,0,0,2,99,0,0,0,0
1,1,0,3,99,0,0,0,0
0,0,0,2,99,0,0,0,0
1,1,0,3,99,0,0,0,0
0,0,0,2,99,0,0,0,0
15,11,4,3,99,0,0,0,0
0,0,0,2,99,0,0,0,0
1,1,0,3,99,0,0,0,0
2,1,1,3,99,0,0,0,0
0,0,0,2,99,0,0,0,0
9,6,3,3,99,0,0,0,0
0,0,0,2,99,0,0,0,0
0,0,0,2,99,0,0,0,0
0,0,0,2,99,0,0,0,0
0,0,0,2,99,0,0,0,0
1,1,0,3,99,0,0,0,0
23,14,9,3,99,0,0,0,0
0,0,0,2,99,0,0,0,0
0,0,0,2,99,0,0,0,0
0,0,0,2,99,0,0,0,0
0,0,0,2,99,0,0,0,0
0,0,0,2,99,0,0,0,0
0,0,0,2,99,0,0,0,0
0,0,0,2,99,0,0,0,0
0,0,0,2,99,0,0,0,0
0,0,0,2,99,0,0,0,0
0,0,0,2,99,0,0,0,0
0,0,0,2,99,0,0,0,0
0,0,0,2,99,0,0,0,0
0,0,0,2,99,0,0,0,0
0,0,0,2,99,0,0,0,0
0,0,0,2,99,0,0,0,0
0,0,0,2,99,0,0,0,0
0,0,0,1,100,0,0,0,0
0,0,0,1,100,0,0,0,0
0,0,0,1,100,0,0,0,0
0,0,0,1,100,0,0,0,0
0,0,0,1,100,0,0,0,0
0,0,0,1,100,0,0,0,0
0,0,0,1,100,0,0,0,0
0,0,0,1,100,0,0,0,0
0,0,0,1,100,0,0,0,0
0,0,0,1,100,0,0,0,0
0,0,0,1,100,0,0,0,0
0,0,0,1,100,0,0,0,0
0,0,0,1,100,0,0,0,0
0,0,0,1,100,0,0,0,0
0,0,0,1,100,0,0,0,0
0,0,0,1,100,0,0,0,0
0,0,0,1,100,0,0,0,0
0,0,0,1,100,0,0,0,0
0,0,0,1,100,0,0,0,0
0,0,0,1,100,0,0,0,0
0,0,0,1,100,0,0,0,0
0,0,0,1,100,0,0,0,0
0,0,0,1,100,0,0,0,0
0,0,0,1,100,0,0,0,0
0,0,0,1,100,0,0,0,0
0,0,0,1,100,0,0,0,0
0,0,0,1,100,0,0,0,0
0,0,0,1,100,0,0,0,0
0,0,0,1,100,0,0,0,0
0,0,0,1,100,0,0,0,0
0,0,0,1,100,0,0,0,0
0,0,0,1,100,0,0,0,0
0,0,0,1,100,0,0,0,0
0,0,0,1,100,0,0,0,0
0,0,0,1,100,0,0,0,0
0,0,0,1,100,0,0,0,0
0,0,0,1,100,0,0,0,0
0,0,0,1,100,0,0,0,0
0,0,0,1,100,0,0,0,0
0,0,0,1,100,0,0,0,0
0,0,0,1,100,0,0,0,0
0,0,0,1,100,0,0,0,0
0,0,0,1,100,0,0,0,0
0,0,0,1,100,0,0,0,0
0,0,0,1,100,0,0,0,0
0,0,0,1,100,0,0,0,0
0,0,0,1,100,0,0,0,0
0,0,0,1,100,0,0,0,0
0,0,0,1,100,0,0,0,0
0,0,0,1,100,0,0,0,0
0,0,0,1,100,0,0,0,0
0,0,0,1,100,0,0,0,0
0,0,0,1,100,0,0,0,0
0,0,0,1,100,0,0,0,0
0,0,0,1,100,0,0,0,0
0,0,0,1,100,0,0,0,0
0,0,0,1,100,0,0,0,0
0,0,0,1,100,0,0,0,0
0,0,0,1,100,0,0,0,0
0,0,0,1,100,0,0,0,0
0,0,0,1,100,0,0,0,0
0,0,0,1,100,0,0,0,0
0,0,0,1,100,0,0,0,0
0,0,0,1,100,0,0,0,0
0,0,0,1,100,0,0,0,0
0,0,0,1,100,0,0,0,0
0,0,0,1,100,0,0,0,0
0,0,0,1,100,0,0,0,0
0,0,0,1,100,0,0,0,0
0,0,0,1,100,0,0,0,0
0,0,0,1,100,0,0,0,0
0,0,0,1,100,0,0,0,0
0,0,0,1,100,0,0,0,0
0,0,0,1,100,0,0,0,0
0,0,0,1,100,0,0,0,0
0,0,0,1,100,0,0,0,0
0,0,0,1,100,0,0,0,0
0,0,0,1,100,0,0,0,0
0,0,0,1,100,0,0,0,0
0,0,0,1,100,0,0,0,0
0,0,0,1,100,0,0,0,0
0,0,0,1,100,0,0,0,0
0,0,0,1,100,0,0,0,0
0,0,0,1,100,0,0,0,0
0,0,0,1,100,0,0,0,0
0,0,0,1,100,0,0,0,0
0,0,0,1,100,0,0,0,0
0,0,0,1,100,0,0,0,0
0,0,0,1,100,0,0,0,0
0,0,0,1,100,0,0,0,0
0,0,0,1,100,0,0,0,0
0,0,0,1,100,0,0,0,0
0,0,0,1,100,0,0,0,0
0,0,0,1,100,0,0,0,0
0,0,0,1,100,0,0,0,0
0,0,0,1,100,0,0,0,0
0,0,0,1,100,0,0,0,0
0,0,0,1,100,0,0,0,0
0,0,0,1,100,0,0,0,0
0,0,0,1,100,0,0,0,0
0,0,0,1,100,0,0,0,0
0,0,0,1,100,0,0,0,0
0,0,0,1,100,0,0,0,0
0,0,0,1,100,0,0,0,0
0,0,0,1,100,0,0,0,0
0,0,0,1,100,0,0,0,0
0,0,0,1,100,0,0,0,0
0,0,0,1,100,0,0,0,0
0,0,0,1,100,0,0,0,0
0,0,0,1,100,0,0,0,0
0,0,0,1,100,0,0,0,0
0,0,0,1,100,0,0,0,0
0,0,0,1,100,0,0,0,0
0,0,0,1,100,0,0,0,0
0,0,0,1,100,0,0,0,0
0,0,0,1,100,0,0,0,0
0,0,0,1,100,0,0,0,0
0,0,0,1,100,0,0,0,0
0,0,0,1,100,0,0,0,0
0,0,0,1,100,0,0,0,0
0,0,0,1,100,0,0,0,0
0,0,0,1,100,0,0,0,0
0,0,0,1,100,0,0,0,0
0,0,0,1,100,0,0,0,0
0,0,0,1,100,0,0,0,0
0,0,0,1,100,0,0,0,0
0,0,0,1,100,0,0,0,0
0,0,0,1,100,0,0,0,0
0,0,0,1,100,0,0,0,0
0,0,0,1,100,0,0,0,0
0,0,0,1,100,0,0,0,0
0,0,0,1,100,0,0,0,0
0,0,0,1,100,0,0,0,0
0,0,0,1,100,0,0,0,0
0,0,0,1,100,0,0,0,0
0,0,0,1,100,0,0,0,0
0,0,0,1,100,0,0,0,0
0,0,0,1,100,0,0,0,0
0,0,0,1,100,0,0,0,0
0,0,0,1,100,0,0,0,0
0,0,0,1,100,0,0,0,0
0,0,0,1,100,0,0,0,0
0,0,0,1,100,0,0,0,0
0,0,0,1,100,0,0,0,0
0,0,0,1,100,0,0,0,0
0,0,0,1,100,0,0,0,0
0,0,0,1,100,0,0,0,0
0,0,0,1,100,0,0,0,0
0,0,0,1,100,0,0,0,0
0,0,0,1,100,0,0,0,0
0,0,0,1,100,0,0,0,0
0,0,0,1,100,0,0,0,0
0,0,0,1,100,0,0,0,0
0,0,0,1,100,0,0,0,0
0,0,0,1,100,0,0,0,0
0,0,0,1,100,0,0,0,0
0,0,0,1,100,0,0,0,0
0,0,0,1,100,0,0,0,0
0,0,0,1,100,0,0,0,0
0,0,0,1,100,0,0,0,0
0,0,0,1,100,0,0,0,0
0,0,0,1,100,0,0,0,0
0,0,0,1,100,0,0,0,0
0,0,0,1,100,0,0,0,0
0,0,0,1,100,0,0,0,0
0,0,0,1,100,0,0,0,0
0,0,0,1,100,0,0,0,0
0,0,0,1,100,0,0,0,0
0,0,0,1,100,0,0,0,0
0,0,0,1,100,0,0,0,0
0,0,0,1,100,0,0,0,0
0,0,0,1,100,0,0,0,0
0,0,0,1,100,0,0,0,0
0,0,0,1,100,0,0,0,0
0,0,0,1,100,0,0,0,0
0,0,0,1,100,0,0,0,0
0,0,0,1,100,0,0,0,0
0,0,0,1,11,0,0,0,0
0,0,0,1,11,0,0,0,0
0,0,0,1,11,0,0,0,0
0,0,0,1,11,0,0,0,0
0,0,0,1,11,0,0,0,0
0,0,0,1,11,0,0,0,0
0,0,0,1,11,0,0,0,0
0,0,0,1,11,0,0,0,0
0,0,0,1,11,0,0,0,0
0,0,0,1,11,0,0,0,0
0,0,0,1,11,0,0,0,0
0,0,0,1,11,0,0,0,0
0,0,0,1,11,0,0,0,0
0,0,0,1,11,0,0,0,0
0,0,0,1,11,0,0,0,0
0,0,0,1,11,0,0,0,0
0,0,0,1,11,0,0,0,0
0,0,0,1,11,0,0,0,0
0,0,0,1,11,0,0,0,0
0,0,0,1,11,0,0,0,0
0,0,0,1,11,0,0,0,0
0,0,0,1,11,0,0,0,0
0,0,0,1,11,0,0,0,0
0,0,0,1,11,0,0,0,0
0,0,0,1,11,0,0,0,0
0,0,0,1,11,0,0,0,0
0,0,0,1,11,0,0,0,0
0,0,0,1,11,0,0,0,0
0,0,0,1,11,0,0,0,0
0,0,0,1,11,0,0,0,0
0,0,0,1,11,0,0,0,0
0,0,0,1,11,0,0,0,0
0,0,0,1,11,0,0,0,0
0,0,0,1,11,0,0,0,0
0,0,0,1,11,0,0,0,0
0,0,0,1,11,0,0,0,0
0,0,0,1,11,0,0,0,0
0,0,0,1,11,0,0,0,0
0,0,0,1,11,0,0,0,0
0,0,0,1,11,0,0,0,0
0,0,0,1,11,0,0,0,0
0,0,0,1,11,0,0,0,0
0,0,0,1,11,0,0,0,0
0,0,0,1,11,0,0,0,0
0,0,0,1,11,0,0,0,0
0,0,0,1,11,0,0,0,0
0,0,0,1,11,0,0,0,0
0,0,0,1,11,0,0,0,0
0,0,0,1,11,0,0,0,0
0,0,0,1,11,0,0,0,0
0,0,0,1,11,0,0,0,0
0,0,0,1,11,0,0,0,0
0,0,0,1,11,0,0,0,0
0,0,0,1,11,0,0,0,0
0,0,0,1,11,0,0,0,0
0,0,0,1,11,0,0,0,0
0,0,0,1,11,0,0,0,0
0,0,0,1,11,0,0,0,0
0,0,0,1,11,0,0,0,0
0,0,0,1,11,0,0,0,0
4,2,2,2,11,0,0,0,0
0,0,0,1,11,0,0,0,0
0,0,0,1,11,0,0,0,0
0,0,0,1,11,0,0,0,0
0,0,0,1,11,0,0,0,0
0,0,0,1,11,0,0,0,0
0,0,0,1,11,0,0,0,0
0,0,0,1,11,0,0,0,0
0,0,0,1,11,0,0,0,0
0,0,0,1,11,0,0,0,0
0,0,0,1,11,0,0,0,0
0,0,0,1,11,0,0,0,0
0,0,0,1,11,0,0,0,0
0,0,0,1,11,0,0,0,0
0,0,0,1,11,0,0,0,0
0,0,0,1,11,0,0,0,0
0,0,0,1,11,0,0,0,0
0,0,0,1,11,0,0,0,0
0,0,0,1,11,0,0,0,0
0,0,0,1,11,0,0,0,0
0,0,0,1,11,0,0,0,0
0,0,0,1,11,0,0,0,0
0,0,0,1,11,0,0,0,0
0,0,0,1,11,0,0,0,0
0,0,0,1,11,0,0,0,0
0,0,0,1,11,0,0,0,0
0,0,0,1,11,0,0,0,0
0,0,0,1,11,0,0,0,0
0,0,0,1,11,0,0,0,0
0,0,0,1,11,0,0,0,0
0,0,0,1,11,0,0,0,0
0,0,0,1,11,0,0,0,0
0,0,0,1,11,0,0,0,0
0,0,0,1,11,0,0,0,0
0,0,0,1,11,0,0,0,0
0,0,0,1,11,0,0,0,0
0,0,0,1,11,0,0,0,0
0,0,0,1,11,0,0,0,0
0,0,0,1,11,0,0,0,0
0,0,0,1,11,0,0,0,0
0,0,0,1,11,0,0,0,0
0,0,0,1,11,0,0,0,0
0,0,0,1,11,0,0,0,0
0,0,0,1,11,0,0,0,0
0,0,0,1,11,0,0,0,0
0,0,0,1,11,0,0,0,0
0,0,0,1,11,0,0,0,0
0,0,0,1,11,0,0,0,0
0,0,0,1,11,0,0,0,0
0,0,0,1,11,0,0,0,0
0,0,0,1,11,0,0,0,0
0,0,0,1,11,0,0,0,0
0,0,0,1,11,0,0,0,0
0,0,0,1,11,0,0,0,0
0,0,0,1,11,0,0,0,0
0,0,0,1,11,0,0,0,0
0,0,0,1,11,0,0,0,0
0,0,0,1,11,0,0,0,0
0,0,0,1,11,0,0,0,0
0,0,0,1,11,0,0,0,0
0,0,0,1,11,0,0,0,0
0,0,0,1,11,0,0,0,0
0,0,0,1,11,0,0,0,0
0,0,0,1,11,0,0,0,0
0,0,0,1,11,0,0,0,0
0,0,0,1,11,0,0,0,0
0,0,0,1,11,0,0,0,0
0,0,0,1,11,0,0,0,0
0,0,0,1,11,0,0,0,0
0,0,0,1,11,0,0,0,0
0,0,0,1,11,0,0,0,0
0,0,0,1,11,0,0,0,0
0,0,0,1,11,0,0,0,0
0,0,0,1,11,0,0,0,0
0,0,0,1,11,0,0,0,0
0,0,0,1,11,0,0,0,0
0,0,0,1,11,0,0,0,0
0,0,0,1,11,0,0,0,0
0,0,0,1,11,0,0,0,0
0,0,0,1,11,0,0,0,0
0,0,0,1,11,0,0,0,0
0,0,0,1,11,0,0,0,0
0,0,0,1,11,0,0,0,0
0,0,0,1,11,0,0,0,0
0,0,0,1,11,0,0,0,0
0,0,0,1,11,0,0,0,0
0,0,0,1,11,0,0,0,0
0,0,0,1,11,0,0,0,0
0,0,0,1,11,0,0,0,0
0,0,0,1,11,0,0,0,0
0,0,0,1,11,0,0,0,0
0,0,0,1,11,0,0,0,0
0,0,0,1,11,0,0,0,0
0,0,0,1,11,0,0,0,0
0,0,0,1,11,0,0,0,0
0,0,0,1,11,0,0,0,0
0,0,0,1,11,0,0,0,0
0,0,0,1,11,0,0,0,0
0,0,0,1,11,0,0,0,0
0,0,0,1,11,0,0,0,0
0,0,0,1,11,0,0,0,0
0,0,0,1,11,0,0,0,0
0,0,0,1,11,0,0,0,0
0,0,0,1,11,0,0,0,0
0,0,0,1,11,0,0,0,0
0,0,0,1,11,0,0,0,0
0,0,0,1,11,0,0,0,0
0,0,0,1,11,0,0,0,0
0,0,0,1,11,0,0,0,0
0,0,0,1,11,0,0,0,0
0,0,0,1,11,0,0,0,0
0,0,0,1,11,0,0,0,0
0,0,0,1,11,0,0,0,0
0,0,0,1,11,0,0,0,0
0,0,0,1,11,0,0,0,0
0,0,0,1,11,0,0,0,0
0,0,0,1,11,0,0,0,0
0,0,0,1,11,0,0,0,0
0,0,0,1,11,0,0,0,0
0,0,0,1,11,0,0,0,0
0,0,0,1,11,0,0,0,0
0,0,0,1,11,0,0,0,0
0,0,0,1,11,0,0,0,0
0,0,0,1,11,0,0,0,0
0,0,0,1,11,0,0,0,0
0,0,0,1,11,0,0,0,0
0,0,0,1,11,0,0,0,0
0,0,0,1,11,0,0,0,0
0,0,0,1,11,0,0,0,0
0,0,0,1,11,0,0,0,0
0,0,0,1,11,0,0,0,0
0,0,0,1,11,0,0,0,0
0,0,0,1,11,0,0,0,0
0,0,0,1,11,0,0,0,0
0,0,0,1,11,0,0,0,0
0,0,0,1,11,0,0,0,0
0,0,0,1,11,0,0,0,0
0,0,0,1,11,0,0,0,0
0,0,0,1,11,0,0,0,0
0,0,0,1,11,0,0,0,0
0,0,0,1,11,0,0,0,0
0,0,0,1,11,0,0,0,0
0,0,0,1,11,0,0,0,0
0,0,0,1,11,0,0,0,0
0,0,0,1,11,0,0,0,0
0,0,0,1,11,0,0,0,0
0,0,0,1,11,0,0,0,0
0,0,0,1,11,0,0,0,0
0,0,0,1,11,0,0,0,0
0,0,0,1,11,0,0,0,0
0,0,0,1,11,0,0,0,0
0,0,0,1,11,0,0,0,0
0,0,0,1,11,0,0,0,0
0,0,0,1,11,0,0,0,0
0,0,0,1,11,0,0,0,0
0,0,0,1,11,0,0,0,0
0,0,0,1,11,0,0,0,0
0,0,0,1,11,0,0,0,0
0,0,0,1,11,0,0,0,0
0,0,0,1,11,0,0,0,0
0,0,0,1,11,0,0,0,0
0,0,0,1,11,0,0,0,0
0,0,0,1,11,0,0,0,0
0,0,0,1,11,0,0,0,0
0,0,0,1,11,0,0,0,0
0,0,0,1,11,0,0,0,0
0,0,0,1,11,0,0,0,0
0,0,0,1,11,0,0,0,0
0,0,0,1,11,0,0,0,0
0,0,0,1,11,0,0,0,0
0,0,0,1,11,0,0,0,0
0,0,0,1,11,0,0,0,0
0,0,0,1,11,0,0,0,0
0,0,0,1,11,0,0,0,0
0,0,0,1,11,0,0,0,0
0,0,0,1,11,0,0,0,0
0,0,0,1,11,0,0,0,0
0,0,0,1,11,0,0,0,0
0,0,0,1,11,0,0,0,0
0,0,0,1,11,0,0,0,0
0,0,0,1,11,0,0,0,0
0,0,0,1,11,0,0,0,0
0,0,0,1,11,0,0,0,0
0,0,0,1,11,0,0,0,0
0,0,0,1,11,0,0,0,0
0,0,0,1,11,0,0,0,0
0,0,0,1,11,0,0,0,0
0,0,0,1,11,0,0,0,0
0,0,0,1,11,0,0,0,0
0,0,0,1,11,0,0,0,0
0,0,0,1,11,0,0,0,0
0,0,0,1,11,0,0,0,0
0,0,0,1,11,0,0,0,0
0,0,0,1,11,0,0,0,0
0,0,0,1,11,0,0,0,0
0,0,0,1,11,0,0,0,0
0,0,0,1,11,0,0,0,0
0,0,0,1,11,0,0,0,0
0,0,0,1,11,0,0,0,0
0,0,0,1,11,0,0,0,0
0,0,0,1,11,0,0,0,0
0,0,0,1,11,0,0,0,0
0,0,0,1,11,0,0,0,0
0,0,0,1,11,0,0,0,0
0,0,0,1,11,0,0,0,0
0,0,0,1,11,0,0,0,0
0,0,0,1,11,0,0,0,0
0,0,0,1,11,0,0,0,0
0,0,0,1,11,0,0,0,0
0,0,0,1,11,0,0,0,0
0,0,0,1,11,0,0,0,0
0,0,0,1,11,0,0,0,0
0,0,0,1,11,0,0,0,0
0,0,0,1,11,0,0,0,0
0,0,0,1,11,0,0,0,0
0,0,0,1,11,0,0,0,0
0,0,0,1,11,0,0,0,0
0,0,0,1,11,0,0,0,0
0,0,0,1,11,0,0,0,0
0,0,0,1,11,0,0,0,0
0,0,0,1,11,0,0,0,0
0,0,0,1,11,0,0,0,0
0,0,0,1,11,0,0,0,0
0,0,0,1,11,0,0,0,0
0,0,0,1,11,0,0,0,0
0,0,0,1,11,0,0,0,0
0,0,0,1,11,0,0,0,0
0,0,0,1,11,0,0,0,0
0,0,0,1,11,0,0,0,0
0,0,0,1,11,0,0,0,0
0,0,0,1,11,0,0,0,0
0,0,0,1,11,0,0,0,0
0,0,0,1,11,0,0,0,0
0,0,0,1,11,0,0,0,0
0,0,0,1,11,0,0,0,0
0,0,0,1,11,0,0,0,0
0,0,0,1,11,0,0,0,0
0,0,0,1,11,0,0,0,0
0,0,0,1,11,0,0,0,0
0,0,0,1,11,0,0,0,0
0,0,0,1,11,0,0,0,0
0,0,0,1,11,0,0,0,0
0,0,0,1,11,0,0,0,0
0,0,0,1,11,0,0,0,0
0,0,0,1,11,0,0,0,0
0,0,0,1,11,0,0,0,0
0,0,0,1,11,0,0,0,0
0,0,0,1,11,0,0,0,0
0,0,0,1,11,0,0,0,0
0,0,0,1,11,0,0,0,0
0,0,0,1,11,0,0,0,0
0,0,0,1,11,0,0,0,0
0,0,0,1,11,0,0,0,0
0,0,0,1,11,0,0,0,0
0,0,0,1,11,0,0,0,0
0,0,0,1,11,0,0,0,0
0,0,0,1,11,0,0,0,0
0,0,0,1,11,0,0,0,0
0,0,0,1,11,0,0,0,0
0,0,0,1,11,0,0,0,0
0,0,0,1,11,0,0,0,0
0,0,0,1,11,0,0,0,0
0,0,0,1,11,0,0,0,0
0,0,0,1,11,0,0,0,0
0,0,0,1,11,0,0,0,0
0,0,0,1,11,0,0,0,0
0,0,0,1,11,0,0,0,0
0,0,0,1,11,0,0,0,0
0,0,0,1,11,0,0,0,0
0,0,0,1,11,0,0,0,0
0,0,0,1,11,0,0,0,0
0,0,0,1,11,0,0,0,0
0,0,0,1,11,0,0,0,0
0,0,0,1,11,0,0,0,0
0,0,0,1,11,0,0,0,0
0,0,0,1,11,0,0,0,0
0,0,0,1,11,0,0,0,0
0,0,0,1,11,0,0,0,0
0,0,0,1,11,0,0,0,0
0,0,0,1,11,0,0,0,0
0,0,0,1,11,0,0,0,0
0,0,0,1,11,0,0,0,0
0,0,0,1,11,0,0,0,0
0,0,0,1,11,0,0,0,0
0,0,0,1,11,0,0,0,0
0,0,0,1,11,0,0,0,0
0,0,0,1,11,0,0,0,0
0,0,0,1,11,0,0,0,0
0,0,0,1,11,0,0,0,0
0,0,0,1,11,0,0,0,0
0,0,0,1,11,0,0,0,0
0,0,0,1,11,0,0,0,0
0,0,0,1,11,0,0,0,0
0,0,0,1,11,0,0,0,0
0,0,0,1,11,0,0,0,0
0,0,0,1,11,0,0,0,0
0,0,0,1,11,0,0,0,0
0,0,0,1,11,0,0,0,0
0,0,0,1,11,0,0,0,0
0,0,0,1,11,0,0,0,0
0,0,0,1,11,0,0,0,0
0,0,0,1,11,0,0,0,0
0,0,0,1,11,0,0,0,0
0,0,0,1,11,0,0,0,0
0,0,0,1,11,0,0,0,0
0,0,0,1,11,0,0,0,0
0,0,0,1,11,0,0,0,0
0,0,0,1,11,0,0,0,0
0,0,0,1,11,0,0,0,0
0,0,0,1,11,0,0,0,0
0,0,0,1,11,0,0,0,0
0,0,0,1,11,0,0,0,0
0,0,0,1,11,0,0,0,0
0,0,0,1,11,0,0,0,0
0,0,0,1,11,0,0,0,0
0,0,0,1,11,0,0,0,0
0,0,0,1,11,0,0,0,0
0,0,0,1,11,0,0,0,0
0,0,0,1,11,0,0,0,0
0,0,0,1,11,0,0,0,0
0,0,0,1,11,0,0,0,0
0,0,0,1,11,0,0,0,0
0,0,0,1,11,0,0,0,0
0,0,0,1,11,0,0,0,0
0,0,0,1,11,0,0,0,0
0,0,0,1,11,0,0,0,0
0,0,0,1,11,0,0,0,0
0,0,0,1,11,0,0,0,0
0,0,0,1,11,0,0,0,0
0,0,0,1,11,0,0,0,0
0,0,0,1,11,0,0,0,0
0,0,0,1,11,0,0,0,0
0,0,0,1,11,0,0,0,0
0,0,0,1,11,0,0,0,0
0,0,0,1,11,0,0,0,0
0,0,0,1,11,0,0,0,0
0,0,0,1,11,0,0,0,0
0,0,0,1,11,0,0,0,0
0,0,0,1,11,0,0,0,0
0,0,0,1,11,0,0,0,0
0,0,0,1,11,0,0,0,0
0,0,0,1,11,0,0,0,0
0,0,0,1,11,0,0,0,0
0,0,0,1,11,0,0,0,0
0,0,0,1,11,0,0,0,0
0,0,0,1,11,0,0,0,0
0,0,0,1,11,0,0,0,0
0,0,0,1,11,0,0,0,0
0,0,0,1,11,0,0,0,0
0,0,0,1,11,0,0,0,0
0,0,0,1,11,0,0,0,0
0,0,0,1,11,0,0,0,0
0,0,0,1,11,0,0,0,0
0,0,0,1,11,0,0,0,0
0,0,0,1,11,0,0,0,0
0,0,0,1,11,0,0,0,0
0,0,0,1,11,0,0,0,0
0,0,0,1,11,0,0,0,0
0,0,0,1,11,0,0,0,0
0,0,0,1,11,0,0,0,0
0,0,0,1,11,0,0,0,0
0,0,0,1,11,0,0,0,0
0,0,0,1,11,0,0,0,0
0,0,0,1,11,0,0,0,0
0,0,0,1,11,0,0,0,0
0,0,0,1,11,0,0,0,0
0,0,0,1,11,0,0,0,0
0,0,0,1,11,0,0,0,0
0,0,0,1,11,0,0,0,0
0,0,0,1,11,0,0,0,0
0,0,0,1,11,0,0,0,0
0,0,0,1,11,0,0,0,0
0,0,0,1,11,0,0,0,0
0,0,0,1,11,0,0,0,0
0,0,0,1,11,0,0,0,0
0,0,0,1,11,0,0,0,0
0,0,0,1,11,0,0,0,0
0,0,0,1,11,0,0,0,0
0,0,0,1,11,0,0,0,0
0,0,0,1,11,0,0,0,0
0,0,0,1,11,0,0,0,0
0,0,0,1,11,0,0,0,0
0,0,0,1,11,0,0,0,0
0,0,0,1,11,0,0,0,0
0,0,0,1,11,0,0,0,0
0,0,0,1,11,0,0,0,0
0,0,0,1,11,0,0,0,0
0,0,0,1,11,0,0,0,0
0,0,0,1,11,0,0,0,0
0,0,0,1,11,0,0,0,0
0,0,0,1,11,0,0,0,0
0,0,0,1,11,0,0,0,0
0,0,0,1,11,0,0,0,0
0,0,0,1,11,0,0,0,0
0,0,0,1,11,0,0,0,0
0,0,0,1,11,0,0,0,0
0,0,0,1,11,0,0,0,0
0,0,0,1,11,0,0,0,0
0,0,0,1,11,0,0,0,0
0,0,0,1,11,0,0,0,0
0,0,0,1,11,0,0,0,0
0,0,0,1,11,0,0,0,0
0,0,0,1,11,0,0,0,0
0,0,0,1,11,0,0,0,0
0,0,0,1,11,0,0,0,0
0,0,0,1,11,0,0,0,0
0,0,0,1,11,0,0,0,0
0,0,0,1,11,0,0,0,0
0,0,0,1,11,0,0,0,0
0,0,0,1,11,0,0,0,0
0,0,0,1,11,0,0,0,0
0,0,0,1,11,0,0,0,0
0,0,0,1,11,0,0,0,0
0,0,0,1,11,0,0,0,0
0,0,0,1,11,0,0,0,0
0,0,0,1,11,0,0,0,0
0,0,0,1,11,0,0,0,0
0,0,0,1,11,0,0,0,0
0,0,0,1,11,0,0,0,0
0,0,0,1,11,0,0,0,0
0,0,0,1,11,0,0,0,0
0,0,0,1,11,0,0,0,0
0,0,0,1,11,0,0,0,0
0,0,0,1,11,0,0,0,0
0,0,0,1,11,0,0,0,0
0,0,0,1,11,0,0,0,0
0,0,0,1,11,0,0,0,0
0,0,0,1,11,0,0,0,0
0,0,0,1,11,0,0,0,0
0,0,0,1,11,0,0,0,0
0,0,0,1,11,0,0,0,0
0,0,0,1,11,0,0,0,0
0,0,0,1,11,0,0,0,0
0,0,0,1,11,0,0,0,0
0,0,0,1,11,0,0,0,0
0,0,0,1,11,0,0,0,0
0,0,0,1,11,0,0,0,0
0,0,0,1,11,0,0,0,0
0,0,0,1,11,0,0,0,0
0,0,0,1,11,0,0,0,0
0,0,0,1,11,0,0,0,0
0,0,0,1,11,0,0,0,0
0,0,0,1,11,0,0,0,0
0,0,0,1,11,0,0,0,0
0,0,0,1,11,0,0,0,0
0,0,0,1,11,0,0,0,0
0,0,0,1,11,0,0,0,0
0,0,0,1,11,0,0,0,0
0,0,0,1,11,0,0,0,0
0,0,0,1,11,0,0,0,0
0,0,0,1,11,0,0,0,0
0,0,0,1,11,0,0,0,0
0,0,0,1,11,0,0,0,0
0,0,0,1,11,0,0,0,0
0,0,0,1,11,0,0,0,0
0,0,0,1,11,0,0,0,0
0,0,0,1,11,0,0,0,0
0,0,0,1,11,0,0,0,0
0,0,0,1,11,0,0,0,0
0,0,0,1,11,0,0,0,0
0,0,0,1,11,0,0,0,0
0,0,0,1,11,0,0,0,0
0,0,0,1,11,0,0,0,0
0,0,0,1,11,0,0,0,0
0,0,0,1,11,0,0,0,0
0,0,0,1,11,0,0,0,0
0,0,0,1,11,0,0,0,0
0,0,0,1,11,0,0,0,0
0,0,0,1,11,0,0,0,0
0,0,0,1,11,0,0,0,0
0,0,0,1,11,0,0,0,0
0,0,0,1,11,0,0,0,0
0,0,0,1,11,0,0,0,0
0,0,0,1,11,0,0,0,0
0,0,0,1,11,0,0,0,0
0,0,0,1,11,0,0,0,0
0,0,0,1,11,0,0,0,0
0,0,0,1,11,0,0,0,0
0,0,0,1,11,0,0,0,0
0,0,0,1,11,0,0,0,0
0,0,0,1,11,0,0,0,0
0,0,0,1,11,0,0,0,0
0,0,0,1,11,0,0,0,0
0,0,0,1,11,0,0,0,0
0,0,0,1,11,0,0,0,0
0,0,0,1,11,0,0,0,0
0,0,0,1,11,0,0,0,0
0,0,0,1,11,0,0,0,0
0,0,0,1,11,0,0,0,0
0,0,0,1,11,0,0,0,0
0,0,0,1,11,0,0,0,0
0,0,0,1,11,0,0,0,0
0,0,0,1,11,0,0,0,0
0,0,0,1,11,0,0,0,0
0,0,0,1,11,0,0,0,0
0,0,0,1,11,0,0,0,0
0,0,0,1,11,0,0,0,0
0,0,0,1,11,0,0,0,0
0,0,0,1,11,0,0,0,0
0,0,0,1,11,0,0,0,0
0,0,0,1,11,0,0,0,0
0,0,0,1,11,0,0,0,0
0,0,0,1,11,0,0,0,0
0,0,0,1,11,0,0,0,0
0,0,0,1,11,0,0,0,0
0,0,0,1,11,0,0,0,0
0,0,0,1,11,0,0,0,0
0,0,0,1,11,0,0,0,0
0,0,0,1,11,0,0,0,0
0,0,0,1,11,0,0,0,0
0,0,0,1,11,0,0,0,0
0,0,0,1,11,0,0,0,0
0,0,0,1,11,0,0,0,0
0,0,0,1,11,0,0,0,0
0,0,0,1,11,0,0,0,0
0,0,0,1,11,0,0,0,0
0,0,0,1,11,0,0,0,0
0,0,0,1,11,0,0,0,0
0,0,0,1,11,0,0,0,0
0,0,0,1,11,0,0,0,0
0,0,0,1,11,0,0,0,0
0,0,0,1,11,0,0,0,0
0,0,0,1,11,0,0,0,0
0,0,0,1,11,0,0,0,0
0,0,0,1,11,0,0,0,0
0,0,0,1,11,0,0,0,0
0,0,0,1,11,0,0,0,0
0,0,0,1,11,0,0,0,0
0,0,0,1,11,0,0,0,0
0,0,0,1,11,0,0,0,0
0,0,0,1,11,0,0,0,0
0,0,0,1,11,0,0,0,0
0,0,0,1,11,0,0,0,0
0,0,0,1,11,0,0,0,0
0,0,0,1,11,0,0,0,0
0,0,0,1,11,0,0,0,0
0,0,0,1,11,0,0,0,0
0,0,0,1,11,0,0,0,0
0,0,0,1,11,0,0,0,0
0,0,0,1,11,0,0,0,0
0,0,0,1,11,0,0,0,0
0,0,0,1,11,0,0,0,0
0,0,0,1,11,0,0,0,0
0,0,0,1,11,0,0,0,0
0,0,0,1,11,0,0,0,0
0,0,0,1,11,0,0,0,0
0,0,0,1,11,0,0,0,0
0,0,0,1,11,0,0,0,0
0,0,0,1,11,0,0,0,0
0,0,0,1,11,0,0,0,0
0,0,0,1,11,0,0,0,0
0,0,0,1,11,0,0,0,0
0,0,0,1,11,0,0,0,0
0,0,0,1,11,0,0,0,0
0,0,0,1,11,0,0,0,0
0,0,0,1,11,0,0,0,0
0,0,0,1,11,0,0,0,0
0,0,0,1,11,0,0,0,0
0,0,0,1,11,0,0,0,0
0,0,0,1,11,0,0,0,0
0,0,0,1,11,0,0,0,0
0,0,0,1,11,0,0,0,0
0,0,0,1,11,0,0,0,0
0,0,0,1,11,0,0,0,0
0,0,0,1,11,0,0,0,0
0,0,0,1,11,0,0,0,0
0,0,0,1,11,0,0,0,0
0,0,0,1,11,0,0,0,0
0,0,0,1,11,0,0,0,0
0,0,0,1,11,0,0,0,0
0,0,0,1,11,0,0,0,0
0,0,0,1,11,0,0,0,0
0,0,0,1,11,0,0,0,0
0,0,0,1,11,0,0,0,0
0,0,0,1,11,0,0,0,0
0,0,0,1,11,0,0,0,0
0,0,0,1,11,0,0,0,0
0,0,0,1,11,0,0,0,0
0,0,0,1,11,0,0,0,0
0,0,0,1,11,0,0,0,0
0,0,0,1,11,0,0,0,0
0,0,0,1,11,0,0,0,0
0,0,0,1,11,0,0,0,0
0,0,0,1,11,0,0,0,0
0,0,0,1,11,0,0,0,0
0,0,0,1,11,0,0,0,0
0,0,0,1,11,0,0,0,0
0,0,0,1,11,0,0,0,0
0,0,0,1,11,0,0,0,0
0,0,0,1,11,0,0,0,0
0,0,0,1,11,0,0,0,0
0,0,0,1,11,0,0,0,0
0,0,0,1,11,0,0,0,0
0,0,0,1,11,0,0,0,0
0,0,0,1,11,0,0,0,0
0,0,0,1,11,0,0,0,0
0,0,0,1,11,0,0,0,0
0,0,0,1,11,0,0,0,0
0,0,0,1,11,0,0,0,0
0,0,0,1,11,0,0,0,0
0,0,0,1,11,0,0,0,0
0,0,0,1,11,0,0,0,0
0,0,0,1,11,0,0,0,0
0,0,0,1,11,0,0,0,0
0,0,0,1,11,0,0,0,0
0,0,0,1,11,0,0,0,0
0,0,0,1,11,0,0,0,0
0,0,0,1,11,0,0,0,0
0,0,0,1,11,0,0,0,0
0,0,0,1,11,0,0,0,0
0,0,0,1,11,0,0,0,0
0,0,0,1,11,0,0,0,0
0,0,0,1,11,0,0,0,0
0,0,0,1,11,0,0,0,0
0,0,0,1,11,0,0,0,0
0,0,0,1,11,0,0,0,0
0,0,0,1,11,0,0,0,0
0,0,0,1,11,0,0,0,0
0,0,0,1,11,0,0,0,0
0,0,0,1,11,0,0,0,0
0,0,0,1,11,0,0,0,0
0,0,0,1,11,0,0,0,0
0,0,0,1,11,0,0,0,0
0,0,0,1,11,0,0,0,0
0,0,0,1,11,0,0,0,0
0,0,0,1,11,0,0,0,0
0,0,0,1,11,0,0,0,0
0,0,0,1,11,0,0,0,0
0,0,0,1,11,0,0,0,0
0,0,0,1,11,0,0,0,0
0,0,0,1,11,0,0,0,0
0,0,0,1,11,0,0,0,0
0,0,0,1,11,0,0,0,0
0,0,0,1,11,0,0,0,0
0,0,0,1,11,0,0,0,0
0,0,0,1,11,0,0,0,0
0,0,0,1,11,0,0,0,0
0,0,0,1,11,0,0,0,0
0,0,0,1,11,0,0,0,0
0,0,0,1,11,0,0,0,0
0,0,0,1,11,0,0,0,0
0,0,0,1,11,0,0,0,0
0,0,0,1,11,0,0,0,0
0,0,0,1,11,0,0,0,0
0,0,0,1,11,0,0,0,0
0,0,0,1,11,0,0,0,0
0,0,0,1,11,0,0,0,0
0,0,0,1,11,0,0,0,0
0,0,0,1,11,0,0,0,0
0,0,0,1,11,0,0,0,0
0,0,0,1,11,0,0,0,0
0,0,0,1,11,0,0,0,0
0,0,0,1,11,0,0,0,0
0,0,0,1,11,0,0,0,0
0,0,0,1,11,0,0,0,0
0,0,0,1,11,0,0,0,0
0,0,0,1,11,0,0,0,0
0,0,0,1,11,0,0,0,0
0,0,0,1,11,0,0,0,0
0,0,0,1,11,0,0,0,0
0,0,0,1,11,0,0,0,0
0,0,0,1,11,0,0,0,0
0,0,0,1,11,0,0,0,0
0,0,0,1,11,0,0,0,0
0,0,0,1,11,0,0,0,0
0,0,0,1,11,0,0,0,0
0,0,0,1,11,0,0,0,0
0,0,0,1,11,0,0,0,0
0,0,0,1,11,0,0,0,0
0,0,0,1,11,0,0,0,0
0,0,0,1,11,0,0,0,0
0,0,0,1,11,0,0,0,0
0,0,0,1,11,0,0,0,0
0,0,0,1,11,0,0,0,0
0,0,0,1,11,0,0,0,0
0,0,0,1,11,0,0,0,0
0,0,0,1,11,0,0,0,0
0,0,0,1,11,0,0,0,0
0,0,0,1,11,0,0,0,0
0,0,0,1,11,0,0,0,0
0,0,0,1,11,0,0,0,0
0,0,0,1,11,0,0,0,0
0,0,0,1,11,0,0,0,0
0,0,0,1,11,0,0,0,0
0,0,0,1,11,0,0,0,0
0,0,0,1,11,0,0,0,0
0,0,0,1,11,0,0,0,0
0,0,0,1,11,0,0,0,0
0,0,0,1,11,0,0,0,0
0,0,0,1,11,0,0,0,0
0,0,0,1,11,0,0,0,0
0,0,0,1,11,0,0,0,0
0,0,0,1,11,0,0,0,0
0,0,0,1,11,0,0,0,0
0,0,0,1,11,0,0,0,0
0,0,0,1,11,0,0,0,0
0,0,0,1,11,0,0,0,0
0,0,0,1,11,0,0,0,0
0,0,0,1,11,0,0,0,0
0,0,0,1,11,0,0,0,0
0,0,0,1,11,0,0,0,0
0,0,0,1,11,0,0,0,0
0,0,0,1,11,0,0,0,0
0,0,0,1,11,0,0,0,0
0,0,0,1,11,0,0,0,0
0,0,0,1,11,0,0,0,0
0,0,0,1,11,0,0,0,0
0,0,0,1,11,0,0,0,0
0,0,0,1,11,0,0,0,0
0,0,0,1,11,0,0,0,0
0,0,0,1,11,0,0,0,0
0,0,0,1,11,0,0,0,0
0,0,0,1,11,0,0,0,0
0,0,0,1,11,0,0,0,0
0,0,0,1,11,0,0,0,0
0,0,0,1,11,0,0,0,0
0,0,0,1,11,0,0,0,0
0,0,0,1,11,0,0,0,0
0,0,0,1,11,0,0,0,0
0,0,0,1,11,0,0,0,0
0,0,0,1,11,0,0,0,0
0,0,0,1,11,0,0,0,0
0,0,0,1,11,0,0,0,0
0,0,0,1,11,0,0,0,0
0,0,0,1,11,0,0,0,0
0,0,0,1,11,0,0,0,0
0,0,0,1,11,0,0,0,0
0,0,0,1,11,0,0,0,0
0,0,0,1,11,0,0,0,0
0,0,0,1,11,0,0,0,0
0,0,0,1,11,0,0,0,0
0,0,0,1,11,0,0,0,0
0,0,0,1,11,0,0,0,0
0,0,0,1,11,0,0,0,0
0,0,0,1,11,0,0,0,0
0,0,0,1,11,0,0,0,0
0,0,0,1,11,0,0,0,0
0,0,0,1,11,0,0,0,0
0,0,0,1,11,0,0,0,0
0,0,0,1,11,0,0,0,0
0,0,0,1,11,0,0,0,0
0,0,0,1,11,0,0,0,0
0,0,0,1,11,0,0,0,0
0,0,0,1,11,0,0,0,0
0,0,0,1,11,0,0,0,0
0,0,0,1,11,0,0,0,0
0,0,0,1,11,0,0,0,0
0,0,0,1,11,0,0,0,0
0,0,0,1,11,0,0,0,0
0,0,0,1,11,0,0,0,0
0,0,0,1,11,0,0,0,0
0,0,0,1,11,0,0,0,0
0,0,0,1,11,0,0,0,0
0,0,0,1,11,0,0,0,0
0,0,0,1,11,0,0,0,0
0,0,0,1,11,0,0,0,0
0,0,0,1,11,0,0,0,0
0,0,0,1,11,0,0,0,0
0,0,0,1,11,0,0,0,0
0,0,0,1,11,0,0,0,0
0,0,0,1,11,0,0,0,0
0,0,0,1,11,0,0,0,0
0,0,0,1,11,0,0,0,0
0,0,0,1,11,0,0,0,0
0,0,0,1,11,0,0,0,0
96,64,32,3,11,0,0,0,0
139,101,38,2,11,0,0,0,0
0,0,0,1,11,0,0,0,0
0,0,0,1,11,0,0,0,0
0,0,0,1,11,0,0,0,0
0,0,0,1,11,0,0,0,0
0,0,0,1,11,0,0,0,0
0,0,0,1,11,0,0,0,0
0,0,0,1,11,0,0,0,0
0,0,0,1,11,0,0,0,0
0,0,0,1,11,0,0,0,0
0,0,0,1,11,0,0,0,0
0,0,0,1,11,0,0,0,0
0,0,0,1,11,0,0,0,0
0,0,0,1,11,0,0,0,0
0,0,0,1,11,0,0,0,0
0,0,0,1,11,0,0,0,0
0,0,0,1,11,0,0,0,0
0,0,0,1,11,0,0,0,0
0,0,0,1,11,0,0,0,0
0,0,0,1,11,0,0,0,0
0,0,0,1,11,0,0,0,0
0,0,0,1,11,0,0,0,0
0,0,0,1,11,0,0,0,0
0,0,0,1,11,0,0,0,0
0,0,0,1,11,0,0,0,0
0,0,0,1,11,0,0,0,0
0,0,0,1,11,0,0,0,0
0,0,0,1,11,0,0,0,0
0,0,0,1,11,0,0,0,0
0,0,0,1,11,0,0,0,0
0,0,0,1,11,0,0,0,0
0,0,0,1,11,0,0,0,0
0,0,0,1,11,0,0,0,0
0,0,0,1,11,0,0,0,0
0,0,0,1,11,0,0,0,0
0,0,0,1,11,0,0,0,0
0,0,0,1,11,0,0,0,0
0,0,0,1,11,0,0,0,0
0,0,0,1,11,0,0,0,0
0,0,0,1,11,0,0,0,0
0,0,0,1,11,0,0,0,0
0,0,0,1,11,0,0,0,0
0,0,0,1,11,0,0,0,0
0,0,0,1,11,0,0,0,0
0,0,0,1,11,0,0,0,0
0,0,0,1,11,0,0,0,0
0,0,0,1,11,0,0,0,0
0,0,0,1,11,0,0,0,0
0,0,0,1,11,0,0,0,0
0,0,0,1,11,0,0,0,0
0,0,0,1,11,0,0,0,0
0,0,0,1,11,0,0,0,0
0,0,0,1,11,0,0,0,0
0,0,0,1,11,0,0,0,0
0,0,0,1,11,0,0,0,0
0,0,0,1,11,0,0,0,0
0,0,0,1,11,0,0,0,0
0,0,0,1,11,0,0,0,0
0,0,0,1,11,0,0,0,0
0,0,0,1,11,0,0,0,0
0,0,0,1,11,0,0,0,0
0,0,0,1,11,0,0,0,0
0,0,0,1,11,0,0,0,0
0,0,0,1,11,0,0,0,0
0,0,0,1,11,0,0,0,0
0,0,0,1,11,0,0,0,0
0,0,0,1,11,0,0,0,0
0,0,0,1,11,0,0,0,0
0,0,0,1,11,0,0,0,0
0,0,0,1,11,0,0,0,0
0,0,0,1,11,0,0,0,0
0,0,0,1,11,0,0,0,0
0,0,0,1,11,0,0,0,0
0,0,0,1,11,0,0,0,0
0,0,0,1,11,0,0,0,0
0,0,0,1,11,0,0,0,0
0,0,0,1,11,0,0,0,0
0,0,0,1,11,0,0,0,0
0,0,0,1,11,0,0,0,0
0,0,0,1,11,0,0,0,0
0,0,0,1,11,0,0,0,0
0,0,0,1,11,0,0,0,0
0,0,0,1,11,0,0,0,0
0,0,0,1,11,0,0,0,0
0,0,0,1,11,0,0,0,0
0,0,0,1,11,0,0,0,0
0,0,0,1,11,0,0,0,0
0,0,0,1,11,0,0,0,0
0,0,0,1,11,0,0,0,0
0,0,0,1,11,0,0,0,0
0,0,0,1,11,0,0,0,0
0,0,0,1,11,0,0,0,0
0,0,0,1,11,0,0,0,0
0,0,0,1,11,0,0,0,0
0,0,0,1,11,0,0,0,0
0,0,0,1,11,0,0,0,0
0,0,0,1,11,0,0,0,0
0,0,0,1,11,0,0,0,0
0,0,0,1,11,0,0,0,0
0,0,0,1,11,0,0,0,0
0,0,0,1,11,0,0,0,0
0,0,0,1,11,0,0,0,0
0,0,0,1,11,0,0,0,0
0,0,0,1,11,0,0,0,0
0,0,0,1,11,0,0,0,0
0,0,0,1,11,0,0,0,0
0,0,0,1,11,0,0,0,0
0,0,0,1,11,0,0,0,0
0,0,0,1,11,0,0,0,0
0,0,0,1,11,0,0,0,0
0,0,0,1,11,0,0,0,0
0,0,0,1,11,0,0,0,0
0,0,0,1,11,0,0,0,0
0,0,0,1,11,0,0,0,0
0,0,0,1,11,0,0,0,0
0,0,0,1,11,0,0,0,0
0,0,0,1,11,0,0,0,0
0,0,0,1,11,0,0,0,0
0,0,0,1,11,0,0,0,0
0,0,0,1,11,0,0,0,0
0,0,0,1,11,0,0,0,0
0,0,0,1,11,0,0,0,0
0,0,0,1,11,0,0,0,0
0,0,0,1,11,0,0,0,0
0,0,0,1,11,0,0,0,0
0,0,0,1,11,0,0,0,0
0,0,0,1,11,0,0,0,0
0,0,0,1,11,0,0,0,0
0,0,0,1,11,0,0,0,0
0,0,0,1,11,0,0,0,0
0,0,0,1,11,0,0,0,0
0,0,0,1,11,0,0,0,0
0,0,0,1,11,0,0,0,0
0,0,0,1,11,0,0,0,0
0,0,0,1,11,0,0,0,0
0,0,0,1,11,0,0,0,0
0,0,0,1,11,0,0,0,0
0,0,0,1,11,0,0,0,0
0,0,0,1,11,0,0,0,0
0,0,0,1,11,0,0,0,0
0,0,0,1,11,0,0,0,0
0,0,0,1,11,0,0,0,0
0,0,0,1,11,0,0,0,0
0,0,0,1,11,0,0,0,0
0,0,0,1,11,0,0,0,0
0,0,0,1,11,0,0,0,0
0,0,0,1,11,0,0,0,0
0,0,0,1,11,0,0,0,0
0,0,0,1,11,0,0,0,0
0,0,0,1,11,0,0,0,0
0,0,0,1,11,0,0,0,0
0,0,0,1,11,0,0,0,0
0,0,0,1,11,0,0,0,0
0,0,0,1,11,0,0,0,0
0,0,0,1,11,0,0,0,0
0,0,0,1,11,0,0,0,0
0,0,0,1,11,0,0,0,0
0,0,0,1,11,0,0,0,0
0,0,0,1,11,0,0,0,0
0,0,0,1,11,0,0,0,0
0,0,0,1,11,0,0,0,0
0,0,0,1,11,0,0,0,0
0,0,0,1,11,0,0,0,0
0,0,0,1,11,0,0,0,0
0,0,0,1,11,0,0,0,0
0,0,0,1,11,0,0,0,0
0,0,0,1,11,0,0,0,0
0,0,0,1,11,0,0,0,0
0,0,0,1,11,0,0,0,0
0,0,0,1,11,0,0,0,0
0,0,0,1,11,0,0,0,0
0,0,0,1,11,0,0,0,0
0,0,0,1,11,0,0,0,0
0,0,0,1,11,0,0,0,0
0,0,0,1,11,0,0,0,0
0,0,0,1,11,0,0,0,0
0,0,0,1,11,0,0,0,0
0,0,0,1,11,0,0,0,0
0,0,0,1,11,0,0,0,0
0,0,0,1,11,0,0,0,0
0,0,0,1,11,0,0,0,0
0,0,0,1,11,0,0,0,0
0,0,0,1,11,0,0,0,0
0,0,0,1,11,0,0,0,0
0,0,0,1,11,0,0,0,0
0,0,0,1,11,0,0,0,0
0,0,0,1,11,0,0,0,0
0,0,0,1,11,0,0,0,0
0,0,0,1,11,0,0,0,0
0,0,0,1,11,0,0,0,0
0,0,0,1,11,0,0,0,0
0,0,0,1,11,0,0,0,0
0,0,0,1,11,0,0,0,0
0,0,0,1,11,0,0,0,0
0,0,0,1,11,0,0,0,0
0,0,0,1,11,0,0,0,0
0,0,0,1,11,0,0,0,0
0,0,0,1,11,0,0,0,0
0,0,0,1,11,0,0,0,0
0,0,0,1,11,0,0,0,0
0,0,0,1,11,0,0,0,0
0,0,0,1,11,0,0,0,0
0,0,0,1,11,0,0,0,0
0,0,0,1,11,0,0,0,0
0,0,0,1,11,0,0,0,0
0,0,0,1,11,0,0,0,0
0,0,0,1,11,0,0,0,0
0,0,0,1,11,0,0,0,0
0,0,0,1,11,0,0,0,0
0,0,0,1,11,0,0,0,0
0,0,0,1,11,0,0,0,0
0,0,0,1,11,0,0,0,0
0,0,0,1,11,0,0,0,0
0,0,0,1,11,0,0,0,0
0,0,0,1,11,0,0,0,0
0,0,0,1,11,0,0,0,0
0,0,0,1,11,0,0,0,0
0,0,0,1,11,0,0,0,0
0,0,0,1,11,0,0,0,0
0,0,0,1,11,0,0,0,0
0,0,0,1,11,0,0,0,0
0,0,0,1,11,0,0,0,0
0,0,0,1,11,0,0,0,0
0,0,0,1,11,0,0,0,0
0,0,0,1,11,0,0,0,0
0,0,0,1,11,0,0,0,0
0,0,0,1,11,0,0,0,0
0,0,0,1,11,0,0,0,0
0,0,0,1,11,0,0,0,0
0,0,0,1,11,0,0,0,0
0,0,0,1,11,0,0,0,0
0,0,0,1,11,0,0,0,0
0,0,0,1,11,0,0,0,0
0,0,0,1,11,0,0,0,0
0,0,0,1,11,0,0,0,0
0,0,0,1,11,0,0,0,0
0,0,0,1,11,0,0,0,0
0,0,0,1,11,0,0,0,0
0,0,0,1,11,0,0,0,0
0,0,0,1,11,0,0,0,0
0,0,0,1,11,0,0,0,0
0,0,0,1,11,0,0,0,0
0,0,0,1,11,0,0,0,0
0,0,0,1,11,0,0,0,0
0,0,0,1,11,0,0,0,0
0,0,0,1,11,0,0,0,0
0,0,0,1,11,0,0,0,0
0,0,0,1,11,0,0,0,0
0,0,0,1,11,0,0,0,0
0,0,0,1,11,0,0,0,0
0,0,0,1,11,0,0,0,0
0,0,0,1,11,0,0,0,0
0,0,0,1,11,0,0,0,0
0,0,0,1,11,0,0,0,0
0,0,0,1,11,0,0,0,0
0,0,0,1,11,0,0,0,0
0,0,0,1,11,0,0,0,0
0,0,0,1,11,0,0,0,0
0,0,0,1,11,0,0,0,0
0,0,0,1,11,0,0,0,0
0,0,0,1,11,0,0,0,0
0,0,0,1,11,0,0,0,0
0,0,0,1,11,0,0,0,0
0,0,0,1,11,0,0,0,0
0,0,0,1,11,0,0,0,0
0,0,0,1,11,0,0,0,0
0,0,0,1,11,0,0,0,0
0,0,0,1,11,0,0,0,0
0,0,0,1,11,0,0,0,0
0,0,0,1,11,0,0,0,0
0,0,0,1,11,0,0,0,0
0,0,0,1,11,0,0,0,0
0,0,0,1,11,0,0,0,0
0,0,0,1,11,0,0,0,0
0,0,0,1,11,0,0,0,0
0,0,0,1,11,0,0,0,0
0,0,0,1,11,0,0,0,0
0,0,0,1,11,0,0,0,0
0,0,0,1,11,0,0,0,0
0,0,0,1,11,0,0,0,0
0,0,0,1,11,0,0,0,0
0,0,0,1,11,0,0,0,0
0,0,0,1,11,0,0,0,0
0,0,0,1,11,0,0,0,0
0,0,0,1,11,0,0,0,0
0,0,0,1,11,0,0,0,0
0,0,0,1,11,0,0,0,0
0,0,0,1,11,0,0,0,0
0,0,0,1,11,0,0,0,0
0,0,0,1,11,0,0,0,0
0,0,0,1,11,0,0,0,0
0,0,0,1,11,0,0,0,0
0,0,0,1,11,0,0,0,0
0,0,0,1,11,0,0,0,0
0,0,0,1,11,0,0,0,0
0,0,0,1,11,0,0,0,0
0,0,0,1,11,0,0,0,0
0,0,0,1,11,0,0,0,0
0,0,0,1,11,0,0,0,0
0,0,0,1,11,0,0,0,0
0,0,0,1,11,0,0,0,0
0,0,0,1,11,0,0,0,0
0,0,0,1,11,0,0,0,0
0,0,0,1,11,0,0,0,0
0,0,0,1,11,0,0,0,0
0,0,0,1,11,0,0,0,0
0,0,0,1,11,0,0,0,0
0,0,0,1,11,0,0,0,0
0,0,0,1,11,0,0,0,0
0,0,0,1,11,0,0,0,0
0,0,0,1,11,0,0,0,0
0,0,0,1,11,0,0,0,0
0,0,0,1,11,0,0,0,0
0,0,0,1,11,0,0,0,0
0,0,0,1,11,0,0,0,0
0,0,0,1,11,0,0,0,0
0,0,0,1,11,0,0,0,0
0,0,0,1,11,0,0,0,0
0,0,0,1,11,0,0,0,0
0,0,0,1,11,0,0,0,0
0,0,0,1,11,0,0,0,0
0,0,0,1,11,0,0,0,0
0,0,0,1,11,0,0,0,0
0,0,0,1,11,0,0,0,0
0,0,0,1,11,0,0,0,0
0,0,0,1,11,0,0,0,0
0,0,0,1,11,0,0,0,0
0,0,0,1,11,0,0,0,0
0,0,0,1,11,0,0,0,0
0,0,0,1,11,0,0,0,0
0,0,0,1,11,0,0,0,0
0,0,0,1,11,0,0,0,0
0,0,0,1,11,0,0,0,0
0,0,0,1,11,0,0,0,0
0,0,0,1,11,0,0,0,0
0,0,0,1,11,0,0,0,0
0,0,0,1,11,0,0,0,0
0,0,0,1,11,0,0,0,0
0,0,0,1,11,0,0,0,0
0,0,0,1,11,0,0,0,0
0,0,0,1,11,0,0,0,0
0,0,0,1,11,0,0,0,0
0,0,0,1,11,0,0,0,0
0,0,0,1,11,0,0,0,0
0,0,0,1,11,0,0,0,0
0,0,0,1,11,0,0,0,0
0,0,0,1,11,0,0,0,0
0,0,0,1,11,0,0,0,0
0,0,0,1,11,0,0,0,0
0,0,0,1,11,0,0,0,0
0,0,0,1,11,0,0,0,0
0,0,0,1,11,0,0,0,0
0,0,0,1,11,0,0,0,0
0,0,0,1,11,0,0,0,0
0,0,0,1,11,0,0,0,0
0,0,0,1,11,0,0,0,0
0,0,0,1,11,0,0,0,0
0,0,0,1,11,0,0,0,0
0,0,0,1,11,0,0,0,0
0,0,0,1,11,0,0,0,0
0,0,0,1,11,0,0,0,0
0,0,0,1,11,0,0,0,0
0,0,0,1,11,0,0,0,0
0,0,0,1,11,0,0,0,0
0,0,0,1,11,0,0,0,0
0,0,0,1,11,0,0,0,0
0,0,0,1,11,0,0,0,0
0,0,0,1,11,0,0,0,0
0,0,0,1,11,0,0,0,0
0,0,0,1,11,0,0,0,0
0,0,0,1,11,0,0,0,0
0,0,0,1,11,0,0,0,0
0,0,0,1,11,0,0,0,0
0,0,0,1,11,0,0,0,0
0,0,0,1,11,0,0,0,0
0,0,0,1,11,0,0,0,0
0,0,0,1,11,0,0,0,0
0,0,0,1,11,0,0,0,0
0,0,0,1,11,0,0,0,0
0,0,0,1,11,0,0,0,0
0,0,0,1,11,0,0,0,0
0,0,0,1,11,0,0,0,0
0,0,0,1,11,0,0,0,0
0,0,0,1,11,0,0,0,0
0,0,0,1,11,0,0,0,0
0,0,0,1,11,0,0,0,0
0,0,0,1,11,0,0,0,0
0,0,0,1,11,0,0,0,0
0,0,0,1,11,0,0,0,0
0,0,0,1,11,0,0,0,0
0,0,0,1,11,0,0,0,0
0,0,0,1,11,0,0,0,0
0,0,0,1,11,0,0,0,0
0,0,0,1,11,0,0,0,0
0,0,0,1,11,0,0,0,0
0,0,0,1,11,0,0,0,0
0,0,0,1,11,0,0,0,0
0,0,0,1,11,0,0,0,0
0,0,0,1,11,0,0,0,0
0,0,0,1,11,0,0,0,0
0,0,0,1,11,0,0,0,0
0,0,0,1,11,0,0,0,0
0,0,0,1,11,0,0,0,0
0,0,0,1,11,0,0,0,0
0,0,0,1,11,0,0,0,0
0,0,0,1,11,0,0,0,0
0,0,0,1,11,0,0,0,0
0,0,0,1,11,0,0,0,0
0,0,0,1,11,0,0,0,0
0,0,0,1,11,0,0,0,0
0,0,0,1,11,0,0,0,0
0,0,0,1,11,0,0,0,0
0,0,0,1,11,0,0,0,0
0,0,0,1,11,0,0,0,0
0,0,0,1,11,0,0,0,0
0,0,0,1,11,0,0,0,0
0,0,0,1,11,0,0,0,0
0,0,0,1,11,0,0,0,0
0,0,0,1,11,0,0,0,0
0,0,0,1,11,0,0,0,0
0,0,0,1,11,0,0,0,0
0,0,0,1,11,0,0,0,0
0,0,0,1,11,0,0,0,0
0,0,0,1,11,0,0,0,0
0,0,0,1,11,0,0,0,0
0,0,0,1,11,0,0,0,0
0,0,0,1,11,0,0,0,0
0,0,0,1,11,0,0,0,0
0,0,0,1,11,0,0,0,0
0,0,0,1,11,0,0,0,0
0,0,0,1,11,0,0,0,0
0,0,0,1,11,0,0,0,0
0,0,0,1,11,0,0,0,0
0,0,0,1,11,0,0,0,0
0,0,0,1,11,0,0,0,0
0,0,0,1,11,0,0,0,0
0,0,0,1,11,0,0,0,0
0,0,0,1,11,0,0,0,0
0,0,0,1,11,0,0,0,0
0,0,0,1,11,0,0,0,0
0,0,0,1,11,0,0,0,0
0,0,0,1,11,0,0,0,0
0,0,0,1,11,0,0,0,0
0,0,0,1,11,0,0,0,0
0,0,0,1,11,0,0,0,0
0,0,0,1,11,0,0,0,0
0,0,0,1,11,0,0,0,0
0,0,0,1,11,0,0,0,0
0,0,0,1,11,0,0,0,0
0,0,0,1,11,0,0,0,0
0,0,0,1,11,0,0,0,0
0,0,0,1,11,0,0,0,0
0,0,0,1,11,0,0,0,0
0,0,0,1,11,0,0,0,0
0,0,0,1,11,0,0,0,0
0,0,0,1,11,0,0,0,0
0,0,0,1,11,0,0,0,0
0,0,0,1,11,0,0,0,0
0,0,0,1,11,0,0,0,0
0,0,0,1,11,0,0,0,0
0,0,0,1,11,0,0,0,0
0,0,0,1,11,0,0,0,0
0,0,0,1,11,0,0,0,0
0,0,0,1,11,0,0,0,0
0,0,0,1,11,0,0,0,0
0,0,0,1,11,0,0,0,0
0,0,0,1,11,0,0,0,0
0,0,0,1,11,0,0,0,0
0,0,0,1,11,0,0,0,0
38,19,19,2,18,1,0,0,2041
7,3,4,1,176,0,0,0,2269
6,3,3,1,49,0,0,0,800
4,3,1,1,54,1,0,0,431
4,2,2,1,43,0,0,0,369
19,14,5,1,54,0,0,0,2123
9,5,4,1,121,0,0,0,1738
8,4,4,1,94,0,0,0,281
24,12,12,1,94,0,0,0,1298
4,2,2,1,94,0,0,0,172
6,3,3,1,94,0,0,0,1291
12,6,6,1,94,0,0,0,424
57,29,28,1,94,0,0,0,1761
23,12,11,1,94,0,0,0,1296
0,0,0,1,23,0,0,0,0
0,0,0,1,23,0,0,0,0
0,0,0,1,23,0,0,0,0
0,0,0,1,23,0,0,0,0
0,0,0,1,23,0,0,0,0
0,0,0,1,23,0,0,0,0
0,0,0,1,23,0,0,0,0
0,0,0,1,23,0,0,0,0
0,0,0,1,23,0,0,0,0
0,0,0,1,23,0,0,0,0
0,0,0,1,23,0,0,0,0
0,0,0,1,23,0,0,0,0
0,0,0,1,23,0,0,0,0
0,0,0,1,23,0,0,0,0
0,0,0,1,23,0,0,0,0
0,0,0,1,23,0,0,0,0
0,0,0,1,23,0,0,0,0
0,0,0,1,23,0,0,0,0
0,0,0,1,23,0,0,0,0
0,0,0,1,23,0,0,0,0
0,0,0,1,23,0,0,0,0
0,0,0,1,23,0,0,0,0
0,0,0,1,23,0,0,0,0
0,0,0,1,23,0,0,0,0
0,0,0,1,23,0,0,0,0
0,0,0,1,23,0,0,0,0
0,0,0,1,23,0,0,0,0
0,0,0,1,23,0,0,0,0
0,0,0,1,23,0,0,0,0
0,0,0,1,23,0,0,0,0
0,0,0,1,23,0,0,0,0
0,0,0,1,23,0,0,0,0
0,0,0,1,23,0,0,0,0
0,0,0,1,23,0,0,0,0
0,0,0,1,23,0,0,0,0
0,0,0,1,23,0,0,0,0
0,0,0,1,23,0,0,0,0
0,0,0,1,23,0,0,0,0
0,0,0,1,23,0,0,0,0
0,0,0,1,23,0,0,0,0
0,0,0,1,23,0,0,0,0
0,0,0,1,23,0,0,0,0
0,0,0,1,23,0,0,0,0
0,0,0,1,23,0,0,0,0
0,0,0,1,23,0,0,0,0
0,0,0,1,23,0,0,0,0
0,0,0,1,23,0,0,0,0
0,0,0,1,23,0,0,0,0
0,0,0,1,23,0,0,0,0
0,0,0,1,23,0,0,0,0
0,0,0,1,23,0,0,0,0
0,0,0,1,23,0,0,0,0
0,0,0,1,23,0,0,0,0
0,0,0,1,23,0,0,0,0
0,0,0,1,23,0,0,0,0
0,0,0,1,23,0,0,0,0
0,0,0,1,23,0,0,0,0
0,0,0,1,23,0,0,0,0
0,0,0,1,23,0,0,0,0
0,0,0,1,23,0,0,0,0
0,0,0,1,23,0,0,0,0
0,0,0,1,23,0,0,0,0
0,0,0,1,23,0,0,0,0
0,0,0,1,23,0,0,0,0
0,0,0,1,23,0,0,0,0
0,0,0,1,23,0,0,0,0
0,0,0,1,23,0,0,0,0
0,0,0,1,23,0,0,0,0
0,0,0,1,23,0,0,0,0
0,0,0,1,23,0,0,0,0
0,0,0,1,23,0,0,0,0
0,0,0,1,23,0,0,0,0
0,0,0,1,23,0,0,0,0
0,0,0,1,23,0,0,0,0
0,0,0,1,23,0,0,0,0
0,0,0,1,23,0,0,0,0
0,0,0,1,23,0,0,0,0
0,0,0,1,23,0,0,0,0
0,0,0,1,23,0,0,0,0
0,0,0,1,23,0,0,0,0
0,0,0,1,23,0,0,0,0
0,0,0,1,23,0,0,0,0
0,0,0,1,23,0,0,0,0
0,0,0,1,23,0,0,0,0
0,0,0,1,23,0,0,0,0
0,0,0,1,23,0,0,0,0
0,0,0,1,23,0,0,0,0
0,0,0,1,23,0,0,0,0
0,0,0,1,23,0,0,0,0
0,0,0,1,23,0,0,0,0
0,0,0,1,23,0,0,0,0
0,0,0,1,23,0,0,0,0
0,0,0,1,23,0,0,0,0
0,0,0,1,23,0,0,0,0
0,0,0,1,23,0,0,0,0
0,0,0,1,23,0,0,0,0
0,0,0,1,23,0,0,0,0
0,0,0,1,23,0,0,0,0
0,0,0,1,23,0,0,0,0
0,0,0,1,23,0,0,0,0
0,0,0,1,23,0,0,0,0
0,0,0,1,23,0,0,0,0
0,0,0,1,23,0,0,0,0
0,0,0,1,23,0,0,0,0
0,0,0,1,23,0,0,0,0
0,0,0,1,23,0,0,0,0
0,0,0,1,23,0,0,0,0
0,0,0,1,23,0,0,0,0
0,0,0,1,23,0,0,0,0
0,0,0,1,23,0,0,0,0
0,0,0,1,23,0,0,0,0
0,0,0,1,23,0,0,0,0
0,0,0,1,23,0,0,0,0
0,0,0,1,23,0,0,0,0
0,0,0,1,23,0,0,0,0
0,0,0,1,23,0,0,0,0
0,0,0,1,23,0,0,0,0
0,0,0,1,23,0,0,0,0
0,0,0,1,23,0,0,0,0
0,0,0,1,23,0,0,0,0
0,0,0,1,23,0,0,0,0
0,0,0,1,23,0,0,0,0
0,0,0,1,23,0,0,0,0
0,0,0,1,23,0,0,0,0
0,0,0,1,23,0,0,0,0
0,0,0,1,23,0,0,0,0
0,0,0,1,23,0,0,0,0
0,0,0,1,23,0,0,0,0
0,0,0,1,23,0,0,0,0
0,0,0,1,23,0,0,0,0
0,0,0,1,23,0,0,0,0
0,0,0,1,23,0,0,0,0
0,0,0,1,23,0,0,0,0
0,0,0,1,23,0,0,0,0
0,0,0,1,23,0,0,0,0
0,0,0,1,23,0,0,0,0
0,0,0,1,23,0,0,0,0
0,0,0,1,23,0,0,0,0
0,0,0,1,23,0,0,0,0
0,0,0,1,23,0,0,0,0
0,0,0,1,23,0,0,0,0
0,0,0,1,23,0,0,0,0
0,0,0,1,23,0,0,0,0
0,0,0,1,23,0,0,0,0
0,0,0,1,23,0,0,0,0
0,0,0,1,23,0,0,0,0
0,0,0,1,23,0,0,0,0
0,0,0,1,23,0,0,0,0
0,0,0,1,23,0,0,0,0
0,0,0,1,23,0,0,0,0
0,0,0,1,23,0,0,0,0
0,0,0,1,23,0,0,0,0
0,0,0,1,23,0,0,0,0
0,0,0,1,23,0,0,0,0
0,0,0,1,23,0,0,0,0
0,0,0,1,23,0,0,0,0
0,0,0,1,23,0,0,0,0
0,0,0,1,23,0,0,0,0
0,0,0,1,23,0,0,0,0
0,0,0,1,23,0,0,0,0
0,0,0,1,23,0,0,0,0
0,0,0,1,23,0,0,0,0
0,0,0,1,23,0,0,0,0
0,0,0,1,23,0,0,0,0
0,0,0,1,23,0,0,0,0
0,0,0,1,23,0,0,0,0
0,0,0,1,23,0,0,0,0
0,0,0,1,23,0,0,0,0
0,0,0,1,23,0,0,0,0
0,0,0,1,23,0,0,0,0
0,0,0,1,23,0,0,0,0
0,0,0,1,23,0,0,0,0
0,0,0,1,23,0,0,0,0
0,0,0,1,23,0,0,0,0
0,0,0,1,23,0,0,0,0
0,0,0,1,23,0,0,0,0
0,0,0,1,23,0,0,0,0
0,0,0,1,23,0,0,0,0
0,0,0,1,23,0,0,0,0
0,0,0,1,23,0,0,0,0
0,0,0,1,23,0,0,0,0
0,0,0,1,23,0,0,0,0
0,0,0,1,23,0,0,0,0
0,0,0,1,23,0,0,0,0
0,0,0,1,23,0,0,0,0
0,0,0,1,23,0,0,0,0
0,0,0,1,23,0,0,0,0
0,0,0,1,23,0,0,0,0
0,0,0,1,23,0,0,0,0
0,0,0,1,23,0,0,0,0
0,0,0,1,23,0,0,0,0
0,0,0,1,23,0,0,0,0
4,2,2,1,155,0,0,0.00102040816326531,980
9,3,6,2,48,0,0,0.00138312586445367,723
39,38,1,1,59,0,0,0,246
3,1,2,2,59,0,0,0,198
6,3,3,1,127,0,0,0,152
6,3,3,1,127,0,0,0,50
4,2,2,1,111,0,0,0,4186
4,2,2,1,122,0,0,0,3915
42,24,18,2,24,0,0,0.000938086303939962,1066
10,7,3,1,85,1,0,0,1237
7,4,3,1,12,1,0,0,3296
8,4,4,1,122,0,0,0,1892
28,14,14,1,145,0,0,0,347
12,8,4,1,145,0,0,0,894
21,14,7,1,145,0,0,0.00229357798165138,436
11,6,5,1,145,0,0,0,312
15,9,6,1,145,0,0,0,580
83,45,38,1,145,0,0,0,479
10,5,5,1,145,0,0,0,63
24,13,11,1,145,0,0,0,609
90,48,42,3,101,0,0,0,414
21,13,8,3,10,0,0,0,28
14,8,6,1,145,0,0,0,355
7,5,2,1,145,0,0,0,81
42,25,17,2,141,1,0,0,690
18,10,8,1,145,0,0,0,360
0,0,0,1,145,0,0,0,3
49,26,23,2,141,1,0,0,1645
75,33,42,1,145,0,0,0,216
9,5,4,2,101,0,0,0,215
25,13,12,3,101,0,0,0,852
17,8,9,1,145,0,0,0,806
9,4,5,1,145,0,0,0,529
17,10,7,2,101,0,0,0,263
14,8,6,2,101,0,0,0,207
70,43,27,2,101,0,0,0,929
24,13,11,2,17,1,0,0,55
72,37,35,2,138,0,0,0,1189
10,5,5,1,145,0,0,0,104
62,31,31,1,145,0,0,0,299
7,5,2,1,145,0,0,0,230
36,22,14,2,101,0,0,0,859
19,11,8,2,97,0,0,0,482
12,7,5,1,145,0,0,0,369
8,4,4,1,145,0,0,0,196
7,5,2,1,101,0,0,0,59
47,26,21,3,101,0,0,0,2361
10,5,5,1,145,0,0,0,235
6,4,2,1,145,0,0,0,270
19,11,8,2,101,0,0,0,334
141,77,64,2,106,1,0,0,764
6,4,2,1,145,0,0,0,126
9,6,3,1,145,0,0,0,190
20,10,10,1,145,0,0,0,129
7,5,2,1,145,0,0,0,474
96,51,45,3,101,0,0,0,1042
11,7,4,1,145,0,0,0,142
10,6,4,1,145,0,0,0,155
6,4,2,1,145,0,0,0,83
131,71,60,1,145,0,0,0,328
17,10,7,1,145,0,0,0,322
24,13,11,1,145,0,0,0,409
8,5,3,1,145,0,0,0,171
8,4,4,1,145,0,0,0,101
6,4,2,1,145,0,0,0,105
23,13,10,1,145,0,0,0,345
23,12,11,1,145,0,0,0,363
7,5,2,1,101,0,0,0,134
21,11,10,2,101,0,0,0,835
102,52,50,2,101,0,0,0,370
15,10,5,1,138,0,0,0,190
9,6,3,1,145,0,0,0,95
85,44,41,1,145,0,0,0,1451
68,33,35,3,101,0,0,0,1487
18,12,6,2,138,0,0,0,428
9,6,3,1,145,0,0,0,193
10,6,4,1,145,0,0,0,222
11,7,4,1,145,0,0,0,166
21,12,9,1,145,0,0,0,375
12,7,5,1,145,0,0,0,150
28,14,14,1,145,0,0,0,132
4,2,2,1,138,0,0,0,3
50,26,24,1,145,0,0,0,85
196,99,97,1,145,0,0,0,143
237,124,113,5,17,2,0,0,1102
339,198,141,3,101,0,0,0.000588928150765607,1698
42,22,20,1,145,0,0,0,180
55,26,29,1,117,0,0,0,174
12,8,4,2,101,0,0,0,180
4,4,0,1,117,0,0,0,83
10,5,5,1,145,0,0,0,150
8,5,3,1,145,0,0,0,224
20,11,9,2,25,1,0,0,117
57,30,27,1,145,0,0,0,508
41,22,19,2,101,0,0,0,448
4,2,2,1,145,0,0,0,663
18,11,7,2,101,0,0,0,268
8,5,3,1,145,0,0,0,122
10,6,4,1,145,0,0,0,248
19,10,9,2,101,0,0,0,170
16,10,6,1,145,0,0,0,344
6,4,2,1,145,0,0,0,204
8,5,3,1,145,0,0,0,449
12,7,5,1,145,0,0,0,536
17,10,7,1,145,0,0,0,253
9,6,3,1,145,0,0,0,358
105,55,50,4,101,1,0,0,2916
8,5,3,1,145,0,0,0,169
6,4,2,1,145,0,0,0,528
35,19,16,1,145,0,0,0,1266
6,3,3,1,145,0,0,0,392
32,19,13,4,10,0,0,0,546
17,11,6,1,145,0,0,0,909
42,25,17,2,101,0,0,0,869
11,7,4,1,145,0,0,0,297
12,7,5,1,101,0,0,0,1234
28,15,13,2,101,0,0,0,970
2,1,1,1,11,0,0,0,334
2,1,1,1,11,0,0,0,59
2,1,1,1,11,0,0,0,920
4,2,2,1,11,0,0,0,578
2,1,1,1,11,0,0,0,463
8,4,4,1,11,0,0,0,1434
2,1,1,1,11,0,0,0,122
2,1,1,1,11,0,0,0,507
6,3,3,1,121,0,0,0,840
188,138,50,3,90,1,0,0,878
2,1,1,1,90,0,0,0,501
4,2,2,1,26,0,0,0,83
5,4,1,1,35,0,0,0,239
6,5,1,1,35,0,0,0,217
6,5,1,1,35,0,0,0,142
57,36,21,4,168,1,0,0,213
32,15,17,1,151,0,0,0,89
32,15,17,1,151,0,0,0,65
29,27,2,2,103,1,0,0,289
12,6,6,1,95,0,0,0,643
4,2,2,1,95,0,0,0,83
10,5,5,1,95,0,0,0,361
5,2,3,1,95,0,0,0,288
5,3,2,1,95,0,0,0,259
11,6,5,1,95,0,0,0,862
5,4,1,1,22,0,0,0,72
26,17,9,2,7,0,0,0,209
11,10,1,1,22,0,0,0,76
25,19,6,3,22,0,0,0,118
5,4,1,1,22,0,0,0,99
38,32,6,1,105,1,0,0,191
12,7,5,1,95,0,0,0,83
5,4,1,1,22,0,0,0,99
6,4,2,1,94,0,0,0,59
4,2,2,1,24,0,0,0,218
37,5,32,2,22,0,0,0,632
27,20,7,3,22,0,0,0,113
4,1,3,1,22,0,0,0,159
31,20,11,3,7,0,0,0,210
11,10,1,1,7,0,0,0,75
5,4,1,1,22,0,0,0,68
2,1,1,1,54,0,0,0,88
21,16,5,1,7,0,0,0,239
11,10,1,1,7,0,0,0,80
4,2,2,1,54,0,0,0,77
5,4,1,1,22,0,0,0,84
5,4,1,1,22,0,0,0,81
4,2,2,1,24,0,0,0,214
100,78,22,6,22,0,0,0,758
19,10,9,6,22,0,0,0,468
63,54,9,4,22,1,0,0.00229621125143513,871
6,2,4,1,66,0,0,0,939
10,9,1,1,129,0,0,0,464
28,24,4,4,22,1,0,0,967
192,119,73,5,22,0,0,0,1235
6,3,3,1,149,0,0,0,698
19,1,18,1,24,0,0,0,69
81,61,20,6,25,0,0,0,1320
23,20,3,2,40,0,0,0,247
0,0,0,1,40,0,0,0,278
47,44,3,2,40,0,0,0,463
2,1,1,1,40,0,0,0,62
2,1,1,1,40,0,0,0,183
162,134,28,3,40,0,0,0,2358
0,0,0,1,100,0,0,0,92
0,0,0,1,100,0,0,0,183
0,0,0,1,100,0,0,0,7050
0,0,0,1,100,0,0,0,2
0,0,0,1,100,0,0,0,311
0,0,0,1,100,0,0,0,169
0,0,0,1,100,0,0,0,100
0,0,0,1,100,0,0,0,114
0,0,0,1,100,0,0,0,72
0,0,0,1,100,0,0,0,94
0,0,0,1,100,0,0,0,63
0,0,0,1,100,0,0,0,1248
0,0,0,1,100,0,0,0,607
0,0,0,1,100,0,0,0,367
0,0,0,1,100,0,0,0,149
0,0,0,1,100,0,0,0,66
0,0,0,1,100,0,0,0,78
0,0,0,1,100,0,0,0,700
0,0,0,1,100,0,0,0,104
0,0,0,1,100,0,0,0,95
0,0,0,1,100,0,0,0,62
0,0,0,1,100,0,0,0,36
0,0,0,1,100,0,0,0,228
0,0,0,1,100,0,0,0,65
0,0,0,1,100,0,0,0,135
0,0,0,1,100,0,0,0,37
2,1,1,2,76,0,0,0,393
0,0,0,1,100,0,0,0,82
0,0,0,1,100,0,0,0,107
0,0,0,1,100,0,0,0,42
0,0,0,1,100,0,0,0,242
0,0,0,1,100,0,0,0,70
0,0,0,1,100,0,0,0,40
0,0,0,1,100,0,0,0,167
0,0,0,1,100,0,0,0,44
4,2,2,2,76,0,0,0,904
0,0,0,1,100,0,0,0,136
2,1,1,2,76,0,0,0,167
0,0,0,1,100,0,0,0,50
0,0,0,1,100,0,0,0,292
0,0,0,1,100,0,0,0,112
0,0,0,1,100,0,0,0,154
0,0,0,1,100,0,0,0,258
0,0,0,1,100,0,0,0,101
0,0,0,1,100,0,0,0,109
0,0,0,1,100,0,0,0,58
0,0,0,1,100,0,0,0,118
0,0,0,1,100,0,0,0,44
0,0,0,1,100,0,0,0,78
0,0,0,1,100,0,0,0,73
0,0,0,1,100,0,0,0,168
0,0,0,1,100,0,0,0,85
23,18,5,2,15,0,0,0,1069
0,0,0,1,100,0,0,0,120
0,0,0,1,100,0,0,0,312
0,0,0,1,100,0,0,0,79
0,0,0,1,100,0,0,0,135
0,0,0,1,100,0,0,0,46
0,0,0,1,100,0,0,0,218
0,0,0,1,100,0,0,0,72
0,0,0,1,100,0,0,0,649
0,0,0,1,100,0,0,0,213
0,0,0,1,100,0,0,0,48
0,0,0,1,100,0,0,0,78
0,0,0,1,100,0,0,0,49
0,0,0,1,100,0,0,0,1
0,0,0,1,100,0,0,0,268
0,0,0,1,100,0,0,0,287
0,0,0,1,100,0,0,0,81
0,0,0,1,100,0,0,0,267
0,0,0,1,100,0,0,0,679
0,0,0,1,100,0,0,0,452
0,0,0,1,100,0,0,0,367
0,0,0,1,100,0,0,0,704
0,0,0,1,100,0,0,0,66
0,0,0,1,100,0,0,0,225
0,0,0,1,100,0,0,0,94
0,0,0,1,100,0,0,0,328
0,0,0,1,100,0,0,0,141
0,0,0,1,100,0,0,0,238
0,0,0,1,100,0,0,0,106
0,0,0,1,100,0,0,0,36
0,0,0,1,100,0,0,0,296
0,0,0,1,100,0,0,0,219
0,0,0,1,100,0,0,0,626
0,0,0,1,100,0,0,0,117
0,0,0,1,100,0,0,0,270
0,0,0,1,100,0,0,0,170
0,0,0,1,100,0,0,0,916
0,0,0,1,100,0,0,0,171
0,0,0,1,100,0,0,0,183
0,0,0,1,100,0,0,0,761
0,0,0,1,100,0,0,0,190
0,0,0,1,100,0,0,0,71
0,0,0,1,100,0,0,0,238
0,0,0,1,100,0,0,0,303
0,0,0,1,100,0,0,0,192
0,0,0,1,100,0,0,0,258
0,0,0,1,100,0,0,0,242
0,0,0,1,100,0,0,0,478
0,0,0,1,100,0,0,0,140
0,0,0,1,100,0,0,0,276
0,0,0,1,100,0,0,0,183
0,0,0,1,100,0,0,0,88
0,0,0,1,100,0,0,0,49
0,0,0,1,100,0,0,0,50
0,0,0,1,100,0,0,0,58
0,0,0,1,100,0,0,0,240
0,0,0,1,100,0,0,0,322
0,0,0,1,100,0,0,0,200
0,0,0,1,100,0,0,0,454
0,0,0,1,100,0,0,0,38
0,0,0,1,100,0,0,0,696
0,0,0,1,100,0,0,0,584
0,0,0,1,100,0,0,0,481
0,0,0,1,100,0,0,0,131
0,0,0,1,100,0,0,0,66
0,0,0,1,100,0,0,0,81
0,0,0,1,100,0,0,0,103
0,0,0,1,100,0,0,0,445
0,0,0,1,100,0,0,0,117
0,0,0,1,100,0,0,0,77
0,0,0,1,100,0,0,0,155
0,0,0,1,100,0,0,0,45
0,0,0,1,100,0,0,0,122
0,0,0,1,100,0,0,0,53
0,0,0,1,100,0,0,0,44
0,0,0,1,100,0,0,0,277
0,0,0,1,100,0,0,0,175
0,0,0,1,100,0,0,0,125
0,0,0,1,100,0,0,0,206
0,0,0,1,100,0,0,0,119
0,0,0,1,100,0,0,0,339
0,0,0,1,100,0,0,0,468
0,0,0,1,100,0,0,0,62
0,0,0,1,100,0,0,0,103
0,0,0,1,100,0,0,0,252
0,0,0,1,100,0,0,0,83
0,0,0,1,100,0,0,0,86
0,0,0,1,100,0,0,0,79
0,0,0,1,100,0,0,0,1
0,0,0,1,100,0,0,0,1
0,0,0,1,100,0,0,0,1
0,0,0,1,100,0,0,0,1
0,0,0,1,100,0,0,0,1
0,0,0,1,100,0,0,0,1
0,0,0,1,100,0,0,0,1
0,0,0,1,100,0,0,0,1
0,0,0,1,100,0,0,0,1
0,0,0,1,100,0,0,0,1
0,0,0,1,100,0,0,0,1
0,0,0,1,100,0,0,0,1
0,0,0,1,100,0,0,0,1
0,0,0,1,100,0,0,0,1
0,0,0,1,100,0,0,0,1
0,0,0,1,100,0,0,0,1
0,0,0,1,100,0,0,0,1
0,0,0,1,100,0,0,0,1
0,0,0,1,100,0,0,0,1
0,0,0,1,100,0,0,0,1
0,0,0,1,100,0,0,0,80
0,0,0,1,100,0,0,0,1
0,0,0,1,100,0,0,0,1
0,0,0,1,100,0,0,0,1
0,0,0,1,100,0,0,0,1
0,0,0,1,100,0,0,0,1
0,0,0,1,100,0,0,0,1
0,0,0,1,100,0,0,0,1
0,0,0,1,100,0,0,0,1
0,0,0,1,100,0,0,0,1
0,0,0,1,100,0,0,0,1
0,0,0,1,100,0,0,0,1
0,0,0,1,100,0,0,0,1
0,0,0,1,100,0,0,0,1
0,0,0,1,100,0,0,0,1
0,0,0,1,100,0,0,0,1
0,0,0,1,100,0,0,0,1
0,0,0,1,100,0,0,0,1
0,0,0,1,100,0,0,0,1
0,0,0,1,100,0,0,0,1
0,0,0,1,100,0,0,0,1
0,0,0,1,100,0,0,0,1
0,0,0,1,100,0,0,0,59
0,0,0,1,100,0,0,0,1
0,0,0,1,100,0,0,0,1
0,0,0,1,100,0,0,0,513
0,0,0,1,100,0,0,0,78
0,0,0,1,100,0,0,0,160
0,0,0,1,100,0,0,0,141
0,0,0,1,100,0,0,0,204
0,0,0,1,100,0,0,0,144
0,0,0,1,100,0,0,0,86
0,0,0,1,100,0,0,0,655
0,0,0,1,100,0,0,0,633
0,0,0,1,100,0,0,0,89
0,0,0,1,100,0,0,0,104
4,2,2,2,17,0,0,0,147
0,0,0,1,38,0,0,0,666
0,0,0,1,38,0,0,0,57
0,0,0,1,38,0,0,0,500
0,0,0,1,38,0,0,0,453
0,0,0,1,38,0,0,0,1822
4,2,2,2,17,0,0,0,5522
0,0,0,1,38,0,0,0,864
4,2,2,2,17,0,0,0,408
0,0,0,1,38,0,0,0,896
0,0,0,1,38,0,0,0,398
0,0,0,1,38,0,0,0,329
0,0,0,1,38,0,0,0,542
0,0,0,1,38,0,0,0,3034
0,0,0,1,38,0,0,0,315
0,0,0,1,38,0,0,0,78
0,0,0,1,38,0,0,0,499
0,0,0,1,38,0,0,0,309
0,0,0,1,38,0,0,0,2800
0,0,0,1,38,0,0,0,809
0,0,0,1,38,0,0,0,199
0,0,0,1,38,0,0,0,1461
0,0,0,1,38,0,0,0,57
0,0,0,1,38,0,0,0,33
0,0,0,1,38,0,0,0,377
0,0,0,1,38,0,0,0,81
0,0,0,1,38,0,0,0,97
0,0,0,1,38,0,0,0,141
0,0,0,1,38,0,0,0,178
0,0,0,1,38,0,0,0,107
0,0,0,1,38,0,0,0,101
0,0,0,1,38,0,0,0,36
0,0,0,1,38,0,0,0,38
0,0,0,1,38,0,0,0,236
0,0,0,1,38,0,0,0,123
0,0,0,1,38,0,0,0,114
0,0,0,1,38,0,0,0,36
0,0,0,1,38,0,0,0,57
0,0,0,1,38,0,0,0,46
0,0,0,1,38,0,0,0,89
0,0,0,1,38,0,0,0,301
0,0,0,1,38,0,0,0,89
0,0,0,1,38,0,0,0,63
0,0,0,1,38,0,0,0,55
0,0,0,1,38,0,0,0,51
0,0,0,1,38,0,0,0,48
0,0,0,1,38,0,0,0,52
0,0,0,1,38,0,0,0,41
0,0,0,1,38,0,0,0,65
0,0,0,1,38,0,0,0,976
0,0,0,1,38,0,0,0,140
0,0,0,1,38,0,0,0,238
0,0,0,1,38,0,0,0,301
0,0,0,1,38,0,0,0,96
0,0,0,1,38,0,0,0,470
0,0,0,1,38,0,0,0,82
0,0,0,1,38,0,0,0,659
0,0,0,1,38,0,0,0,272
0,0,0,1,38,0,0,0,515
0,0,0,1,38,0,0,0,89
0,0,0,1,38,0,0,0,872
0,0,0,1,38,0,0,0,208
4,2,2,2,17,0,0,0,993
0,0,0,1,38,0,0,0,176
0,0,0,1,38,0,0,0,5187
4,3,1,2,7,0,0,0,5511
0,0,0,1,38,0,0,0,172
0,0,0,1,38,0,0,0,1357
0,0,0,1,38,0,0,0,130
0,0,0,1,38,0,0,0,183
0,0,0,1,38,0,0,0,73
0,0,0,1,38,0,0,0,852
0,0,0,1,38,0,0,0,4298
0,0,0,1,38,0,0,0,37
0,0,0,1,38,0,0,0,72
0,0,0,1,38,0,0,0,241
0,0,0,1,38,0,0,0,306
0,0,0,1,38,0,0,0,1845
0,0,0,1,38,0,0,0,1019
0,0,0,1,38,0,0,0,2726
0,0,0,1,38,0,0,0,48
0,0,0,1,38,0,0,0,344
0,0,0,1,38,0,0,0,861
0,0,0,1,38,0,0,0,72
0,0,0,1,38,0,0,0,59
4,2,2,2,17,0,0,0,53
0,0,0,1,38,0,0,0,67
0,0,0,1,38,0,0,0,438
0,0,0,1,38,0,0,0,269
0,0,0,1,38,0,0,0,378
0,0,0,1,38,0,0,0,158
0,0,0,1,38,0,0,0,196
0,0,0,1,38,0,0,0,3148
0,0,0,1,38,0,0,0,948
0,0,0,1,38,0,0,0,299
0,0,0,1,38,0,0,0,568
0,0,0,1,38,0,0,0,935
0,0,0,1,38,0,0,0,177
0,0,0,1,38,0,0,0,142
0,0,0,1,38,0,0,0,62
0,0,0,1,38,0,0,0,78
0,0,0,1,38,0,0,0,100
0,0,0,1,38,0,0,0,88
0,0,0,1,38,0,0,0,291
0,0,0,1,38,0,0,0,139
0,0,0,1,38,0,0,0,88
0,0,0,1,38,0,0,0,77
0,0,0,1,38,0,0,0,162
0,0,0,1,38,0,0,0,97
0,0,0,1,38,0,0,0,340
0,0,0,1,38,0,0,0,306
0,0,0,1,38,0,0,0,100
0,0,0,1,38,0,0,0,338
0,0,0,1,38,0,0,0,97
0,0,0,1,38,0,0,0,210
0,0,0,1,38,0,0,0,130
0,0,0,1,38,0,0,0,354
0,0,0,1,38,0,0,0,2347
0,0,0,1,38,0,0,0,109
0,0,0,1,38,0,0,0,50
0,0,0,1,38,0,0,0,114
0,0,0,1,38,0,0,0,38
0,0,0,1,38,0,0,0,35
0,0,0,1,38,0,0,0,119
0,0,0,1,38,0,0,0,218
0,0,0,1,38,0,0,0,253
0,0,0,1,38,0,0,0,29
0,0,0,1,38,0,0,0,155
0,0,0,1,38,0,0,0,1859
0,0,0,1,38,0,0,0,459
0,0,0,1,38,0,0,0,1184
0,0,0,1,38,0,0,0,144
0,0,0,1,38,0,0,0,52
0,0,0,1,38,0,0,0,234
0,0,0,1,38,0,0,0,307
0,0,0,1,38,0,0,0,384
0,0,0,1,38,0,0,0,139
0,0,0,1,38,0,0,0,129
0,0,0,1,38,0,0,0,25
0,0,0,1,38,0,0,0,21
0,0,0,1,38,0,0,0,144
0,0,0,1,38,0,0,0,25
0,0,0,1,38,0,0,0,32
0,0,0,1,38,0,0,0,37
0,0,0,1,38,0,0,0,24
0,0,0,1,38,0,0,0,23
0,0,0,1,38,0,0,0,134
0,0,0,1,38,0,0,0,38
0,0,0,1,38,0,0,0,19
0,0,0,1,38,0,0,0,71
0,0,0,1,38,0,0,0,111
0,0,0,1,38,0,0,0,28
0,0,0,1,38,0,0,0,174
0,0,0,1,38,0,0,0,21
0,0,0,1,38,0,0,0,19
0,0,0,1,38,0,0,0,38
0,0,0,1,38,0,0,0,105
0,0,0,1,38,0,0,0,56
0,0,0,1,38,0,0,0,68
0,0,0,1,38,0,0,0,224
0,0,0,1,38,0,0,0,28
0,0,0,1,38,0,0,0,26
0,0,0,1,38,0,0,0,834
0,0,0,1,38,0,0,0,22
0,0,0,1,38,0,0,0,92
0,0,0,1,38,0,0,0,267
0,0,0,1,38,0,0,0,25
0,0,0,1,38,0,0,0,20
0,0,0,1,38,0,0,0,46
0,0,0,1,38,0,0,0,189
0,0,0,1,38,0,0,0,157
0,0,0,1,38,0,0,0,21
0,0,0,1,38,0,0,0,26
0,0,0,1,38,0,0,0,43
0,0,0,1,38,0,0,0,132
0,0,0,1,38,0,0,0,24
0,0,0,1,38,0,0,0,60
0,0,0,1,38,0,0,0,22
0,0,0,1,38,0,0,0,775
0,0,0,1,38,0,0,0,46
0,0,0,1,38,0,0,0,21
0,0,0,1,38,0,0,0,37
0,0,0,1,38,0,0,0,23
0,0,0,1,38,0,0,0,17
0,0,0,1,38,0,0,0,20
0,0,0,1,38,0,0,0,80
0,0,0,1,38,0,0,0,26
0,0,0,1,38,0,0,0,20
0,0,0,1,38,0,0,0,92
0,0,0,1,38,0,0,0,28
0,0,0,1,38,0,0,0,42
0,0,0,1,38,0,0,0,161
0,0,0,1,38,0,0,0,426
0,0,0,1,38,0,0,0,75
0,0,0,1,38,0,0,0,60
0,0,0,1,38,0,0,0,22
0,0,0,1,38,0,0,0,26
0,0,0,1,38,0,0,0,39
0,0,0,1,38,0,0,0,23
0,0,0,1,38,0,0,0,332
0,0,0,1,38,0,0,0,115
0,0,0,1,38,0,0,0,46
0,0,0,1,38,0,0,0,39
0,0,0,1,38,0,0,0,40
0,0,0,1,38,0,0,0,21
0,0,0,1,38,0,0,0,60
0,0,0,1,38,0,0,0,209
0,0,0,1,38,0,0,0,21
0,0,0,1,38,0,0,0,188
0,0,0,1,38,0,0,0,22
0,0,0,1,38,0,0,0,29
0,0,0,1,38,0,0,0,91
0,0,0,1,38,0,0,0,24
0,0,0,1,38,0,0,0,53
0,0,0,1,38,0,0,0,107
0,0,0,1,38,0,0,0,24
0,0,0,1,38,0,0,0,39
0,0,0,1,38,0,0,0,51
0,0,0,1,38,0,0,0,22
0,0,0,1,38,0,0,0,331
0,0,0,1,38,0,0,0,269
0,0,0,1,38,0,0,0,25
0,0,0,1,38,0,0,0,28
0,0,0,1,38,0,0,0,24
0,0,0,1,38,0,0,0,83
0,0,0,1,38,0,0,0,24
0,0,0,1,38,0,0,0,218
0,0,0,1,38,0,0,0,21
0,0,0,1,38,0,0,0,119
0,0,0,1,38,0,0,0,26
0,0,0,1,38,0,0,0,21
0,0,0,1,38,0,0,0,103
0,0,0,1,38,0,0,0,21
0,0,0,1,38,0,0,0,71
0,0,0,1,38,0,0,0,26
0,0,0,1,38,0,0,0,23
0,0,0,1,38,0,0,0,83
0,0,0,1,38,0,0,0,27
0,0,0,1,38,0,0,0,21
0,0,0,1,38,0,0,0,102
0,0,0,1,38,0,0,0,28
0,0,0,1,38,0,0,0,46
0,0,0,1,38,0,0,0,26
0,0,0,1,38,0,0,0,71
0,0,0,1,38,0,0,0,20
0,0,0,1,38,0,0,0,164
0,0,0,1,38,0,0,0,223
0,0,0,1,38,0,0,0,193
0,0,0,1,38,0,0,0,2295
0,0,0,1,38,0,0,0,174
0,0,0,1,38,0,0,0,1130
0,0,0,1,38,0,0,0,286
0,0,0,1,38,0,0,0,314
0,0,0,1,38,0,0,0,438
0,0,0,1,38,0,0,0,50
0,0,0,1,38,0,0,0,106
0,0,0,1,38,0,0,0,66
0,0,0,1,38,0,0,0,1290
0,0,0,1,38,0,0,0,129
0,0,0,1,38,0,0,0,103
0,0,0,1,38,0,0,0,73
0,0,0,1,38,0,0,0,8
0,0,0,1,38,0,0,0,32
0,0,0,1,38,0,0,0,286
0,0,0,1,38,0,0,0,64
0,0,0,1,38,0,0,0,105
0,0,0,1,38,0,0,0,2460
0,0,0,1,38,0,0,0,39
0,0,0,1,38,0,0,0,1163
0,0,0,1,38,0,0,0,289
0,0,0,1,38,0,0,0,1275
0,0,0,1,38,0,0,0,799
0,0,0,1,38,0,0,0,862
0,0,0,1,38,0,0,0,159
0,0,0,1,38,0,0,0,1050
0,0,0,1,38,0,0,0,1341
0,0,0,1,38,0,0,0,1062
0,0,0,1,38,0,0,0,1570
0,0,0,1,38,0,0,0,1374
0,0,0,1,38,0,0,0,333
0,0,0,1,38,0,0,0,47
0,0,0,1,38,0,0,0,47
0,0,0,1,38,0,0,0,32
0,0,0,1,38,0,0,0,47
0,0,0,1,38,0,0,0,47
0,0,0,1,38,0,0,0,47
0,0,0,1,38,0,0,0,47
0,0,0,1,38,0,0,0,47
0,0,0,1,38,0,0,0,47
0,0,0,1,38,0,0,0,119
0,0,0,1,38,0,0,0,533
0,0,0,1,38,0,0,0,55
0,0,0,1,38,0,0,0,116
0,0,0,1,38,0,0,0,300
0,0,0,1,38,0,0,0,63
0,0,0,1,38,0,0,0,173
0,0,0,1,38,0,0,0,260
0,0,0,1,38,0,0,0,71
0,0,0,1,38,0,0,0,125
0,0,0,1,38,0,0,0,60
0,0,0,1,38,0,0,0,138
0,0,0,1,38,0,0,0,139
0,0,0,1,38,0,0,0,81
0,0,0,1,38,0,0,0,109
4,2,2,2,17,0,0,0,74
0,0,0,1,38,0,0,0,161
0,0,0,1,38,0,0,0,167
0,0,0,1,38,0,0,0,187
0,0,0,1,38,0,0,0,157
0,0,0,1,38,0,0,0,72
0,0,0,1,38,0,0,0,74
0,0,0,1,38,0,0,0,311
0,0,0,1,38,0,0,0,325
0,0,0,1,38,0,0,0,88
0,0,0,1,38,0,0,0,125
0,0,0,1,38,0,0,0,105
0,0,0,1,38,0,0,0,133
0,0,0,1,38,0,0,0,147
0,0,0,1,38,0,0,0,166
0,0,0,1,38,0,0,0,88
0,0,0,1,38,0,0,0,139
0,0,0,1,38,0,0,0,100
0,0,0,1,38,0,0,0,72
0,0,0,1,38,0,0,0,93
0,0,0,1,38,0,0,0,51
0,0,0,1,38,0,0,0,94
0,0,0,1,38,0,0,0,123
0,0,0,1,38,0,0,0,152
0,0,0,1,38,0,0,0,99
0,0,0,1,38,0,0,0,72
0,0,0,1,38,0,0,0,68
0,0,0,1,38,0,0,0,357
0,0,0,1,38,0,0,0,35
0,0,0,1,38,0,0,0,259
0,0,0,1,38,0,0,0,448
0,0,0,1,38,0,0,0,1246
0,0,0,1,38,0,0,0,269
0,0,0,1,38,0,0,0,270
0,0,0,1,38,0,0,0,263
0,0,0,1,38,0,0,0,349
0,0,0,1,38,0,0,0,125
0,0,0,1,38,0,0,0,217
0,0,0,1,38,0,0,0,484
0,0,0,1,38,0,0,0,377
0,0,0,1,38,0,0,0,359
0,0,0,1,38,0,0,0,139
0,0,0,1,38,0,0,0,2548
0,0,0,1,38,0,0,0,441
0,0,0,1,38,0,0,0,436
0,0,0,1,38,0,0,0,429
0,0,0,1,38,0,0,0,1728
0,0,0,1,38,0,0,0,1479
0,0,0,1,38,0,0,0,78
0,0,0,1,38,0,0,0,285
0,0,0,1,38,0,0,0,73
0,0,0,1,38,0,0,0,134
0,0,0,1,38,0,0,0,136
0,0,0,1,38,0,0,0,63
0,0,0,1,38,0,0,0,580
18,9,9,2,17,0,0,0,278
0,0,0,1,38,0,0,0,85
0,0,0,1,38,0,0,0,73
0,0,0,1,38,0,0,0,463
0,0,0,1,38,0,0,0,382
0,0,0,1,38,0,0,0,370
0,0,0,1,38,0,0,0,311
0,0,0,1,38,0,0,0,103
0,0,0,1,38,0,0,0,7918
0,0,0,1,38,0,0,0,415
0,0,0,1,38,0,0,0,278
0,0,0,1,38,0,0,0,164
0,0,0,1,38,0,0,0,56
0,0,0,1,38,0,0,0,4024
0,0,0,1,38,0,0,0,805
0,0,0,1,38,0,0,0,129
0,0,0,1,38,0,0,0,72
0,0,0,1,38,0,0,0,556
0,0,0,1,38,0,0,0,98
0,0,0,1,38,0,0,0,1058
0,0,0,1,38,0,0,0,72
0,0,0,1,38,0,0,0,389
0,0,0,1,38,0,0,0,96
0,0,0,1,38,0,0,0,575
0,0,0,1,38,0,0,0,194
0,0,0,1,38,0,0,0,405
0,0,0,1,38,0,0,0,586
0,0,0,1,38,0,0,0,244
0,0,0,1,38,0,0,0,182
0,0,0,1,38,0,0,0,120
0,0,0,1,38,0,0,0,273
0,0,0,1,38,0,0,0,226
0,0,0,1,38,0,0,0,140
0,0,0,1,38,0,0,0,111
0,0,0,1,38,0,0,0,88
0,0,0,1,38,0,0,0,214
0,0,0,1,38,0,0,0,65
0,0,0,1,38,0,0,0,98
0,0,0,1,38,0,0,0,1543
0,0,0,1,38,0,0,0,125
0,0,0,1,38,0,0,0,594
0,0,0,1,38,0,0,0,64
0,0,0,1,38,0,0,0,96
0,0,0,1,38,0,0,0,2170
9,1,8,2,17,0,0,0,307
0,0,0,1,38,0,0,0,55
0,0,0,1,38,0,0,0,45
0,0,0,1,38,0,0,0,40
0,0,0,1,38,0,0,0,34
0,0,0,1,38,0,0,0,52
0,0,0,1,38,0,0,0,217
0,0,0,1,38,0,0,0,41
0,0,0,1,38,0,0,0,2384
0,0,0,1,38,0,0,0,69
0,0,0,1,38,0,0,0,26
0,0,0,1,38,0,0,0,77
0,0,0,1,38,0,0,0,126
0,0,0,1,38,0,0,0,185
0,0,0,1,38,0,0,0,208
0,0,0,1,38,0,0,0,55
0,0,0,1,38,0,0,0,61
0,0,0,1,38,0,0,0,26
0,0,0,1,38,0,0,0,199
0,0,0,1,38,0,0,0,232
0,0,0,1,38,0,0,0,161
0,0,0,1,38,0,0,0,362
0,0,0,1,38,0,0,0,73
0,0,0,1,38,0,0,0,592
0,0,0,1,38,0,0,0,80
0,0,0,1,38,0,0,0,250
0,0,0,1,38,0,0,0,100
0,0,0,1,38,0,0,0,102
0,0,0,1,38,0,0,0,634
0,0,0,1,38,0,0,0,228
0,0,0,1,38,0,0,0,2115
0,0,0,1,38,0,0,0,113
0,0,0,1,38,0,0,0,237
0,0,0,1,38,0,0,0,33
0,0,0,1,38,0,0,0,189
0,0,0,1,38,0,0,0,197
0,0,0,1,38,0,0,0,27
0,0,0,1,38,0,0,0,669
0,0,0,1,38,0,0,0,8
0,0,0,1,38,0,0,0,736
0,0,0,1,38,0,0,0,350
0,0,0,1,38,0,0,0,27
0,0,0,1,38,0,0,0,294
0,0,0,1,38,0,0,0,326
0,0,0,1,38,0,0,0,27
0,0,0,1,38,0,0,0,303
0,0,0,1,38,0,0,0,234
0,0,0,1,38,0,0,0,27
0,0,0,1,38,0,0,0,145
0,0,0,1,38,0,0,0,27
0,0,0,1,38,0,0,0,123
0,0,0,1,38,0,0,0,68
0,0,0,1,38,0,0,0,1208
0,0,0,1,38,0,0,0,190
0,0,0,1,38,0,0,0,1053
0,0,0,1,38,0,0,0,817
0,0,0,1,38,0,0,0,192
0,0,0,1,38,0,0,0,42
0,0,0,1,38,0,0,0,12
0,0,0,1,38,0,0,0,12
0,0,0,1,38,0,0,0,70
0,0,0,1,38,0,0,0,20
0,0,0,1,38,0,0,0,445
0,0,0,1,38,0,0,0,68
0,0,0,1,38,0,0,0,1247
0,0,0,1,38,0,0,0,90
0,0,0,1,38,0,0,0,319
0,0,0,1,38,0,0,0,43
0,0,0,1,38,0,0,0,618
0,0,0,1,38,0,0,0,61
0,0,0,1,38,0,0,0,168
0,0,0,1,38,0,0,0,48
0,0,0,1,38,0,0,0,793
0,0,0,1,38,0,0,0,177
0,0,0,1,38,0,0,0,224
0,0,0,1,38,0,0,0,356
0,0,0,1,38,0,0,0,48
0,0,0,1,38,0,0,0,341
0,0,0,1,38,0,0,0,68
0,0,0,1,38,0,0,0,49
0,0,0,1,38,0,0,0,49
0,0,0,1,38,0,0,0,50
0,0,0,1,38,0,0,0,2305
0,0,0,1,38,0,0,0,233
0,0,0,1,38,0,0,0,59
0,0,0,1,38,0,0,0,63
0,0,0,1,38,0,0,0,30
0,0,0,1,38,0,0,0,30
0,0,0,1,38,0,0,0,59
0,0,0,1,38,0,0,0,30
0,0,0,1,38,0,0,0,1784
0,0,0,1,38,0,0,0,625
0,0,0,1,38,0,0,0,3633
0,0,0,1,38,0,0,0,318
0,0,0,1,38,0,0,0,1091
0,0,0,1,38,0,0,0,115
0,0,0,1,38,0,0,0,343
0,0,0,1,38,0,0,0,928
0,0,0,1,38,0,0,0,145
0,0,0,1,38,0,0,0,293
0,0,0,1,38,0,0,0,640
0,0,0,1,38,0,0,0,3455
0,0,0,1,38,0,0,0,512
0,0,0,1,38,0,0,0,894
0,0,0,1,38,0,0,0,106
0,0,0,1,38,0,0,0,1317
0,0,0,1,38,0,0,0,219
0,0,0,1,38,0,0,0,69
0,0,0,1,38,0,0,0,42
0,0,0,1,38,0,0,0,536
0,0,0,1,38,0,0,0,136
0,0,0,1,38,0,0,0,91
0,0,0,1,38,0,0,0,201
0,0,0,1,38,0,0,0,99
0,0,0,1,38,0,0,0,292
0,0,0,1,38,0,0,0,890
0,0,0,1,38,0,0,0,312
0,0,0,1,38,0,0,0,740
0,0,0,1,38,0,0,0,1689
0,0,0,1,38,0,0,0,447
0,0,0,1,38,0,0,0,224
0,0,0,1,38,0,0,0,636
0,0,0,1,38,0,0,0,41
0,0,0,1,38,0,0,0,173
0,0,0,1,38,0,0,0,255
0,0,0,1,38,0,0,0,89
0,0,0,1,38,0,0,0,71
0,0,0,1,38,0,0,0,271
0,0,0,1,38,0,0,0,1479
0,0,0,1,38,0,0,0,299
0,0,0,1,38,0,0,0,167
0,0,0,1,38,0,0,0,293
0,0,0,1,38,0,0,0,503
0,0,0,1,38,0,0,0,292
0,0,0,1,38,0,0,0,185
0,0,0,1,38,0,0,0,65
0,0,0,1,38,0,0,0,77
4,2,2,2,17,0,0,0,88
0,0,0,1,38,0,0,0,120
0,0,0,1,38,0,0,0,72
0,0,0,1,38,0,0,0,284
0,0,0,1,38,0,0,0,56
0,0,0,1,38,0,0,0,257
0,0,0,1,38,0,0,0,102
0,0,0,1,38,0,0,0,47
0,0,0,1,38,0,0,0,109
0,0,0,1,38,0,0,0,139
0,0,0,1,38,0,0,0,308
0,0,0,1,38,0,0,0,342
0,0,0,1,38,0,0,0,1345
10,5,5,2,17,0,0,0,1299
0,0,0,1,38,0,0,0,181
0,0,0,1,38,0,0,0,82
0,0,0,1,38,0,0,0,196
0,0,0,1,38,0,0,0,53
0,0,0,1,38,0,0,0,101
0,0,0,1,38,0,0,0,221
0,0,0,1,38,0,0,0,103
18,9,9,2,17,0,0,0,941
0,0,0,1,38,0,0,0,115
0,0,0,1,38,0,0,0,705
0,0,0,1,38,0,0,0,83
0,0,0,1,38,0,0,0,126
0,0,0,1,38,0,0,0,641
0,0,0,1,38,0,0,0,172
0,0,0,1,38,0,0,0,172
0,0,0,1,38,0,0,0,86
0,0,0,1,38,0,0,0,376
0,0,0,1,38,0,0,0,515
0,0,0,1,38,0,0,0,193
0,0,0,1,38,0,0,0,47
0,0,0,1,38,0,0,0,211
0,0,0,1,38,0,0,0,268
0,0,0,1,38,0,0,0,73
0,0,0,1,38,0,0,0,73
0,0,0,1,38,0,0,0,83
0,0,0,1,38,0,0,0,191
0,0,0,1,38,0,0,0,366
0,0,0,1,38,0,0,0,149
0,0,0,1,38,0,0,0,74
0,0,0,1,38,0,0,0,54
0,0,0,1,38,0,0,0,252
0,0,0,1,38,0,0,0,259
0,0,0,1,38,0,0,0,80
0,0,0,1,38,0,0,0,347
0,0,0,1,38,0,0,0,257
0,0,0,1,38,0,0,0,30
0,0,0,1,38,0,0,0,881
0,0,0,1,38,0,0,0,113
4,2,2,2,17,0,0,0,1738
0,0,0,1,38,0,0,0,44
0,0,0,1,38,0,0,0,185
0,0,0,1,38,0,0,0,644
0,0,0,1,38,0,0,0,209
0,0,0,1,38,0,0,0,43
0,0,0,1,38,0,0,0,73
0,0,0,1,38,0,0,0,190
0,0,0,1,38,0,0,0,2219
0,0,0,1,38,0,0,0,149
0,0,0,1,38,0,0,0,397
0,0,0,1,38,0,0,0,67
0,0,0,1,38,0,0,0,100
0,0,0,1,38,0,0,0,499
4,2,2,2,17,0,0,0,2894
0,0,0,1,38,0,0,0,1756
4,2,2,2,17,0,0,0,3380
0,0,0,1,38,0,0,0,2410
0,0,0,1,38,0,0,0,660
0,0,0,1,38,0,0,0,279
0,0,0,1,38,0,0,0,1379
0,0,0,1,38,0,0,0,439
0,0,0,1,38,0,0,0,640
0,0,0,1,38,0,0,0,609
0,0,0,1,38,0,0,0,988
0,0,0,1,38,0,0,0,169
0,0,0,1,38,0,0,0,714
0,0,0,1,38,0,0,0,268
0,0,0,1,38,0,0,0,2659
0,0,0,1,38,0,0,0,8453
0,0,0,1,38,0,0,0,46
0,0,0,1,38,0,0,0,25
0,0,0,1,38,0,0,0,47
0,0,0,1,38,0,0,0,491
0,0,0,1,38,0,0,0,1771
0,0,0,1,38,0,0,0,599
0,0,0,1,38,0,0,0,40
0,0,0,1,38,0,0,0,318
0,0,0,1,38,0,0,0,36
0,0,0,1,38,0,0,0,311
0,0,0,1,38,0,0,0,36
0,0,0,1,38,0,0,0,282
0,0,0,1,38,0,0,0,36
0,0,0,1,38,0,0,0,234
0,0,0,1,38,0,0,0,31
0,0,0,1,38,0,0,0,323
0,0,0,1,38,0,0,0,35
0,0,0,1,38,0,0,0,235
0,0,0,1,38,0,0,0,34
0,0,0,1,38,0,0,0,314
0,0,0,1,38,0,0,0,39
0,0,0,1,38,0,0,0,323
0,0,0,1,38,0,0,0,37
0,0,0,1,38,0,0,0,254
0,0,0,1,38,0,0,0,39
0,0,0,1,38,0,0,0,226
0,0,0,1,38,0,0,0,34
0,0,0,1,38,0,0,0,464
0,0,0,1,38,0,0,0,37
0,0,0,1,38,0,0,0,236
0,0,0,1,38,0,0,0,37
0,0,0,1,38,0,0,0,314
0,0,0,1,38,0,0,0,39
0,0,0,1,38,0,0,0,801
0,0,0,1,38,0,0,0,45
0,0,0,1,38,0,0,0,236
0,0,0,1,38,0,0,0,32
0,0,0,1,38,0,0,0,238
0,0,0,1,38,0,0,0,33
0,0,0,1,38,0,0,0,237
0,0,0,1,38,0,0,0,32
0,0,0,1,38,0,0,0,232
0,0,0,1,38,0,0,0,32
0,0,0,1,38,0,0,0,326
0,0,0,1,38,0,0,0,33
0,0,0,1,38,0,0,0,233
0,0,0,1,38,0,0,0,32
0,0,0,1,38,0,0,0,321
0,0,0,1,38,0,0,0,33
0,0,0,1,38,0,0,0,253
0,0,0,1,38,0,0,0,33
0,0,0,1,38,0,0,0,483
0,0,0,1,38,0,0,0,95
0,0,0,1,38,0,0,0,316
0,0,0,1,38,0,0,0,40
0,0,0,1,38,0,0,0,368
0,0,0,1,38,0,0,0,36
0,0,0,1,38,0,0,0,194
0,0,0,1,38,0,0,0,34
0,0,0,1,38,0,0,0,331
0,0,0,1,38,0,0,0,36
0,0,0,1,38,0,0,0,282
0,0,0,1,38,0,0,0,57
0,0,0,1,38,0,0,0,175
0,0,0,1,38,0,0,0,32
0,0,0,1,38,0,0,0,293
0,0,0,1,38,0,0,0,32
0,0,0,1,38,0,0,0,316
0,0,0,1,38,0,0,0,36
0,0,0,1,38,0,0,0,553
0,0,0,1,38,0,0,0,43
0,0,0,1,38,0,0,0,313
0,0,0,1,38,0,0,0,35
0,0,0,1,38,0,0,0,580
0,0,0,1,38,0,0,0,44
0,0,0,1,38,0,0,0,446
0,0,0,1,38,0,0,0,39
0,0,0,1,38,0,0,0,240
0,0,0,1,38,0,0,0,53
0,0,0,1,38,0,0,0,264
0,0,0,1,38,0,0,0,37
0,0,0,1,38,0,0,0,557
0,0,0,1,38,0,0,0,43
0,0,0,1,38,0,0,0,240
0,0,0,1,38,0,0,0,54
0,0,0,1,38,0,0,0,191
0,0,0,1,38,0,0,0,33
0,0,0,1,38,0,0,0,221
0,0,0,1,38,0,0,0,35
0,0,0,1,38,0,0,0,234
0,0,0,1,38,0,0,0,31
0,0,0,1,38,0,0,0,463
0,0,0,1,38,0,0,0,36
0,0,0,1,38,0,0,0,238
0,0,0,1,38,0,0,0,31
0,0,0,1,38,0,0,0,235
0,0,0,1,38,0,0,0,33
0,0,0,1,38,0,0,0,455
0,0,0,1,38,0,0,0,58
0,0,0,1,38,0,0,0,231
0,0,0,1,38,0,0,0,32
0,0,0,1,38,0,0,0,290
0,0,0,1,38,0,0,0,35
0,0,0,1,38,0,0,0,580
0,0,0,1,38,0,0,0,42
0,0,0,1,38,0,0,0,247
0,0,0,1,38,0,0,0,34
0,0,0,1,38,0,0,0,257
0,0,0,1,38,0,0,0,35
0,0,0,1,38,0,0,0,376
0,0,0,1,38,0,0,0,36
0,0,0,1,38,0,0,0,375
0,0,0,1,38,0,0,0,39
0,0,0,1,38,0,0,0,353
0,0,0,1,38,0,0,0,34
4,2,2,2,17,0,0,0,44
0,0,0,1,38,0,0,0,24
0,0,0,1,38,0,0,0,349
0,0,0,1,38,0,0,0,66
0,0,0,1,38,0,0,0,736
0,0,0,1,38,0,0,0,82
0,0,0,1,38,0,0,0,1094
0,0,0,1,38,0,0,0,1499
4,3,1,2,17,0,0,0,7785
0,0,0,1,38,0,0,0,279
0,0,0,1,38,0,0,0,527
0,0,0,1,38,0,0,0,1553
0,0,0,1,38,0,0,0,1801
0,0,0,1,38,0,0,0,113
0,0,0,1,38,0,0,0,1794
0,0,0,1,38,0,0,0,73
0,0,0,1,38,0,0,0,887
0,0,0,1,38,0,0,0,200
0,0,0,1,38,0,0,0,554
0,0,0,1,38,0,0,0,406
0,0,0,1,38,0,0,0,245
0,0,0,1,38,0,0,0,176
0,0,0,1,38,0,0,0,62
0,0,0,1,38,0,0,0,1421
0,0,0,1,38,0,0,0,1551
0,0,0,1,38,0,0,0,218
0,0,0,1,38,0,0,0,3784
0,0,0,1,38,0,0,0,30
0,0,0,1,38,0,0,0,1470
0,0,0,1,38,0,0,0,59
0,0,0,1,38,0,0,0,30
0,0,0,1,38,0,0,0,1534
0,0,0,1,38,0,0,0,11519
0,0,0,1,38,0,0,0,57
0,0,0,1,38,0,0,0,413
14,7,7,2,17,0,0,0,172
3,2,1,2,17,0,0,0,100
0,0,0,1,38,0,0,0,373
0,0,0,1,38,0,0,0,252
0,0,0,1,38,0,0,0,129
0,0,0,1,38,0,0,0,491
0,0,0,1,38,0,0,0,66
0,0,0,1,38,0,0,0,227
0,0,0,1,38,0,0,0,1276
0,0,0,1,38,0,0,0,108
0,0,0,1,38,0,0,0,90
0,0,0,1,38,0,0,0,104
0,0,0,1,38,0,0,0,392
0,0,0,1,38,0,0,0,264
0,0,0,1,38,0,0,0,203
0,0,0,1,38,0,0,0,120
0,0,0,1,38,0,0,0,440
0,0,0,1,38,0,0,0,989
0,0,0,1,38,0,0,0,102
0,0,0,1,38,0,0,0,214
2,1,1,2,17,0,0,0,126
0,0,0,1,38,0,0,0,130
0,0,0,1,38,0,0,0,101
0,0,0,1,38,0,0,0,159
0,0,0,1,38,0,0,0,33
44,22,22,2,17,0,0,0,906
0,0,0,1,38,0,0,0,88
0,0,0,1,38,0,0,0,52
0,0,0,1,38,0,0,0,316
0,0,0,1,38,0,0,0,64
4,2,2,2,17,0,0,0,123
0,0,0,1,38,0,0,0,55
0,0,0,1,38,0,0,0,258
0,0,0,1,38,0,0,0,42
0,0,0,1,38,0,0,0,180
0,0,0,1,38,0,0,0,187
0,0,0,1,38,0,0,0,172
0,0,0,1,38,0,0,0,100
0,0,0,1,38,0,0,0,65
0,0,0,1,38,0,0,0,158
0,0,0,1,38,0,0,0,66
0,0,0,1,38,0,0,0,135
0,0,0,1,38,0,0,0,150
0,0,0,1,38,0,0,0,49
0,0,0,1,38,0,0,0,35
0,0,0,1,38,0,0,0,433
0,0,0,1,38,0,0,0,132
0,0,0,1,38,0,0,0,43
28,14,14,2,17,0,0,0,186
0,0,0,1,38,0,0,0,916
0,0,0,1,38,0,0,0,43
0,0,0,1,38,0,0,0,75
10,5,5,2,17,0,0,0,631
0,0,0,1,38,0,0,0,133
0,0,0,1,38,0,0,0,196
0,0,0,1,38,0,0,0,73
0,0,0,1,38,0,0,0,182
0,0,0,1,38,0,0,0,45
0,0,0,1,38,0,0,0,118
0,0,0,1,38,0,0,0,40
0,0,0,1,38,0,0,0,66
0,0,0,1,38,0,0,0,143
0,0,0,1,38,0,0,0,89
0,0,0,1,38,0,0,0,121
4,2,2,2,17,0,0,0,242
0,0,0,1,38,0,0,0,64
0,0,0,1,38,0,0,0,136
22,11,11,2,17,0,0,0,235
8,4,4,2,17,0,0,0,101
0,0,0,1,38,0,0,0,99
0,0,0,1,38,0,0,0,109
0,0,0,1,38,0,0,0,52
4,3,1,2,16,0,0,0,139
0,0,0,1,38,0,0,0,77
0,0,0,1,38,0,0,0,61
0,0,0,1,38,0,0,0,134
0,0,0,1,38,0,0,0,243
0,0,0,1,38,0,0,0,1009
0,0,0,1,38,0,0,0,123
0,0,0,1,38,0,0,0,79
0,0,0,1,38,0,0,0,42
0,0,0,1,38,0,0,0,233
0,0,0,1,38,0,0,0,133
0,0,0,1,38,0,0,0,626
0,0,0,1,38,0,0,0,107
0,0,0,1,38,0,0,0,346
6,5,1,2,16,0,0,0,130
18,9,9,2,17,0,0,0,235
0,0,0,1,38,0,0,0,30
0,0,0,1,38,0,0,0,43
0,0,0,1,38,0,0,0,198
0,0,0,1,38,0,0,0,200
0,0,0,1,38,0,0,0,216
0,0,0,1,38,0,0,0,50
0,0,0,1,38,0,0,0,961
0,0,0,1,38,0,0,0,163
0,0,0,1,38,0,0,0,81
0,0,0,1,38,0,0,0,1764
0,0,0,1,38,0,0,0,253
0,0,0,1,38,0,0,0,2207
8,4,4,2,17,0,0,0,100
0,0,0,1,38,0,0,0,61
0,0,0,1,38,0,0,0,438
0,0,0,1,38,0,0,0,78
0,0,0,1,38,0,0,0,133
41,39,2,2,17,0,0,0,63
0,0,0,1,38,0,0,0,26
0,0,0,1,38,0,0,0,61
0,0,0,1,38,0,0,0,41
0,0,0,1,38,0,0,0,34
0,0,0,1,38,0,0,0,37
0,0,0,1,38,0,0,0,27
0,0,0,1,38,0,0,0,30
0,0,0,1,38,0,0,0,87
0,0,0,1,38,0,0,0,74
0,0,0,1,38,0,0,0,145
10,5,5,2,17,0,0,0,162
0,0,0,1,38,0,0,0,626
0,0,0,1,38,0,0,0,76
0,0,0,1,38,0,0,0,67
0,0,0,1,38,0,0,0,147
0,0,0,1,38,0,0,0,52
0,0,0,1,38,0,0,0,62
0,0,0,1,38,0,0,0,274
0,0,0,1,38,0,0,0,78
0,0,0,1,38,0,0,0,103
0,0,0,1,38,0,0,0,708
0,0,0,1,38,0,0,0,106
0,0,0,1,38,0,0,0,330
0,0,0,1,38,0,0,0,39
0,0,0,1,38,0,0,0,47
0,0,0,1,38,0,0,0,215
109,108,1,2,16,0,0,0,917
0,0,0,1,38,0,0,0,61
0,0,0,1,38,0,0,0,317
0,0,0,1,38,0,0,0,1236
0,0,0,1,38,0,0,0,505
8,4,4,2,17,0,0,0,129
0,0,0,1,38,0,0,0,328
0,0,0,1,38,0,0,0,272
0,0,0,1,38,0,0,0,131
0,0,0,1,38,0,0,0,254
0,0,0,1,38,0,0,0,1378
0,0,0,1,38,0,0,0,33
0,0,0,1,38,0,0,0,98
0,0,0,1,38,0,0,0,935
0,0,0,1,38,0,0,0,33
0,0,0,1,38,0,0,0,686
0,0,0,1,38,0,0,0,253
0,0,0,1,38,0,0,0,607
0,0,0,1,38,0,0,0,125
0,0,0,1,38,0,0,0,41
0,0,0,1,38,0,0,0,446
0,0,0,1,38,0,0,0,95
0,0,0,1,38,0,0,0,236
0,0,0,1,38,0,0,0,933
0,0,0,1,38,0,0,0,304
0,0,0,1,38,0,0,0,96
0,0,0,1,38,0,0,0,57
0,0,0,1,38,0,0,0,54
0,0,0,1,38,0,0,0,366
0,0,0,1,38,0,0,0,59
0,0,0,1,38,0,0,0,48
0,0,0,1,38,0,0,0,54
0,0,0,1,38,0,0,0,62
0,0,0,1,38,0,0,0,47
0,0,0,1,38,0,0,0,49
0,0,0,1,38,0,0,0,336
0,0,0,1,38,0,0,0,314
0,0,0,1,38,0,0,0,29
0,0,0,1,38,0,0,0,128
0,0,0,1,38,0,0,0,526
0,0,0,1,38,0,0,0,96
0,0,0,1,38,0,0,0,233
0,0,0,1,38,0,0,0,5549
0,0,0,1,38,0,0,0,34
0,0,0,1,38,0,0,0,119
0,0,0,1,38,0,0,0,88
0,0,0,1,38,0,0,0,76
0,0,0,1,38,0,0,0,86
0,0,0,1,38,0,0,0,440
0,0,0,1,38,0,0,0,30
0,0,0,1,38,0,0,0,60
0,0,0,1,38,0,0,0,262
0,0,0,1,38,0,0,0,260
0,0,0,1,38,0,0,0,314
0,0,0,1,38,0,0,0,309
0,0,0,1,38,0,0,0,115
0,0,0,1,38,0,0,0,42
0,0,0,1,38,0,0,0,509
0,0,0,1,38,0,0,0,377
0,0,0,1,38,0,0,0,52
0,0,0,1,38,0,0,0,93
0,0,0,1,38,0,0,0,69
0,0,0,1,38,0,0,0,85
0,0,0,1,38,0,0,0,58
0,0,0,1,38,0,0,0,126
0,0,0,1,38,0,0,0,49
4,2,2,2,17,0,0,0,57
6,3,3,2,17,0,0,0,346
0,0,0,1,38,0,0,0,56
0,0,0,1,38,0,0,0,37
0,0,0,1,38,0,0,0,73
0,0,0,1,38,0,0,0,46
0,0,0,1,38,0,0,0,45
0,0,0,1,38,0,0,0,102
0,0,0,1,38,0,0,0,48
0,0,0,1,38,0,0,0,60
0,0,0,1,38,0,0,0,44
0,0,0,1,38,0,0,0,47
0,0,0,1,38,0,0,0,102
0,0,0,1,38,0,0,0,293
0,0,0,1,38,0,0,0,73
0,0,0,1,38,0,0,0,502
0,0,0,1,38,0,0,0,29
0,0,0,1,38,0,0,0,91
0,0,0,1,38,0,0,0,334
0,0,0,1,38,0,0,0,189
0,0,0,1,38,0,0,0,188
0,0,0,1,38,0,0,0,142
0,0,0,1,38,0,0,0,56
0,0,0,1,38,0,0,0,47
0,0,0,1,38,0,0,0,74
0,0,0,1,38,0,0,0,3676
0,0,0,1,38,0,0,0,119
0,0,0,1,38,0,0,0,39
0,0,0,1,38,0,0,0,461
0,0,0,1,38,0,0,0,183
0,0,0,1,38,0,0,0,78
0,0,0,1,38,0,0,0,92
0,0,0,1,38,0,0,0,297
0,0,0,1,38,0,0,0,55
0,0,0,1,38,0,0,0,30
0,0,0,1,38,0,0,0,102
0,0,0,1,38,0,0,0,178
8,4,4,2,17,0,0,0,125
0,0,0,1,38,0,0,0,314
0,0,0,1,38,0,0,0,80
0,0,0,1,38,0,0,0,833
0,0,0,1,38,0,0,0,237
0,0,0,1,38,0,0,0,89
0,0,0,1,38,0,0,0,87
0,0,0,1,38,0,0,0,124
0,0,0,1,38,0,0,0,150
0,0,0,1,38,0,0,0,52
0,0,0,1,38,0,0,0,57
0,0,0,1,38,0,0,0,75
0,0,0,1,38,0,0,0,126
0,0,0,1,38,0,0,0,137
0,0,0,1,38,0,0,0,46
0,0,0,1,38,0,0,0,61
40,20,20,2,17,0,0,0,227
0,0,0,1,38,0,0,0,30
0,0,0,1,38,0,0,0,80
0,0,0,1,38,0,0,0,87
0,0,0,1,38,0,0,0,327
0,0,0,1,38,0,0,0,295
0,0,0,1,38,0,0,0,30
0,0,0,1,38,0,0,0,59
0,0,0,1,38,0,0,0,30
0,0,0,1,38,0,0,0,439
0,0,0,1,38,0,0,0,77
0,0,0,1,38,0,0,0,427
0,0,0,1,38,0,0,0,456
0,0,0,1,38,0,0,0,57
0,0,0,1,38,0,0,0,47
0,0,0,1,38,0,0,0,30
0,0,0,1,38,0,0,0,54
0,0,0,1,38,0,0,0,2225
0,0,0,1,38,0,0,0,2408
0,0,0,1,38,0,0,0,31
0,0,0,1,38,0,0,0,62
0,0,0,1,38,0,0,0,31
0,0,0,1,38,0,0,0,37
0,0,0,1,38,0,0,0,494
0,0,0,1,38,0,0,0,69
0,0,0,1,38,0,0,0,85
0,0,0,1,38,0,0,0,810
0,0,0,1,38,0,0,0,364
0,0,0,1,38,0,0,0,1150
0,0,0,1,38,0,0,0,348
0,0,0,1,38,0,0,0,290
0,0,0,1,38,0,0,0,124
0,0,0,1,38,0,0,0,138
0,0,0,1,38,0,0,0,36
0,0,0,1,38,0,0,0,126
0,0,0,1,38,0,0,0,35
18,9,9,2,17,0,0,0,123
0,0,0,1,38,0,0,0,408
0,0,0,1,38,0,0,0,161
8,4,4,2,17,0,0,0,581
0,0,0,1,38,0,0,0,44
0,0,0,1,38,0,0,0,42
0,0,0,1,38,0,0,0,30
0,0,0,1,38,0,0,0,363
0,0,0,1,38,0,0,0,730
0,0,0,1,38,0,0,0,207
0,0,0,1,38,0,0,0,199
0,0,0,1,38,0,0,0,211
0,0,0,1,38,0,0,0,131
0,0,0,1,38,0,0,0,507
0,0,0,1,38,0,0,0,417
0,0,0,1,38,0,0,0,428
0,0,0,1,38,0,0,0,344
0,0,0,1,38,0,0,0,578
0,0,0,1,38,0,0,0,562
0,0,0,1,38,0,0,0,88
0,0,0,1,38,0,0,0,137
0,0,0,1,38,0,0,0,137
0,0,0,1,38,0,0,0,30
0,0,0,1,38,0,0,0,60
0,0,0,1,38,0,0,0,34
6,3,3,2,17,0,0,0,166
0,0,0,1,38,0,0,0,518
4,2,2,2,17,0,0,0,104
0,0,0,1,38,0,0,0,153
0,0,0,1,38,0,0,0,43
0,0,0,1,38,0,0,0,30
0,0,0,1,38,0,0,0,105
0,0,0,1,38,0,0,0,805
0,0,0,1,38,0,0,0,33
0,0,0,1,38,0,0,0,7012
0,0,0,1,38,0,0,0,149
0,0,0,1,38,0,0,0,125
0,0,0,1,38,0,0,0,106
0,0,0,1,17,0,0,0,350
0,0,0,1,17,0,0,0,1745
0,0,0,1,17,0,0,0,48
0,0,0,1,17,0,0,0,150
0,0,0,1,17,0,0,0,2055
0,0,0,1,17,0,0,0,46
9,6,3,3,16,0,0,0,342
0,0,0,1,17,0,0,0,520
0,0,0,1,17,0,0,0,120
0,0,0,1,1,0,0,0,0
0,0,0,1,1,0,0,0,0
0,0,0,1,1,0,0,0,0
0,0,0,1,1,0,0,0,0
0,0,0,1,1,0,0,0,1854
0,0,0,1,1,0,0,0,35
0,0,0,1,1,0,0,0,0
0,0,0,1,1,0,0,0,0
0,0,0,1,1,0,0,0,0
0,0,0,1,1,0,0,0,0
0,0,0,1,1,0,0,0,0
0,0,0,1,1,0,0,0,0
0,0,0,1,1,0,0,0,0
0,0,0,1,1,0,0,0,0
0,0,0,1,1,0,0,0,0
0,0,0,1,1,0,0,0,0
0,0,0,1,1,0,0,0,0
0,0,0,1,1,0,0,0,0
0,0,0,1,1,0,0,0,89
0,0,0,1,1,0,0,0,43
0,0,0,1,17,0,0,0,83
0,0,0,1,17,0,0,0,66
0,0,0,1,17,0,0,0,66
0,0,0,1,17,0,0,0,158
0,0,0,1,17,0,0,0,29
0,0,0,1,17,0,0,0,41
0,0,0,1,17,0,0,0,153
0,0,0,1,17,0,0,0,31
0,0,0,1,17,0,0,0,126
0,0,0,1,17,0,0,0,22
0,0,0,1,17,0,0,0,96
0,0,0,1,17,0,0,0,72
0,0,0,1,17,0,0,0,90
0,0,0,1,17,0,0,0,121
0,0,0,1,17,0,0,0,42
0,0,0,1,17,0,0,0,91
0,0,0,1,17,0,0,0,1050
0,0,0,1,17,0,0,0,157
0,0,0,1,17,0,0,0,491
0,0,0,1,17,0,0,0,114
0,0,0,1,17,0,0,0,376
0,0,0,1,17,0,0,0,195
0,0,0,1,17,0,0,0,344
0,0,0,1,17,0,0,0,128
0,0,0,1,17,0,0,0,677
0,0,0,1,17,0,0,0,234
0,0,0,1,17,0,0,0,12
0,0,0,1,17,0,0,0,41
0,0,0,1,17,0,0,0,109
0,0,0,1,17,0,0,0,350
0,0,0,1,17,0,0,0,125
0,0,0,1,17,0,0,0,114
0,0,0,1,17,0,0,0,170
0,0,0,1,17,0,0,0,208
0,0,0,1,17,0,0,0,51
0,0,0,1,17,0,0,0,114
0,0,0,1,17,0,0,0,120
0,0,0,1,17,0,0,0,115
0,0,0,1,17,0,0,0,52
0,0,0,1,17,0,0,0,46
0,0,0,1,17,0,0,0,61
0,0,0,1,17,0,0,0,584
0,0,0,1,17,0,0,0,28
0,0,0,1,17,0,0,0,71
0,0,0,1,17,0,0,0,516
0,0,0,1,17,0,0,0,49
0,0,0,1,17,0,0,0,210
0,0,0,1,17,0,0,0,265
0,0,0,1,17,0,0,0,279
0,0,0,1,17,0,0,0,48
0,0,0,1,17,0,0,0,67
0,0,0,1,17,0,0,0,70
0,0,0,1,17,0,0,0,281
0,0,0,1,17,0,0,0,409
0,0,0,1,17,0,0,0,91
0,0,0,1,17,0,0,0,66
0,0,0,1,17,0,0,0,108
0,0,0,1,17,0,0,0,66
0,0,0,1,17,0,0,0,209
0,0,0,1,17,0,0,0,225
0,0,0,1,17,0,0,0,113
0,0,0,1,17,0,0,0,156
0,0,0,1,17,0,0,0,296
0,0,0,1,17,0,0,0,1145
0,0,0,1,17,0,0,0,593
0,0,0,1,17,0,0,0,54
0,0,0,1,17,0,0,0,270
0,0,0,1,17,0,0,0,234
0,0,0,1,17,0,0,0,302
0,0,0,1,17,0,0,0,107
0,0,0,1,17,0,0,0,435
0,0,0,1,17,0,0,0,495
0,0,0,1,17,0,0,0,393
0,0,0,1,17,0,0,0,176
0,0,0,1,17,0,0,0,266
0,0,0,1,17,0,0,0,115
0,0,0,1,17,0,0,0,230
0,0,0,1,17,0,0,0,236
0,0,0,1,17,0,0,0,231
0,0,0,1,17,0,0,0,1255
0,0,0,1,17,0,0,0,226
0,0,0,1,17,0,0,0,232
0,0,0,1,17,0,0,0,1072
0,0,0,1,17,0,0,0,277
0,0,0,1,17,0,0,0,336
0,0,0,1,17,0,0,0,347
0,0,0,1,17,0,0,0,236
0,0,0,1,17,0,0,0,162
0,0,0,1,17,0,0,0,221
0,0,0,1,17,0,0,0,178
0,0,0,1,17,0,0,0,225
0,0,0,1,17,0,0,0,203
0,0,0,1,17,0,0,0,278
0,0,0,1,17,0,0,0,181
0,0,0,1,17,0,0,0,244
0,0,0,1,17,0,0,0,507
0,0,0,1,17,0,0,0,50
0,0,0,1,17,0,0,0,585
0,0,0,1,17,0,0,0,359
0,0,0,1,17,0,0,0,407
0,0,0,1,17,0,0,0,255
0,0,0,1,17,0,0,0,350
0,0,0,1,17,0,0,0,62
0,0,0,1,17,0,0,0,329
0,0,0,1,17,0,0,0,342
0,0,0,1,17,0,0,0,348
0,0,0,1,17,0,0,0,2303
0,0,0,1,17,0,0,0,248
0,0,0,1,17,0,0,0,65
0,0,0,1,17,0,0,0,53
0,0,0,1,17,0,0,0,144
0,0,0,1,17,0,0,0,356
0,0,0,1,17,0,0,0,580
0,0,0,1,17,0,0,0,448
0,0,0,1,17,0,0,0,375
0,0,0,1,17,0,0,0,53
0,0,0,1,17,0,0,0,296
0,0,0,1,17,0,0,0,311
0,0,0,1,17,0,0,0,434
0,0,0,1,17,0,0,0,158
0,0,0,1,17,0,0,0,356
0,0,0,1,17,0,0,0,537
0,0,0,1,17,0,0,0,306
0,0,0,1,17,0,0,0,387
0,0,0,1,17,0,0,0,49
0,0,0,1,17,0,0,0,304
0,0,0,1,17,0,0,0,290
0,0,0,1,17,0,0,0,312
0,0,0,1,17,0,0,0,129
0,0,0,1,17,0,0,0,54
0,0,0,1,17,0,0,0,111
0,0,0,1,17,0,0,0,96
0,0,0,1,17,0,0,0,324
0,0,0,1,17,0,0,0,70
0,0,0,1,17,0,0,0,622
0,0,0,1,17,0,0,0,190
0,0,0,1,17,0,0,0,30
0,0,0,1,17,0,0,0,789
0,0,0,1,17,0,0,0,371
0,0,0,1,17,0,0,0,279
0,0,0,1,17,0,0,0,310
0,0,0,1,17,0,0,0,501
0,0,0,1,17,0,0,0,249
0,0,0,1,17,0,0,0,935
0,0,0,1,17,0,0,0,283
0,0,0,1,17,0,0,0,238
0,0,0,1,17,0,0,0,121
0,0,0,1,17,0,0,0,718
0,0,0,1,17,0,0,0,63
0,0,0,1,17,0,0,0,590
0,0,0,1,17,0,0,0,39
0,0,0,1,17,0,0,0,536
0,0,0,1,17,0,0,0,7012
0,0,0,1,17,0,0,0,131
0,0,0,1,17,0,0,0,1155
0,0,0,1,17,0,0,0,60
0,0,0,1,17,0,0,0,265
0,0,0,1,17,0,0,0,277
0,0,0,1,17,0,0,0,1244
0,0,0,1,17,0,0,0,296
0,0,0,1,17,0,0,0,209
0,0,0,1,17,0,0,0,389
0,0,0,1,17,0,0,0,164
0,0,0,1,17,0,0,0,486
0,0,0,1,17,0,0,0,4
0,0,0,1,17,0,0,0,39
0,0,0,1,17,0,0,0,146
0,0,0,1,17,0,0,0,39
0,0,0,1,17,0,0,0,149
0,0,0,1,17,0,0,0,39
0,0,0,1,17,0,0,0,161
0,0,0,1,17,0,0,0,92
0,0,0,1,17,0,0,0,143
0,0,0,1,17,0,0,0,40
0,0,0,1,17,0,0,0,39
0,0,0,1,17,0,0,0,24
0,0,0,1,17,0,0,0,14
0,0,0,1,17,0,0,0,4
0,0,0,1,17,0,0,0,8
0,0,0,1,17,0,0,0,8
0,0,0,1,17,0,0,0,4
0,0,0,1,17,0,0,0,39
0,0,0,1,17,0,0,0,146
0,0,0,1,17,0,0,0,8
0,0,0,1,17,0,0,0,12
0,0,0,1,17,0,0,0,2
0,0,0,1,17,0,0,0,11
0,0,0,1,17,0,0,0,39
0,0,0,1,17,0,0,0,52
0,0,0,1,17,0,0,0,8
0,0,0,1,17,0,0,0,40
0,0,0,1,17,0,0,0,39
0,0,0,1,17,0,0,0,4
0,0,0,1,17,0,0,0,29
0,0,0,1,17,0,0,0,146
0,0,0,1,17,0,0,0,4
0,0,0,1,17,0,0,0,38
0,0,0,1,17,0,0,0,146
0,0,0,1,17,0,0,0,39
0,0,0,1,17,0,0,0,146
0,0,0,1,17,0,0,0,4
0,0,0,1,17,0,0,0,43
0,0,0,1,17,0,0,0,146
0,0,0,1,17,0,0,0,5
0,0,0,1,17,0,0,0,5
0,0,0,1,17,0,0,0,41
0,0,0,1,17,0,0,0,148
0,0,0,1,17,0,0,0,3
0,0,0,1,17,0,0,0,31
0,0,0,1,17,0,0,0,146
0,0,0,1,17,0,0,0,3
0,0,0,1,17,0,0,0,3
0,0,0,1,17,0,0,0,6
0,0,0,1,17,0,0,0,3
0,0,0,1,17,0,0,0,39
0,0,0,1,17,0,0,0,42
0,0,0,1,17,0,0,0,146
0,0,0,1,17,0,0,0,39
0,0,0,1,17,0,0,0,39
0,0,0,1,17,0,0,0,125
0,0,0,1,17,0,0,0,2
0,0,0,1,17,0,0,0,2
0,0,0,1,17,0,0,0,2
0,0,0,1,17,0,0,0,39
0,0,0,1,17,0,0,0,39
0,0,0,1,17,0,0,0,146
0,0,0,1,17,0,0,0,6
0,0,0,1,17,0,0,0,25
0,0,0,1,17,0,0,0,6
0,0,0,1,17,0,0,0,4
0,0,0,1,17,0,0,0,39
0,0,0,1,17,0,0,0,146
0,0,0,1,17,0,0,0,22
0,0,0,1,17,0,0,0,39
0,0,0,1,17,0,0,0,146
0,0,0,1,17,0,0,0,9
0,0,0,1,17,0,0,0,6
0,0,0,1,17,0,0,0,39
0,0,0,1,17,0,0,0,5
0,0,0,1,17,0,0,0,6
0,0,0,1,17,0,0,0,6
0,0,0,1,17,0,0,0,39
0,0,0,1,17,0,0,0,146
0,0,0,1,17,0,0,0,39
0,0,0,1,17,0,0,0,146
0,0,0,1,17,0,0,0,131
0,0,0,1,17,0,0,0,131
0,0,0,1,17,0,0,0,267
0,0,0,1,17,0,0,0,309
0,0,0,1,17,0,0,0,1233
0,0,0,1,17,0,0,0,37
0,0,0,1,17,0,0,0,724
0,0,0,1,17,0,0,0,847
0,0,0,1,17,0,0,0,306
0,0,0,1,17,0,0,0,1165
0,0,0,1,17,0,0,0,27
0,0,0,1,17,0,0,0,24
0,0,0,1,17,0,0,0,442
0,0,0,1,17,0,0,0,1110
0,0,0,1,17,0,0,0,172
0,0,0,1,17,0,0,0,215
0,0,0,1,17,0,0,0,1817
0,0,0,1,17,0,0,0,124
0,0,0,1,17,0,0,0,242
0,0,0,1,86,0,0,0,0
0,0,0,1,86,0,0,0,0
0,0,0,1,86,0,0,0,0
0,0,0,1,86,0,0,0,0
0,0,0,1,86,0,0,0,0
0,0,0,1,86,0,0,0,0
0,0,0,1,62,0,0,0,0
0,0,0,1,62,0,0,0,0
0,0,0,1,62,0,0,0,0
0,0,0,1,63,0,0,0,922
11,5,6,2,52,0,0,0,320
0,0,0,1,86,0,0,0,0
0,0,0,1,86,0,0,0,252
0,0,0,1,4,0,0,0,275
0,0,0,1,86,0,0,0,146
0,0,0,1,60,0,0,0,0
0,0,0,1,60,0,0,0,0
0,0,0,1,86,0,0,0,0
0,0,0,1,86,0,0,0,0
0,0,0,1,86,0,0,0,336
0,0,0,1,86,0,0,0,710
0,0,0,1,86,0,0,0,196
0,0,0,1,86,0,0,0,102
0,0,0,1,86,0,0,0,63
10,5,5,2,86,0,0,0,13
20,10,10,1,138,0,0,0,376
2,1,1,1,138,0,0,0,1070
26,14,12,2,61,0,0,0.000495785820525533,2017
55,7,48,1,138,0,0,0,1960
22,11,11,2,138,0,0,0,729
36,22,14,3,5,1,0,0.000734753857457752,1361
9,9,0,1,138,0,0,0,152
7,4,3,2,137,0,0,0,995
2,1,1,1,138,0,0,0,150
8,4,4,1,138,0,0,0,752
0,0,0,1,128,0,0,0,0
0,0,0,1,128,0,0,0,0
0,0,0,1,128,0,0,0,0
0,0,0,1,128,0,0,0,0
0,0,0,1,128,0,0,0,0
0,0,0,1,128,0,0,0,0
0,0,0,1,128,0,0,0,0
0,0,0,1,128,0,0,0,0
0,0,0,1,128,0,0,0,0
0,0,0,1,128,0,0,0,0
0,0,0,1,128,0,0,0,0
0,0,0,1,128,0,0,0,0
0,0,0,1,128,0,0,0,0
0,0,0,1,128,0,0,0,0
0,0,0,1,128,0,0,0,0
0,0,0,1,128,0,0,0,0
0,0,0,1,128,0,0,0,0
0,0,0,1,128,0,0,0,0
0,0,0,1,128,0,0,0,0
0,0,0,1,128,0,0,0,0
0,0,0,1,128,0,0,0,0
0,0,0,1,128,0,0,0,0
0,0,0,1,128,0,0,0,0
0,0,0,1,128,0,0,0,0
0,0,0,1,128,0,0,0,0
0,0,0,1,128,0,0,0,0
0,0,0,1,128,0,0,0,0
0,0,0,1,128,0,0,0,0
0,0,0,1,128,0,0,0,0
0,0,0,1,128,0,0,0,0
0,0,0,1,128,0,0,0,0
0,0,0,1,128,0,0,0,0
0,0,0,1,128,0,0,0,0
0,0,0,1,128,0,0,0,0
0,0,0,1,128,0,0,0,0
0,0,0,1,128,0,0,0,0
0,0,0,1,128,0,0,0,0
0,0,0,1,128,0,0,0,0
0,0,0,1,128,0,0,0,0
0,0,0,1,128,0,0,0,0
0,0,0,1,128,0,0,0,0
0,0,0,1,128,0,0,0,0
0,0,0,1,128,0,0,0,0
0,0,0,1,128,0,0,0,0
0,0,0,1,128,0,0,0,0
0,0,0,1,128,0,0,0,0
0,0,0,1,128,0,0,0,0
0,0,0,1,128,0,0,0,0
0,0,0,1,128,0,0,0,0
0,0,0,1,128,0,0,0,0
0,0,0,1,128,0,0,0,0
0,0,0,1,128,0,0,0,0
0,0,0,1,128,0,0,0,0
0,0,0,1,128,0,0,0,0
0,0,0,1,128,0,0,0,0
0,0,0,1,128,0,0,0,0
0,0,0,1,128,0,0,0,0
0,0,0,1,128,0,0,0,0
0,0,0,1,128,0,0,0,0
0,0,0,1,128,0,0,0,0
0,0,0,1,128,0,0,0,0
0,0,0,1,128,0,0,0,0
0,0,0,1,128,0,0,0,0
0,0,0,1,128,0,0,0,0
0,0,0,1,128,0,0,0,0
0,0,0,1,128,0,0,0,0
0,0,0,1,128,0,0,0,0
0,0,0,1,128,0,0,0,0
0,0,0,1,128,0,0,0,0
0,0,0,1,128,0,0,0,0
0,0,0,1,128,0,0,0,0
0,0,0,1,128,0,0,0,0
0,0,0,1,128,0,0,0,0
0,0,0,1,128,0,0,0,0
0,0,0,1,128,0,0,0,0
0,0,0,1,128,0,0,0,0
0,0,0,1,128,0,0,0,0
0,0,0,1,128,0,0,0,0
0,0,0,1,128,0,0,0,0
0,0,0,1,128,0,0,0,0
0,0,0,1,128,0,0,0,0
0,0,0,1,128,0,0,0,0
0,0,0,1,128,0,0,0,0
0,0,0,1,128,0,0,0,0
0,0,0,1,128,0,0,0,0
0,0,0,1,128,0,0,0,0
0,0,0,1,70,0,0,0,285
0,0,0,1,70,0,0,0,1553
0,0,0,1,70,0,0,0,15
0,0,0,1,70,0,0,0,42
0,0,0,1,70,0,0,0,1790
0,0,0,1,70,0,0,0,22
0,0,0,1,70,0,0,0,140
0,0,0,1,70,0,0,0,11
0,0,0,1,70,0,0,0,473
0,0,0,1,70,0,0,0,381
0,0,0,1,70,0,0,0,11
0,0,0,1,70,0,0,0,27
0,0,0,1,70,0,0,0,83
0,0,0,1,128,0,0,0,73
0,0,0,1,128,0,0,0,520
0,0,0,1,128,0,0,0,343
0,0,0,1,128,0,0,0,116
0,0,0,1,70,0,0,0,593
0,0,0,1,128,0,0,0,1013
0,0,0,1,128,0,0,0,15
0,0,0,1,128,0,0,0,709
0,0,0,1,128,0,0,0,2012
0,0,0,1,128,0,0,0,128
0,0,0,1,128,0,0,0,752
0,0,0,1,128,0,0,0,40
0,0,0,1,128,0,0,0,370
0,0,0,1,128,0,0,0,20
0,0,0,1,128,0,0,0,506
0,0,0,1,128,0,0,0,15
0,0,0,1,128,0,0,0,1763
0,0,0,1,128,0,0,0,68
0,0,0,1,128,0,0,0,811
0,0,0,1,128,0,0,0,108
0,0,0,1,128,0,0,0,291
0,0,0,1,128,0,0,0,215
0,0,0,1,128,0,0,0,49
0,0,0,1,128,0,0,0,112
0,0,0,1,128,0,0,0,64
0,0,0,1,128,0,0,0,34
0,0,0,1,128,0,0,0,73
0,0,0,1,128,0,0,0,115
18,9,9,3,70,0,0,0,446
0,0,0,1,128,0,0,0,25
0,0,0,1,128,0,0,0,131
0,0,0,1,128,0,0,0,57
0,0,0,1,128,0,0,0,102
0,0,0,1,128,0,0,0,66
0,0,0,1,128,0,0,0,306
0,0,0,1,128,0,0,0,29
0,0,0,1,128,0,0,0,28
0,0,0,1,128,0,0,0,26
0,0,0,1,128,0,0,0,25
0,0,0,1,128,0,0,0,25
0,0,0,1,128,0,0,0,30
0,0,0,1,128,0,0,0,34
0,0,0,1,128,0,0,0,25
0,0,0,1,128,0,0,0,43
0,0,0,1,128,0,0,0,69
0,0,0,1,128,0,0,0,31
0,0,0,1,128,0,0,0,30
0,0,0,1,128,0,0,0,28
0,0,0,1,128,0,0,0,24
0,0,0,1,128,0,0,0,108
0,0,0,1,128,0,0,0,29
0,0,0,1,128,0,0,0,50
0,0,0,1,128,0,0,0,108
0,0,0,1,128,0,0,0,981
0,0,0,1,128,0,0,0,145
0,0,0,1,128,0,0,0,81
0,0,0,1,128,0,0,0,83
0,0,0,1,128,0,0,0,25
0,0,0,1,128,0,0,0,65
0,0,0,1,128,0,0,0,61
0,0,0,1,128,0,0,0,55
0,0,0,1,128,0,0,0,59
0,0,0,1,128,0,0,0,34
0,0,0,1,128,0,0,0,28
0,0,0,1,70,0,0,0,55
0,0,0,1,128,0,0,0,117
0,0,0,1,128,0,0,0,28
0,0,0,1,128,0,0,0,598
0,0,0,1,128,0,0,0,373
0,0,0,1,128,0,0,0,14
0,0,0,1,128,0,0,0,25
0,0,0,1,128,0,0,0,30
0,0,0,1,128,0,0,0,41
0,0,0,1,128,0,0,0,114
0,0,0,1,128,0,0,0,29
0,0,0,1,128,0,0,0,30
0,0,0,1,128,0,0,0,36
0,0,0,1,128,0,0,0,39
0,0,0,1,128,0,0,0,28
0,0,0,1,128,0,0,0,105
0,0,0,1,128,0,0,0,32
0,0,0,1,128,0,0,0,59
0,0,0,1,128,0,0,0,5
0,0,0,1,128,0,0,0,66
0,0,0,1,128,0,0,0,1125
0,0,0,1,128,0,0,0,112
0,0,0,1,128,0,0,0,1276
0,0,0,1,128,0,0,0,70
96,90,6,3,70,0,0,0,437
0,0,0,1,128,0,0,0,35
0,0,0,1,128,0,0,0,36
0,0,0,1,128,0,0,0,1264
0,0,0,1,128,0,0,0,117
0,0,0,1,128,0,0,0,26
55,37,18,4,70,0,0,0,1240
0,0,0,1,128,0,0,0,105
0,0,0,1,128,0,0,0,1284
0,0,0,1,128,0,0,0,115
0,0,0,1,128,0,0,0,131
0,0,0,1,128,0,0,0,139
0,0,0,1,128,0,0,0,34
0,0,0,1,128,0,0,0,147
0,0,0,1,128,0,0,0,210
0,0,0,1,128,0,0,0,34
0,0,0,1,128,0,0,0,123
0,0,0,1,128,0,0,0,30
28,22,6,2,128,0,0,0,799
0,0,0,1,128,0,0,0,57
54,50,4,4,70,0,0,0,713
0,0,0,1,128,0,0,0,200
0,0,0,1,128,0,0,0,282
0,0,0,1,128,0,0,0,102
0,0,0,1,128,0,0,0,763
0,0,0,1,128,0,0,0,66
0,0,0,1,128,0,0,0,116
0,0,0,1,128,0,0,0,77
0,0,0,1,128,0,0,0,25
0,0,0,1,128,0,0,0,76
0,0,0,1,128,0,0,0,25
0,0,0,1,128,0,0,0,335
0,0,0,1,128,0,0,0,30
0,0,0,1,128,0,0,0,217
0,0,0,1,128,0,0,0,34
0,0,0,1,128,0,0,0,336
0,0,0,1,128,0,0,0,25
0,0,0,1,128,0,0,0,294
0,0,0,1,128,0,0,0,43
3,2,1,2,89,0,0,0,258
0,0,0,1,128,0,0,0,737
0,0,0,1,128,0,0,0,252
0,0,0,1,128,0,0,0,533
0,0,0,1,128,0,0,0,31
0,0,0,1,128,0,0,0,692
0,0,0,1,128,0,0,0,374
0,0,0,1,128,0,0,0,174
0,0,0,1,128,0,0,0,132
0,0,0,1,128,0,0,0,25
0,0,0,1,128,0,0,0,64
0,0,0,1,128,0,0,0,370
0,0,0,1,128,0,0,0,158
0,0,0,1,128,0,0,0,336
0,0,0,1,128,0,0,0,30
0,0,0,1,128,0,0,0,307
0,0,0,1,128,0,0,0,109
0,0,0,1,128,0,0,0,25
0,0,0,1,128,0,0,0,44
0,0,0,1,128,0,0,0,381
0,0,0,1,128,0,0,0,418
0,0,0,1,128,0,0,0,64
0,0,0,1,128,0,0,0,764
0,0,0,1,128,0,0,0,183
0,0,0,1,128,0,0,0,1986
0,0,0,1,128,0,0,0,69
0,0,0,1,128,0,0,0,89
0,0,0,1,128,0,0,0,158
0,0,0,1,128,0,0,0,883
0,0,0,1,128,0,0,0,91
0,0,0,1,128,0,0,0,67
0,0,0,1,128,0,0,0,39
0,0,0,1,128,0,0,0,28
0,0,0,1,128,0,0,0,299
0,0,0,1,128,0,0,0,62
0,0,0,1,128,0,0,0,398
0,0,0,1,128,0,0,0,108
0,0,0,1,128,0,0,0,514
0,0,0,1,128,0,0,0,95
0,0,0,1,128,0,0,0,308
0,0,0,1,128,0,0,0,472
0,0,0,1,128,0,0,0,145
0,0,0,1,128,0,0,0,47
0,0,0,1,128,0,0,0,79
0,0,0,1,128,0,0,0,299
0,0,0,1,128,0,0,0,81
0,0,0,1,128,0,0,0,55
0,0,0,1,70,0,0,0,55
0,0,0,1,128,0,0,0,83
63,50,13,3,70,0,0,0,2720
0,0,0,1,128,0,0,0,368
0,0,0,1,128,0,0,0,598
0,0,0,1,128,0,0,0,2551
0,0,0,1,128,0,0,0,373
0,0,0,1,128,0,0,0,1608
0,0,0,1,128,0,0,0,30
0,0,0,1,128,0,0,0,429
0,0,0,1,128,0,0,0,208
0,0,0,1,128,0,0,0,57
0,0,0,1,128,0,0,0,34
0,0,0,1,128,0,0,0,114
0,0,0,1,128,0,0,0,126
0,0,0,1,128,0,0,0,583
0,0,0,1,128,0,0,0,40
0,0,0,1,128,0,0,0,25
0,0,0,1,128,0,0,0,28
0,0,0,1,128,0,0,0,29
0,0,0,1,128,0,0,0,50
0,0,0,1,128,0,0,0,66
0,0,0,1,128,0,0,0,25
0,0,0,1,128,0,0,0,287
0,0,0,1,128,0,0,0,65
0,0,0,1,128,0,0,0,214
0,0,0,1,128,0,0,0,61
0,0,0,1,128,0,0,0,225
0,0,0,1,128,0,0,0,59
0,0,0,1,128,0,0,0,50
0,0,0,1,128,0,0,0,28
0,0,0,1,128,0,0,0,69
0,0,0,1,128,0,0,0,29
0,0,0,1,128,0,0,0,132
0,0,0,1,128,0,0,0,35
0,0,0,1,128,0,0,0,24
0,0,0,1,128,0,0,0,32
0,0,0,1,128,0,0,0,160
0,0,0,1,128,0,0,0,28
0,0,0,1,128,0,0,0,66
0,0,0,1,128,0,0,0,72
0,0,0,1,128,0,0,0,97
0,0,0,1,128,0,0,0,1195
0,0,0,1,128,0,0,0,41
0,0,0,1,128,0,0,0,319
0,0,0,1,128,0,0,0,232
0,0,0,1,128,0,0,0,209
0,0,0,1,128,0,0,0,59
0,0,0,1,128,0,0,0,114
0,0,0,1,128,0,0,0,99
0,0,0,1,128,0,0,0,54
0,0,0,1,128,0,0,0,270
0,0,0,1,128,0,0,0,51
0,0,0,1,128,0,0,0,148
0,0,0,1,128,0,0,0,210
0,0,0,1,128,0,0,0,125
0,0,0,1,128,0,0,0,1786
0,0,0,1,128,0,0,0,1155
0,0,0,1,128,0,0,0,77
0,0,0,1,128,0,0,0,504
0,0,0,1,128,0,0,0,981
117,113,4,3,70,0,0,0,815
0,0,0,1,128,0,0,0,36
158,48,110,3,70,0,0,0,1793
0,0,0,1,128,0,0,0,88
0,0,0,1,128,0,0,0,1080
0,0,0,1,128,0,0,0,164
0,0,0,1,128,0,0,0,306
0,0,0,1,128,0,0,0,29
0,0,0,1,128,0,0,0,28
0,0,0,1,128,0,0,0,24
0,0,0,1,128,0,0,0,246
0,0,0,1,128,0,0,0,48
0,0,0,1,128,0,0,0,264
0,0,0,1,128,0,0,0,239
0,0,0,1,128,0,0,0,56
0,0,0,1,128,0,0,0,123
0,0,0,1,128,0,0,0,360
0,0,0,1,128,0,0,0,362
0,0,0,1,128,0,0,0,54
0,0,0,1,128,0,0,0,119
0,0,0,1,128,0,0,0,28
0,0,0,1,128,0,0,0,25
0,0,0,1,128,0,0,0,162
0,0,0,1,128,0,0,0,400
0,0,0,1,128,0,0,0,163
0,0,0,1,128,0,0,0,235
0,0,0,1,128,0,0,0,259
0,0,0,1,70,0,0,0,118
0,0,0,1,128,0,0,0,40
0,0,0,1,128,0,0,0,188
0,0,0,1,70,0,0,0,38
0,0,0,1,128,0,0,0,30
0,0,0,1,128,0,0,0,77
0,0,0,1,70,0,0,0,25
0,0,0,1,70,0,0,0,62
0,0,0,1,70,0,0,0,79
0,0,0,1,70,0,0,0,33
0,0,0,1,128,0,0,0,42
0,0,0,1,128,0,0,0,60
0,0,0,1,128,0,0,0,82
0,0,0,1,128,0,0,0,23
0,0,0,1,128,0,0,0,20
0,0,0,1,128,0,0,0,33
0,0,0,1,128,0,0,0,55
0,0,0,1,128,0,0,0,284
0,0,0,1,70,0,0,0,95
0,0,0,1,128,0,0,0,315
0,0,0,1,128,0,0,0,158
0,0,0,1,128,0,0,0,421
0,0,0,1,128,0,0,0,12
0,0,0,1,128,0,0,0,39
0,0,0,1,128,0,0,0,32
0,0,0,1,128,0,0,0,64
0,0,0,1,128,0,0,0,32
0,0,0,1,128,0,0,0,110
0,0,0,1,128,0,0,0,72
0,0,0,1,128,0,0,0,372
0,0,0,1,128,0,0,0,68
0,0,0,1,128,0,0,0,45
0,0,0,1,128,0,0,0,39
0,0,0,1,70,0,0,0,24
0,0,0,1,70,0,0,0,51
0,0,0,1,128,0,0,0,68
0,0,0,1,128,0,0,0,81
0,0,0,1,128,0,0,0,69
0,0,0,1,128,0,0,0,85
0,0,0,1,128,0,0,0,29
0,0,0,1,128,0,0,0,290
0,0,0,1,128,0,0,0,180
0,0,0,1,128,0,0,0,272
0,0,0,1,128,0,0,0,204
0,0,0,1,128,0,0,0,136
0,0,0,1,128,0,0,0,20
0,0,0,1,128,0,0,0,968
0,0,0,1,128,0,0,0,2764
0,0,0,1,128,0,0,0,31
0,0,0,1,128,0,0,0,26
0,0,0,1,128,0,0,0,735
0,0,0,1,128,0,0,0,784
0,0,0,1,128,0,0,0,911
0,0,0,1,128,0,0,0,61
0,0,0,1,128,0,0,0,23
0,0,0,1,128,0,0,0,31
0,0,0,1,128,0,0,0,252
0,0,0,1,128,0,0,0,23
0,0,0,1,128,0,0,0,29
0,0,0,1,128,0,0,0,67
0,0,0,1,128,0,0,0,42
0,0,0,1,128,0,0,0,25
0,0,0,1,128,0,0,0,121
0,0,0,1,128,0,0,0,1362
0,0,0,1,128,0,0,0,156
0,0,0,1,128,0,0,0,23
0,0,0,1,128,0,0,0,40
0,0,0,1,128,0,0,0,130
0,0,0,1,128,0,0,0,679
0,0,0,1,128,0,0,0,87
0,0,0,1,128,0,0,0,271
0,0,0,1,128,0,0,0,56
0,0,0,1,128,0,0,0,304
0,0,0,1,128,0,0,0,42
0,0,0,1,128,0,0,0,374
0,0,0,1,128,0,0,0,117
0,0,0,1,128,0,0,0,630
0,0,0,1,128,0,0,0,160
0,0,0,1,128,0,0,0,238
0,0,0,1,128,0,0,0,207
0,0,0,1,128,0,0,0,419
0,0,0,1,128,0,0,0,26
0,0,0,1,128,0,0,0,45
0,0,0,1,128,0,0,0,1254
0,0,0,1,128,0,0,0,108
0,0,0,1,128,0,0,0,175
0,0,0,1,128,0,0,0,111
0,0,0,1,128,0,0,0,74
0,0,0,1,128,0,0,0,640
0,0,0,1,128,0,0,0,45
0,0,0,1,128,0,0,0,240
0,0,0,1,128,0,0,0,127
0,0,0,1,128,0,0,0,117
0,0,0,1,128,0,0,0,85
0,0,0,1,128,0,0,0,88
0,0,0,1,128,0,0,0,81
0,0,0,1,128,0,0,0,157
0,0,0,1,128,0,0,0,40
0,0,0,1,128,0,0,0,613
0,0,0,1,128,0,0,0,52
0,0,0,1,128,0,0,0,185
0,0,0,1,128,0,0,0,77
0,0,0,1,128,0,0,0,482
0,0,0,1,128,0,0,0,283
75,75,0,2,128,0,0,0,0
528,527,1,2,128,0,0,0,0
352,350,2,2,128,0,0,0,0
101,101,0,2,128,0,0,0,0
1018,1016,2,2,128,0,0,0,0
17,17,0,2,128,0,0,0,0
718,716,2,2,128,0,0,0,0
2032,2021,11,2,128,0,0,0,0
130,130,0,2,128,0,0,0,0
774,765,9,2,128,0,0,0,0
42,42,0,2,128,0,0,0,0
376,376,0,2,128,0,0,0,0
22,22,0,2,128,0,0,0,0
511,511,0,2,128,0,0,0,0
17,17,0,2,128,0,0,0,0
1763,1763,0,3,128,0,0,0,0
68,68,0,3,128,0,0,0,0
811,811,0,3,128,0,0,0,0
108,108,0,3,128,0,0,0,0
291,291,0,3,128,0,0,0,0
215,215,0,3,128,0,0,0,0
0,0,0,1,138,0,0,0,0
0,0,0,1,138,0,0,0,0
51,51,0,2,128,0,0,0,0
226,225,1,3,128,0,0,0,0
128,127,1,3,128,0,0,0,0
70,69,1,3,128,0,0,0,0
148,147,1,3,128,0,0,0,0
232,231,1,3,128,0,0,0,0
892,892,0,3,128,0,0,0,0
52,51,1,3,128,0,0,0,0
264,263,1,3,128,0,0,0,0
116,115,1,3,128,0,0,0,0
206,205,1,3,128,0,0,0,0
134,133,1,3,128,0,0,0,0
306,306,0,3,128,0,0,0,0
29,29,0,3,128,0,0,0,0
28,28,0,3,128,0,0,0,0
54,53,1,3,128,0,0,0,0
52,51,1,3,128,0,0,0,0
52,51,1,3,128,0,0,0,0
62,61,1,3,128,0,0,0,0
70,69,1,3,128,0,0,0,0
52,51,1,3,128,0,0,0,0
88,87,1,3,128,0,0,0,0
140,139,1,3,128,0,0,0,0
64,63,1,3,128,0,0,0,0
62,61,1,3,128,0,0,0,0
58,57,1,3,128,0,0,0,0
24,24,0,3,128,0,0,0,0
218,217,1,3,128,0,0,0,0
62,61,1,3,128,0,0,0,0
102,101,1,3,128,0,0,0,0
108,108,0,3,128,0,0,0,0
981,981,0,3,128,0,0,0,0
292,291,1,3,128,0,0,0,0
164,163,1,3,128,0,0,0,0
168,167,1,3,128,0,0,0,0
52,51,1,3,128,0,0,0,0
130,129,1,3,128,0,0,0,0
61,61,0,3,128,0,0,0,0
55,55,0,3,128,0,0,0,0
120,119,1,3,128,0,0,0,0
70,69,1,3,128,0,0,0,0
48,47,1,3,128,0,0,0,0
236,235,1,3,128,0,0,0,0
58,57,1,3,128,0,0,0,0
1192,1191,1,3,128,0,0,0,0
706,705,1,3,128,0,0,0,0
13,13,0,2,128,0,0,0,0
52,51,1,3,128,0,0,0,0
62,61,1,3,128,0,0,0,0
84,83,1,3,128,0,0,0,0
230,229,1,3,128,0,0,0,0
60,59,1,3,128,0,0,0,0
62,61,1,3,128,0,0,0,0
74,73,1,3,128,0,0,0,0
80,79,1,3,128,0,0,0,0
58,57,1,3,128,0,0,0,0
214,213,1,3,128,0,0,0,0
66,65,1,3,128,0,0,0,0
120,119,1,3,128,0,0,0,0
12,11,1,3,128,0,0,0,0
134,133,1,3,128,0,0,0,0
1162,1147,15,2,128,0,0,0,0
118,116,2,2,128,0,0,0,0
1350,1320,30,2,128,0,0,0,0
72,72,0,2,128,0,0,0,0
447,440,7,2,128,0,0,0,0
37,37,0,2,128,0,0,0,0
38,38,0,2,128,0,0,0,0
1348,1304,44,2,128,0,0,0,0
135,127,8,2,128,0,0,0,0
28,28,0,2,128,0,0,0,0
1376,1336,40,2,128,0,0,0,0
124,118,6,2,128,0,0,0,0
1297,1291,6,2,128,0,0,0,0
119,118,1,2,128,0,0,0,0
136,135,1,2,128,0,0,0,0
141,141,0,2,128,0,0,0,0
36,36,0,2,128,0,0,0,0
191,170,21,2,128,0,0,0,0
302,257,45,2,128,0,0,0,0
39,37,2,2,128,0,0,0,0
169,147,22,2,128,0,0,0,0
48,40,8,2,128,0,0,0,0
855,828,27,2,128,0,0,0,0
59,59,0,2,128,0,0,0,0
723,716,7,2,128,0,0,0,0
267,266,1,2,128,0,0,0,0
284,284,0,2,128,0,0,0,0
112,106,6,2,128,0,0,0,0
835,803,32,2,128,0,0,0,0
68,68,0,2,128,0,0,0,0
120,119,1,2,128,0,0,0,0
79,79,0,2,128,0,0,0,0
27,27,0,2,128,0,0,0,0
78,78,0,2,128,0,0,0,0
27,27,0,2,128,0,0,0,0
339,338,1,2,128,0,0,0,0
32,32,0,2,128,0,0,0,0
221,220,1,2,128,0,0,0,0
36,36,0,2,128,0,0,0,0
363,335,28,2,128,0,0,0,0
29,28,1,2,128,0,0,0,0
296,296,0,2,128,0,0,0,0
45,45,0,2,128,0,0,0,0
255,255,0,2,128,0,0,0,0
781,760,21,2,128,0,0,0,0
284,269,15,2,128,0,0,0,0
613,569,44,2,128,0,0,0,0
33,33,0,2,128,0,0,0,0
766,729,37,2,128,0,0,0,0
390,383,7,2,128,0,0,0,0
176,176,0,2,128,0,0,0,0
136,135,1,2,128,0,0,0,0
27,27,0,2,128,0,0,0,0
72,69,3,2,128,0,0,0,0
393,383,10,2,128,0,0,0,0
172,166,6,2,128,0,0,0,0
362,350,12,2,128,0,0,0,0
32,32,0,2,128,0,0,0,0
352,331,21,2,128,0,0,0,0
111,111,0,2,128,0,0,0,0
27,27,0,2,128,0,0,0,0
46,46,0,2,128,0,0,0,0
420,401,19,2,128,0,0,0,0
429,421,8,2,128,0,0,0,0
65,65,0,2,128,0,0,0,0
811,794,17,2,128,0,0,0,0
263,232,31,2,128,0,0,0,0
2203,2104,99,2,128,0,0,0,0
79,75,4,2,128,0,0,0,0
99,96,3,2,128,0,0,0,0
160,160,0,2,128,0,0,0,0
983,933,50,2,128,0,0,0,0
99,96,3,2,128,0,0,0,0
75,72,3,2,128,0,0,0,0
41,41,0,2,128,0,0,0,0
30,30,0,2,128,0,0,0,0
339,320,19,2,128,0,0,0,0
64,64,0,2,128,0,0,0,0
424,412,12,2,128,0,0,0,0
110,110,0,2,128,0,0,0,0
517,515,2,2,128,0,0,0,0
97,97,0,2,128,0,0,0,0
326,318,8,2,128,0,0,0,0
509,495,14,2,128,0,0,0,0
154,150,4,2,128,0,0,0,0
49,49,0,2,128,0,0,0,0
81,81,0,2,128,0,0,0,0
416,267,149,2,128,0,0,0,0
149,82,67,2,128,0,0,0,0
55,55,0,3,128,0,0,0,0
91,88,3,2,128,0,0,0,0
2920,2829,91,2,128,0,0,0,0
388,379,9,2,128,0,0,0,0
692,651,41,2,128,0,0,0,0
3026,2881,145,2,128,0,0,0,0
384,373,11,2,128,0,0,0,0
1766,1716,50,2,128,0,0,0,0
34,33,1,2,128,0,0,0,0
467,449,18,2,128,0,0,0,0
248,230,18,2,128,0,0,0,0
71,65,6,2,128,0,0,0,0
38,37,1,2,128,0,0,0,0
122,119,3,2,128,0,0,0,0
124,122,2,2,128,0,0,0,0
594,589,5,2,128,0,0,0,0
42,42,0,2,128,0,0,0,0
27,27,0,2,128,0,0,0,0
30,30,0,2,128,0,0,0,0
37,35,2,2,128,0,0,0,0
68,66,2,2,128,0,0,0,0
68,68,0,2,128,0,0,0,0
27,27,0,2,128,0,0,0,0
288,288,0,2,128,0,0,0,0
66,66,0,2,128,0,0,0,0
203,203,0,3,128,0,0,0,0
61,61,0,3,128,0,0,0,0
227,227,0,2,128,0,0,0,0
61,61,0,2,128,0,0,0,0
26,26,0,2,128,0,0,0,0
25,25,0,2,128,0,0,0,0
71,71,0,2,128,0,0,0,0
31,31,0,2,128,0,0,0,0
134,134,0,2,128,0,0,0,0
37,37,0,2,128,0,0,0,0
26,26,0,2,128,0,0,0,0
34,34,0,2,128,0,0,0,0
162,162,0,2,128,0,0,0,0
30,30,0,2,128,0,0,0,0
68,68,0,2,128,0,0,0,0
70,70,0,2,128,0,0,0,0
13,13,0,2,128,0,0,0,0
97,97,0,2,128,0,0,0,0
1164,1152,12,2,128,0,0,0,0
43,43,0,2,128,0,0,0,0
341,328,13,2,128,0,0,0,0
234,234,0,2,128,0,0,0,0
245,243,2,2,128,0,0,0,0
62,62,0,2,128,0,0,0,0
118,117,1,2,128,0,0,0,0
99,99,0,3,128,0,0,0,0
54,54,0,3,128,0,0,0,0
270,270,0,3,128,0,0,0,0
51,51,0,3,128,0,0,0,0
148,148,0,3,128,0,0,0,0
210,210,0,3,128,0,0,0,0
125,125,0,3,128,0,0,0,0
1776,1776,0,3,128,0,0,0,0
1153,1153,0,3,128,0,0,0,0
77,77,0,3,128,0,0,0,0
502,502,0,3,128,0,0,0,0
981,981,0,3,128,0,0,0,0
806,806,0,3,128,0,0,0,0
36,36,0,3,128,0,0,0,0
1860,1860,0,3,128,0,0,0,0
88,88,0,3,128,0,0,0,0
1007,1007,0,3,128,0,0,0,0
164,164,0,3,128,0,0,0,0
306,306,0,3,128,0,0,0,0
29,29,0,3,128,0,0,0,0
28,28,0,3,128,0,0,0,0
24,24,0,3,128,0,0,0,0
246,246,0,3,128,0,0,0,0
48,48,0,3,128,0,0,0,0
264,264,0,3,128,0,0,0,0
239,239,0,3,128,0,0,0,0
56,56,0,3,128,0,0,0,0
123,123,0,3,128,0,0,0,0
360,360,0,3,128,0,0,0,0
362,362,0,3,128,0,0,0,0
54,54,0,3,128,0,0,0,0
119,119,0,3,128,0,0,0,0
28,28,0,3,128,0,0,0,0
0,0,0,1,138,0,0,0,0
0,0,0,1,138,0,0,0,0
0,0,0,1,138,0,0,0,0
0,0,0,1,138,0,0,0,0
0,0,0,1,138,0,0,0,0
0,0,0,1,138,0,0,0,0
0,0,0,1,138,0,0,0,0
0,0,0,1,138,0,0,0,0
0,0,0,1,138,0,0,0,0
0,0,0,1,138,0,0,0,0
0,0,0,1,138,0,0,0,0
0,0,0,1,138,0,0,0,0
0,0,0,1,138,0,0,0,0
0,0,0,1,138,0,0,0,0
0,0,0,1,138,0,0,0,0
0,0,0,1,138,0,0,0,0
0,0,0,1,138,0,0,0,0
0,0,0,1,138,0,0,0,0
0,0,0,1,138,0,0,0,0
29,28,1,2,128,0,0,0,0
162,162,0,2,128,0,0,0,0
400,400,0,2,128,0,0,0,0
165,164,1,2,128,0,0,0,0
236,235,1,2,128,0,0,0,0
259,259,0,2,128,0,0,0,0
40,40,0,3,128,0,0,0,0
214,213,1,2,128,0,0,0,0
55,35,20,2,128,0,0,0,0
77,77,0,3,128,0,0,0,0
149,72,77,2,128,0,0,0,0
173,106,67,2,128,0,0,0,0
187,115,72,2,128,0,0,0,0
79,32,47,2,128,0,0,0,0
71,28,43,2,128,0,0,0,0
85,50,35,2,128,0,0,0,0
35,35,0,3,128,0,0,0,0
578,409,169,2,128,0,0,0,0
722,475,247,2,128,0,0,0,0
350,230,120,2,128,0,0,0,0
1008,667,341,2,128,0,0,0,0
12,12,0,3,128,0,0,0,0
39,39,0,3,128,0,0,0,0
88,46,42,2,128,0,0,0,0
64,64,0,3,128,0,0,0,0
32,32,0,3,128,0,0,0,0
102,102,0,3,128,0,0,0,0
72,72,0,3,128,0,0,0,0
976,646,330,2,128,0,0,0,0
68,68,0,3,128,0,0,0,0
110,66,44,2,128,0,0,0,0
39,39,0,3,128,0,0,0,0
203,123,80,2,128,0,0,0,0
229,148,81,2,128,0,0,0,0
216,126,90,2,128,0,0,0,0
85,85,0,3,128,0,0,0,0
82,47,35,2,128,0,0,0,0
835,542,293,2,128,0,0,0,0
537,343,194,2,128,0,0,0,0
295,290,5,2,128,0,0,0,0
180,180,0,3,128,0,0,0,0
138,138,0,2,128,0,0,0,0
22,22,0,2,128,0,0,0,0
971,970,1,2,128,0,0,0,0
2764,2764,0,3,128,0,0,0,0
33,33,0,2,128,0,0,0,0
28,28,0,2,128,0,0,0,0
751,750,1,2,128,0,0,0,0
796,791,5,2,128,0,0,0,0
946,931,15,2,128,0,0,0,0
63,63,0,2,128,0,0,0,0
25,25,0,2,128,0,0,0,0
31,31,0,2,128,0,0,0,0
254,254,0,2,128,0,0,0,0
25,25,0,2,128,0,0,0,0
31,31,0,2,128,0,0,0,0
69,69,0,2,128,0,0,0,0
44,44,0,2,128,0,0,0,0
27,27,0,2,128,0,0,0,0
122,122,0,2,128,0,0,0,0
1398,1379,19,2,128,0,0,0,0
158,158,0,2,128,0,0,0,0
25,25,0,2,128,0,0,0,0
44,44,0,2,128,0,0,0,0
132,132,0,2,128,0,0,0,0
696,691,5,2,128,0,0,0,0
91,90,1,2,128,0,0,0,0
277,275,2,2,128,0,0,0,0
62,60,2,2,128,0,0,0,0
355,345,10,2,128,0,0,0,0
44,44,0,2,128,0,0,0,0
583,496,87,2,128,0,0,0,0
119,119,0,2,128,0,0,0,0
678,655,23,2,128,0,0,0,0
189,184,5,2,128,0,0,0,0
262,257,5,2,128,0,0,0,0
219,214,5,2,128,0,0,0,0
424,421,3,2,128,0,0,0,0
28,28,0,2,128,0,0,0,0
47,47,0,2,128,0,0,0,0
1428,1361,67,2,128,0,0,0,0
117,112,5,2,128,0,0,0,0
180,178,2,2,128,0,0,0,0
122,117,5,2,128,0,0,0,0
76,76,0,2,128,0,0,0,0
637,633,4,2,128,0,0,0,0
47,47,0,2,128,0,0,0,0
270,266,4,2,128,0,0,0,0
128,128,0,2,128,0,0,0,0
121,119,2,2,128,0,0,0,0
89,88,1,2,128,0,0,0,0
90,90,0,2,128,0,0,0,0
85,84,1,2,128,0,0,0,0
183,171,12,2,128,0,0,0,0
42,42,0,2,128,0,0,0,0
771,708,63,2,128,0,0,0,0
54,54,0,2,128,0,0,0,0
189,186,3,2,128,0,0,0,0
79,79,0,2,128,0,0,0,0
518,501,17,2,128,0,0,0,0
174,174,0,3,128,0,0,0,0
0,0,0,1,22,0,0,0,159
0,0,0,1,22,0,0,0,201
0,0,0,1,22,0,0,0,127
0,0,0,1,22,0,0,0,47
0,0,0,1,22,0,0,0,193
0,0,0,1,22,0,0,0,742
0,0,0,1,22,0,0,0,156
0,0,0,1,22,0,0,0,95
0,0,0,1,22,0,0,0,1082
0,0,0,1,22,0,0,0,38
0,0,0,1,22,0,0,0,18
0,0,0,1,22,0,0,0,462
0,0,0,1,22,0,0,0,1267
0,0,0,1,22,0,0,0,354
0,0,0,1,22,0,0,0,1927
0,0,0,1,22,0,0,0,69
0,0,0,1,22,0,0,0,218
0,0,0,1,22,0,0,0,198
0,0,0,1,22,0,0,0,436
0,0,0,1,22,0,0,0,711
0,0,0,1,22,0,0,0,69
0,0,0,1,22,0,0,0,294
0,0,0,1,22,0,0,0,302
0,0,0,1,22,0,0,0,849
0,0,0,1,22,0,0,0,5
0,0,0,1,22,0,0,0,369
0,0,0,1,22,0,0,0,32
0,0,0,1,22,0,0,0,13
0,0,0,1,22,0,0,0,491
0,0,0,1,22,0,0,0,52
0,0,0,1,22,0,0,0,139
0,0,0,1,22,0,0,0,113
0,0,0,1,22,0,0,0,37
0,0,0,1,22,0,0,0,37
0,0,0,1,22,0,0,0,15
0,0,0,1,22,0,0,0,79
0,0,0,1,22,0,0,0,90
0,0,0,1,22,0,0,0,30
0,0,0,1,22,0,0,0,318
0,0,0,1,22,0,0,0,41
0,0,0,1,22,0,0,0,276
0,0,0,1,22,0,0,0,35
0,0,0,1,22,0,0,0,101
0,0,0,1,22,0,0,0,33
0,0,0,1,22,0,0,0,93
0,0,0,1,22,0,0,0,44
0,0,0,1,22,0,0,0,13
0,0,0,1,22,0,0,0,121
0,0,0,1,22,0,0,0,47
0,0,0,1,22,0,0,0,46
0,0,0,1,22,0,0,0,61
0,0,0,1,22,0,0,0,304
0,0,0,1,22,0,0,0,66
0,0,0,1,22,0,0,0,32
0,0,0,1,22,0,0,0,27
0,0,0,1,22,0,0,0,20
0,0,0,1,22,0,0,0,59
0,0,0,1,22,0,0,0,126
0,0,0,1,22,0,0,0,22
0,0,0,1,22,0,0,0,155
0,0,0,1,22,0,0,0,383
0,0,0,1,22,0,0,0,63
0,0,0,1,22,0,0,0,1192
0,0,0,1,22,0,0,0,48
0,0,0,1,22,0,0,0,28
0,0,0,1,22,0,0,0,92
0,0,0,1,22,0,0,0,78
0,0,0,1,22,0,0,0,210
0,0,0,1,22,0,0,0,95
0,0,0,1,22,0,0,0,407
0,0,0,1,22,0,0,0,42
2126,1312,814,2,9,0,0,0,3434
0,0,0,1,22,0,0,0,22
0,0,0,1,22,0,0,0,119
0,0,0,1,22,0,0,0,28
0,0,0,1,22,0,0,0,53
0,0,0,1,22,0,0,0,32
0,0,0,1,22,0,0,0,28
0,0,0,1,22,0,0,0,61
0,0,0,1,22,0,0,0,38
0,0,0,1,22,0,0,0,155
0,0,0,1,22,0,0,0,43
0,0,0,1,22,0,0,0,39
0,0,0,1,22,0,0,0,48
0,0,0,1,22,0,0,0,1241
0,0,0,1,22,0,0,0,174
0,0,0,1,22,0,0,0,227
0,0,0,1,22,0,0,0,131
0,0,0,1,22,0,0,0,65
0,0,0,1,22,0,0,0,226
0,0,0,1,22,0,0,0,31
0,0,0,1,22,0,0,0,78
0,0,0,1,22,0,0,0,53
0,0,0,1,22,0,0,0,123
0,0,0,1,22,0,0,0,196
0,0,0,1,22,0,0,0,1289
0,0,0,1,22,0,0,0,65
0,0,0,1,22,0,0,0,77
0,0,0,1,22,0,0,0,24
0,0,0,1,22,0,0,0,36
0,0,0,1,22,0,0,0,38
0,0,0,1,22,0,0,0,352
0,0,0,1,22,0,0,0,203
0,0,0,1,22,0,0,0,452
0,0,0,1,22,0,0,0,136
0,0,0,1,22,0,0,0,201
0,0,0,1,22,0,0,0,28
0,0,0,1,22,0,0,0,29
0,0,0,1,22,0,0,0,36
0,0,0,1,22,0,0,0,194
0,0,0,1,22,0,0,0,27
0,0,0,1,22,0,0,0,60
0,0,0,1,22,0,0,0,65
0,0,0,1,22,0,0,0,44
0,0,0,1,22,0,0,0,664
0,0,0,1,22,0,0,0,124
0,0,0,1,22,0,0,0,181
0,0,0,1,22,0,0,0,44
0,0,0,1,22,0,0,0,198
0,0,0,1,22,0,0,0,42
0,0,0,1,22,0,0,0,49
0,0,0,1,22,0,0,0,50
0,0,0,1,22,0,0,0,118
0,0,0,1,22,0,0,0,136
0,0,0,1,22,0,0,0,536
0,0,0,1,22,0,0,0,74
0,0,0,1,22,0,0,0,24
3,2,1,2,21,0,0,0,680
0,0,0,1,22,0,0,0,137
0,0,0,1,22,0,0,0,49
0,0,0,1,22,0,0,0,46
0,0,0,1,22,0,0,0,3779
0,0,0,1,22,0,0,0,68
0,0,0,1,22,0,0,0,769
0,0,0,1,22,0,0,0,1656
2,2,0,2,21,0,0,0,909
6,6,0,2,21,0,0,0,4339
0,0,0,1,22,0,0,0,58
0,0,0,1,22,0,0,0,79
0,0,0,1,22,0,0,0,115
0,0,0,1,22,0,0,0,34
0,0,0,1,22,0,0,0,328
0,0,0,1,22,0,0,0,54
0,0,0,1,22,0,0,0,416
0,0,0,1,22,0,0,0,27
0,0,0,1,22,0,0,0,255
0,0,0,1,22,0,0,0,93
0,0,0,1,22,0,0,0,283
0,0,0,1,22,0,0,0,48
0,0,0,1,22,0,0,0,98
0,0,0,1,22,0,0,0,56
0,0,0,1,22,0,0,0,29
0,0,0,1,22,0,0,0,49
0,0,0,1,22,0,0,0,1375
0,0,0,1,22,0,0,0,21
0,0,0,1,22,0,0,0,40
0,0,0,1,22,0,0,0,58
0,0,0,1,22,0,0,0,39
0,0,0,1,22,0,0,0,41
0,0,0,1,22,0,0,0,128
0,0,0,1,22,0,0,0,37
0,0,0,1,22,0,0,0,447
0,0,0,1,22,0,0,0,20
0,0,0,1,22,0,0,0,225
0,0,0,1,22,0,0,0,349
0,0,0,1,22,0,0,0,319
0,0,0,1,22,0,0,0,340
0,0,0,1,22,0,0,0,69
0,0,0,1,22,0,0,0,57
0,0,0,1,22,0,0,0,62
0,0,0,1,22,0,0,0,28
0,0,0,1,22,0,0,0,23
0,0,0,1,22,0,0,0,137
0,0,0,1,22,0,0,0,99
5,5,0,2,21,0,0,0,906
0,0,0,1,22,0,0,0,77
0,0,0,1,22,0,0,0,42
0,0,0,1,22,0,0,0,63
0,0,0,1,22,0,0,0,42
0,0,0,1,22,0,0,0,80
0,0,0,1,22,0,0,0,45
0,0,0,1,22,0,0,0,79
0,0,0,1,22,0,0,0,43
0,0,0,1,22,0,0,0,18
0,0,0,1,22,0,0,0,84
0,0,0,1,22,0,0,0,1
0,0,0,1,22,0,0,0,241
0,0,0,1,22,0,0,0,93
0,0,0,1,22,0,0,0,23
0,0,0,1,22,0,0,0,21
0,0,0,1,22,0,0,0,108
0,0,0,1,22,0,0,0,42
0,0,0,1,22,0,0,0,53
0,0,0,1,22,0,0,0,26
0,0,0,1,22,0,0,0,39
2,1,1,2,19,1,0,0,923
160,110,50,3,19,1,0,0,1069
2,1,1,2,19,1,0,0,287
0,0,0,1,22,0,0,0,2187
0,0,0,1,22,0,0,0,196
0,0,0,1,22,0,0,0,178
4,2,2,3,19,1,0,0,1260
0,0,0,1,22,0,0,0,437
102,58,44,2,21,0,0,0,5194
0,0,0,1,22,0,0,0,221
9,6,3,3,19,1,0,0,2472
0,0,0,1,22,0,0,0,171
68,39,29,3,19,1,0,0,933
0,0,0,1,22,0,0,0,162
2,1,1,2,19,1,0,0,1128
8,4,4,2,19,1,0,0,1233
0,0,0,1,22,0,0,0,45
13,7,6,2,21,0,0,0,1134
0,0,0,1,22,0,0,0,267
0,0,0,1,22,0,0,0,63
0,0,0,1,22,0,0,0,382
0,0,0,1,22,0,0,0,695
0,0,0,1,22,0,0,0,136
32,31,1,2,21,0,0,0.00110132158590308,908
4,2,2,2,21,0,0,0,532
6,3,3,2,21,0,0,0,316
2,1,1,2,21,0,0,0,61
0,0,0,1,22,0,0,0,304
0,0,0,1,22,0,0,0,35
0,0,0,1,22,0,0,0,584
0,0,0,1,22,0,0,0,66
5,3,2,3,19,1,0,0,1687
2,1,1,2,21,0,0,0,18
6,5,1,2,21,0,0,0,490
2,1,1,2,19,1,0,0,1778
0,0,0,1,22,0,0,0,110
0,0,0,1,22,0,0,0,25
53,49,4,2,21,0,0,0,1418
0,0,0,1,22,0,0,0,529
0,0,0,1,22,0,0,0,34
2,1,1,2,19,1,0,0,1782
29,23,6,2,21,0,0,0,675
5,4,1,2,21,0,0,0,980
2,1,1,2,19,1,0,0,688
62,55,7,4,9,1,0,0,1514
12,10,2,3,19,1,0,0,1292
7,4,3,3,19,1,0,0,1043
0,0,0,1,22,0,0,0,163
0,0,0,1,22,0,0,0,22
0,0,0,1,22,0,0,0,334
0,0,0,1,22,0,0,0,59
0,0,0,1,22,0,0,0,96
14,12,2,2,21,0,0,0,733
1,1,0,2,21,0,0,0,68
7,6,1,3,19,1,0,0,851
14,12,2,4,8,0,0,0,8888
0,0,0,1,22,0,0,0,264
0,0,0,1,22,0,0,0,595
0,0,0,1,22,0,0,0,1363
2,1,1,2,19,1,0,0,399
2,1,1,2,19,1,0,0,276
0,0,0,1,22,0,0,0,200
0,0,0,1,22,0,0,0,1054
0,0,0,1,22,0,0,0,69
0,0,0,1,22,0,0,0,202
0,0,0,1,22,0,0,0,19
7,7,0,2,21,0,0,0,615
0,0,0,1,22,0,0,0,35660
0,0,0,1,22,0,0,0,243
36,26,10,3,19,1,0,0,8003
0,0,0,1,22,0,0,0,221
0,0,0,1,22,0,0,0,241
0,0,0,1,22,0,0,0,46
0,0,0,1,22,0,0,0,165
0,0,0,1,22,0,0,0,17
2,1,1,2,19,1,0,0,378
0,0,0,1,22,0,0,0,2003
0,0,0,1,22,0,0,0,92
2,1,1,2,19,1,0,0,1689
11,9,2,3,19,1,0,0,2914
0,0,0,1,22,0,0,0,21
0,0,0,1,22,0,0,0,464
0,0,0,1,22,0,0,0,84
4,2,2,2,19,1,0,0,540
0,0,0,1,22,0,0,0,61
0,0,0,1,22,0,0,0,574
0,0,0,1,22,0,0,0,810
38,24,14,4,19,1,0,0,1255
0,0,0,1,158,0,0,0,95
0,0,0,1,85,0,0,0,8
4,2,2,1,101,0,0,0,661
14,7,7,2,101,0,0,0,350
6,3,3,1,101,0,0,0,247
0,0,0,1,45,0,0,0,123
0,0,0,1,45,0,0,0,241
71,40,31,2,46,0,0,0,296
49,25,24,4,45,0,0,0,44
66,34,32,4,46,0,0,0,480
175,104,71,6,46,0,0,0,313
59,33,26,4,46,0,0,0,360
15,8,7,2,46,0,0,0,70
18,10,8,2,46,0,0,0,95
17,8,9,2,46,0,0,0,114
275,134,141,6,45,0,0,0,406
21,12,9,2,46,0,0,0,93
19,13,6,1,46,0,0,0,572
0,0,0,1,45,0,0,0,39
29,15,14,3,46,0,0,0,97
25,15,10,3,46,0,0,0,136
21,11,10,2,46,0,0,0,243
17,12,5,1,46,0,0,0,84
9,6,3,1,46,0,0,0,39
11,5,6,2,46,0,0,0,141
98,70,28,2,45,0,0,0,202
22,10,12,3,45,0,0,0,277
10,5,5,1,46,0,0,0,136
85,37,48,6,45,0,0,0,249
36,14,22,3,45,0,0,0,197
517,352,165,9,45,0,0,0,711
86,45,41,9,45,0,0,0,258
4,2,2,1,46,0,0,0,105
4,2,2,1,46,0,0,0,32
1004,755,249,8,46,0,0,0,1008
6,3,3,1,46,0,0,0,41
7,4,3,1,29,0,0,0,173
7,4,3,1,29,0,0,0,236
7,4,3,1,29,0,0,0,183
16,10,6,2,29,1,0,0,316
4,3,1,1,29,0,0,0,527
62,53,9,3,52,1,0,0,2196
516,269,247,1,54,1,0,0,876
2027,1152,875,1,54,1,0,0,4719
5,4,1,1,179,0,0,0.00045766590389016,2185
506,172,334,1,54,1,0,0,1276
6,3,3,1,121,0,0,0,480
121,46,75,3,160,1,0,0,3364
2,1,1,1,160,0,0,0,25
8,4,4,1,52,0,0,0,172
8,4,4,1,52,0,0,0,155
6,5,1,1,54,0,0,0,297
13,8,5,2,60,0,0,0,4162
391,294,97,1,60,0,0,0,392
0,0,0,1,11,0,0,0,0
0,0,0,1,11,0,0,0,0
0,0,0,1,11,0,0,0,0
0,0,0,1,11,0,0,0,0
0,0,0,1,11,0,0,0,0
0,0,0,1,11,0,0,0,0
0,0,0,1,11,0,0,0,0
0,0,0,1,11,0,0,0,0
0,0,0,1,11,0,0,0,0
0,0,0,1,11,0,0,0,0
0,0,0,1,11,0,0,0,0
0,0,0,1,11,0,0,0,0
0,0,0,1,11,0,0,0,0
0,0,0,1,11,0,0,0,0
0,0,0,1,11,0,0,0,0
0,0,0,1,11,0,0,0,0
0,0,0,1,11,0,0,0,0
0,0,0,1,11,0,0,0,0
0,0,0,1,11,0,0,0,0
0,0,0,1,11,0,0,0,0
0,0,0,1,11,0,0,0,0
0,0,0,1,11,0,0,0,0
0,0,0,1,11,0,0,0,0
0,0,0,1,11,0,0,0,0
0,0,0,1,11,0,0,0,0
0,0,0,1,11,0,0,0,0
0,0,0,1,11,0,0,0,0
0,0,0,1,11,0,0,0,0
0,0,0,1,11,0,0,0,0
0,0,0,1,11,0,0,0,0
0,0,0,1,11,0,0,0,0
0,0,0,1,11,0,0,0,0
0,0,0,1,11,0,0,0,0
0,0,0,1,11,0,0,0,0
0,0,0,1,11,0,0,0,0
0,0,0,1,11,0,0,0,0
0,0,0,1,11,0,0,0,0
0,0,0,1,11,0,0,0,0
0,0,0,1,11,0,0,0,0
0,0,0,1,11,0,0,0,0
0,0,0,1,11,0,0,0,0
0,0,0,1,11,0,0,0,0
0,0,0,1,11,0,0,0,0
0,0,0,1,11,0,0,0,0
0,0,0,1,11,0,0,0,0
0,0,0,1,11,0,0,0,0
0,0,0,1,11,0,0,0,0
0,0,0,1,11,0,0,0,0
0,0,0,1,11,0,0,0,0
0,0,0,1,11,0,0,0,0
0,0,0,1,11,0,0,0,0
0,0,0,1,11,0,0,0,0
0,0,0,1,11,0,0,0,0
0,0,0,1,11,0,0,0,0
0,0,0,1,11,0,0,0,0
0,0,0,1,11,0,0,0,0
0,0,0,1,11,0,0,0,0
0,0,0,1,11,0,0,0,0
0,0,0,1,11,0,0,0,0
0,0,0,1,11,0,0,0,0
0,0,0,1,11,0,0,0,0
0,0,0,1,11,0,0,0,0
0,0,0,1,11,0,0,0,0
0,0,0,1,11,0,0,0,0
0,0,0,1,11,0,0,0,0
0,0,0,1,11,0,0,0,0
0,0,0,1,11,0,0,0,0
0,0,0,1,11,0,0,0,0
0,0,0,1,11,0,0,0,0
0,0,0,1,11,0,0,0,0
0,0,0,1,11,0,0,0,0
0,0,0,1,11,0,0,0,0
0,0,0,1,11,0,0,0,0
0,0,0,1,11,0,0,0,0
0,0,0,1,11,0,0,0,0
0,0,0,1,11,0,0,0,0
0,0,0,1,11,0,0,0,0
0,0,0,1,11,0,0,0,0
0,0,0,1,11,0,0,0,0
0,0,0,1,11,0,0,0,0
0,0,0,1,11,0,0,0,0
0,0,0,1,11,0,0,0,0
0,0,0,1,11,0,0,0,0
0,0,0,1,11,0,0,0,0
0,0,0,1,11,0,0,0,0
0,0,0,1,11,0,0,0,0
0,0,0,1,11,0,0,0,0
0,0,0,1,11,0,0,0,0
0,0,0,1,11,0,0,0,0
0,0,0,1,11,0,0,0,0
0,0,0,1,11,0,0,0,0
0,0,0,1,11,0,0,0,0
0,0,0,1,11,0,0,0,0
0,0,0,1,11,0,0,0,0
0,0,0,1,11,0,0,0,0
0,0,0,1,11,0,0,0,0
0,0,0,1,11,0,0,0,0
0,0,0,1,11,0,0,0,0
0,0,0,1,11,0,0,0,0
0,0,0,1,11,0,0,0,0
0,0,0,1,11,0,0,0,0
0,0,0,1,11,0,0,0,0
0,0,0,1,11,0,0,0,0
0,0,0,1,11,0,0,0,0
0,0,0,1,11,0,0,0,0
0,0,0,1,11,0,0,0,0
0,0,0,1,11,0,0,0,0
0,0,0,1,11,0,0,0,0
0,0,0,1,11,0,0,0,0
0,0,0,1,11,0,0,0,0
0,0,0,1,11,0,0,0,0
0,0,0,1,11,0,0,0,0
0,0,0,1,11,0,0,0,0
0,0,0,1,11,0,0,0,0
0,0,0,1,11,0,0,0,0
0,0,0,1,11,0,0,0,0
0,0,0,1,11,0,0,0,0
0,0,0,1,11,0,0,0,0
0,0,0,1,11,0,0,0,0
0,0,0,1,11,0,0,0,0
0,0,0,1,11,0,0,0,0
0,0,0,1,11,0,0,0,0
0,0,0,1,11,0,0,0,0
0,0,0,1,11,0,0,0,0
0,0,0,1,11,0,0,0,0
0,0,0,1,11,0,0,0,0
0,0,0,1,11,0,0,0,0
0,0,0,1,11,0,0,0,0
0,0,0,1,11,0,0,0,0
0,0,0,1,11,0,0,0,0
0,0,0,1,11,0,0,0,0
0,0,0,1,11,0,0,0,0
0,0,0,1,11,0,0,0,0
0,0,0,1,11,0,0,0,0
0,0,0,1,11,0,0,0,0
0,0,0,1,11,0,0,0,0
0,0,0,1,11,0,0,0,0
6,6,0,1,53,0,0,0,4723
6,6,0,1,53,0,0,0,4723
6,6,0,1,52,0,0,0,4723
6,6,0,1,53,0,0,0,4723
6,6,0,1,53,0,0,0,4723
6,6,0,1,53,0,0,0,4723
6,6,0,1,53,0,0,0,4723
6,6,0,1,53,0,0,0,4723
6,6,0,1,53,0,0,0,4723
6,6,0,1,53,0,0,0,4723
7,6,1,1,52,0,0,0,4723
5,5,0,1,53,0,0,0,4723
5,5,0,1,53,0,0,0,4723
6,6,0,1,53,0,0,0,4723
6,6,0,1,53,0,0,0,4723
8,7,1,1,53,0,0,0,4723
6,6,0,1,53,0,0,0,4723
6,3,3,1,33,0,0,0,11
0,0,0,1,11,0,0,0,0
10,6,4,2,106,0,0,0,56
178,142,36,2,17,0,0,0,681
2,1,1,1,17,0,0,0,236
3,2,1,1,178,0,0,0,106
9,5,4,3,64,0,0,0,114
17,10,7,1,108,0,0,0,148
5,4,1,1,21,0,0,0,112
12,10,2,2,108,1,0,0,97
12,9,3,1,108,0,0,0,92
7,5,2,1,108,0,0,0,67
6,5,1,1,66,1,0,0,472
8,5,3,2,107,0,0,0,106
10,6,4,1,108,0,0,0,60
6,3,3,1,17,0,0,0,352
5,3,2,2,108,0,0,0,159
39,25,14,1,108,0,0,0,159
4,2,2,1,17,0,0,0,67
59,32,27,2,9,0,0,0,506
7,5,2,1,108,0,0,0,88
12,9,3,1,108,0,0,0,90
7,5,2,1,108,0,0,0,78
10,7,3,1,108,0,0,0,208
20,11,9,3,99,0,0,0,325
3,2,1,1,19,0,0,0.0102040816326531,98
68,43,25,1,108,0,0,0,186
6,3,3,2,41,0,0,0,45
6,3,3,2,108,0,0,0.00279329608938547,358
26,18,8,1,108,0,0,0,148
6,4,2,1,108,0,0,0,57
6,4,2,1,108,0,0,0,72
46,31,15,2,108,0,0,0,159
19,10,9,1,78,0,0,0,92
0,0,0,1,100,0,0,0,0
6,4,2,1,66,1,0,0,15
6,4,2,1,66,1,0,0,19
8,4,4,1,94,0,0,0,28
8,4,4,1,94,0,0,0,29
9,5,4,1,94,0,0,0,29
6,4,2,1,66,1,0,0,15
6,4,2,1,66,1,0,0,15
6,3,3,1,89,0,0,0,64
6,4,2,1,66,1,0,0,15
4,2,2,1,72,0,0,0,105
6,4,2,1,66,1,0,0,19
0,0,0,1,108,0,0,0,0
6,4,2,1,66,1,0,0,15
59,53,6,1,52,0,0,0,101
6,4,2,1,66,1,0,0,15
6,4,2,1,66,1,0,0,19
6,4,2,1,66,1,0,0,15
9,5,4,1,174,0,0,0,98
6,4,2,1,66,1,0,0,15
10,4,6,2,108,0,0,0,72
6,4,2,1,66,1,0,0,15
2,1,1,2,108,1,0,0,48
10,8,2,2,108,1,0,0,98
4,2,2,2,108,1,0,0,59
16,8,8,3,108,1,0,0,64
10,5,5,2,108,1,0,0,387
2,1,1,2,108,1,0,0,55
16,12,4,3,101,2,0,0,158
4,2,2,2,108,1,0,0,163
2,1,1,2,108,1,0,0,47
4,2,2,2,108,1,0,0,220
2,1,1,2,108,1,0,0,64
4,2,2,2,108,1,0,0,169
2,1,1,2,108,1,0,0,46
2,1,1,2,108,1,0,0,74
2,1,1,2,108,1,0,0,42
10,5,5,3,79,1,0,0,214
2,1,1,2,108,1,0,0,87
6,3,3,1,85,0,0,0,356
6,3,3,1,85,0,0,0,153
12,7,5,2,108,1,0,0,357
6,4,2,2,108,1,0,0,238
10,5,5,1,17,0,0,0,231
15,8,7,2,108,1,0,0,435
3,2,1,1,108,0,0,0.0178571428571429,56
51,51,0,2,108,0,0,0.0196078431372549,51
3,2,1,1,108,0,0,0,27
0,0,0,1,64,0,0,0,20
62,62,0,2,108,0,0,0,62
3,2,1,1,108,0,0,0.02,50
62,62,0,3,99,0,0,0,0
183,183,0,2,108,0,0,0,183
7,4,3,1,108,0,0,0,31
91,91,0,2,108,0,0,0,91
6,4,2,1,108,0,0,0,120
27,27,0,2,108,0,0,0,27
6,5,1,1,108,0,0,0,28
11,5,6,1,108,0,0,0,143
77,77,0,2,108,0,0,0,77
66,66,0,2,108,0,0,0,66
143,123,20,1,108,0,0,0,194
51,51,0,2,108,0,0,0,51
5,4,1,1,64,0,0,0,78
46,46,0,2,108,0,0,0,46
52,52,0,2,108,0,0,0,52
99,99,0,2,108,0,0,0,99
52,52,0,2,108,0,0,0,52
57,57,0,2,108,0,0,0,57
10,9,1,1,108,0,0,0,83
16,10,6,3,93,0,0,0,46
42,39,3,1,108,0,0,0,94
51,51,0,2,108,0,0,0,51
68,68,0,2,108,0,0,0,68
69,64,5,1,108,0,0,0,101
69,69,0,2,108,0,0,0,69
83,83,0,2,108,0,0,0,83
12,5,7,1,108,0,0,0,55
68,68,0,2,108,0,0,0,68
30,30,0,2,108,0,0,0,30
98,98,0,2,108,0,0,0,98
68,68,0,2,108,0,0,0,68
29,17,12,1,108,0,0,0,140
136,136,0,2,108,0,0,0,136
67,67,0,2,108,0,0,0,67
77,77,0,2,108,0,0,0,77
70,70,0,2,108,0,0,0,70
98,98,0,2,108,0,0,0,98
7,5,2,1,66,1,0,0,58
74,74,0,2,108,0,0,0,74
60,60,0,2,108,0,0,0,60
82,82,0,2,108,0,0,0,82
64,64,0,2,108,0,0,0,64
65,65,0,2,108,0,0,0,65
57,57,0,2,108,0,0,0,57
86,86,0,2,108,0,0,0,86
77,77,0,2,108,0,0,0,77
9,5,4,1,108,0,0,0,30
57,57,0,2,108,0,0,0,57
102,102,0,2,108,0,0,0,102
50,46,4,1,108,0,0,0,94
65,65,0,2,108,0,0,0,65
6,4,2,1,108,0,0,0,70
74,74,0,2,108,0,0,0,74
44,20,24,1,108,0,0,0,122
6,3,3,1,85,0,0,0,188
83,83,0,2,108,0,0,0,83
88,88,0,2,108,0,0,0,88
86,86,0,2,108,0,0,0,86
54,54,0,2,108,0,0,0,54
69,69,0,2,108,0,0,0,69
8,4,4,1,90,0,0,0,642
8,4,4,1,76,0,0,0,319
12,6,6,2,7,0,0,0,827
15,8,7,1,76,0,0,0,972
12,6,6,1,76,0,0,0,674
25,14,11,4,6,0,0,0,338
6,3,3,1,7,0,0,0,462
4,2,2,1,89,0,0,0,903
8,2,6,1,59,0,0,0,59
11,6,5,1,108,0,0,0,69
52,35,17,3,10,0,0,0,202
30,19,11,4,60,1,0,0,1220
24,18,6,2,99,0,0,0,110
10,5,5,2,108,0,0,0,146
59,47,12,1,108,0,0,0,2585
37,35,2,1,21,0,0,0,1066
156,56,100,2,108,1,0,0,115
12,6,6,2,72,0,0,0,192
6,3,3,1,72,0,0,0,199
12,6,6,2,72,0,0,0,189
12,6,6,2,72,0,0,0,309
36,29,7,2,108,0,0,0,347
43,22,21,2,90,0,0,0,240
12,6,6,1,90,1,0,0,49
6,3,3,1,108,0,0,0,324
17,9,8,1,76,0,0,0,601
53,14,39,3,108,0,0,0,544
17,6,11,1,108,0,0,0,57
21,14,7,1,108,0,0,0,92
16,4,12,2,108,1,0,0,56
16,4,12,2,108,1,0,0,56
6,3,3,1,108,0,0,0,96
124,82,42,2,77,0,0,0,346
23,18,5,2,83,0,0,0,106
39,35,4,1,108,0,0,0,481
94,60,34,2,77,0,0,0,416
11,6,5,1,76,0,0,0,346
10,5,5,1,76,0,0,0,527
16,8,8,2,54,0,0,0,143
69,47,22,5,57,1,0,0,213
40,24,16,3,17,0,0,0,132
24,12,12,1,17,0,0,0,206
5,3,2,1,17,0,0,0,120
26,23,3,3,108,0,0,0,810
4,3,1,1,108,0,0,0,266
4,2,2,1,17,0,0,0,275
4,2,2,1,17,0,0,0,289
8,4,4,1,81,0,0,0,287
4,2,2,1,17,0,0,0,242
4,2,2,1,17,0,0,0,309
4,2,2,1,17,0,0,0,130
27,14,13,1,17,0,0,0,101
4,2,2,1,17,0,0,0,319
20,12,8,2,17,0,0,0,518
2,1,1,1,17,0,0,0,283
0,0,0,1,117,1,0,0,0
104,45,59,7,101,3,0,0,105
46,24,22,6,76,3,0,0,60
24,12,12,5,101,3,0,0,147
2,1,1,2,108,1,0,0,38
10,5,5,2,108,1,0,0,129
49,47,2,2,108,1,0,0,74
4,2,2,2,108,1,0,0,46
2,1,1,2,108,1,0,0,41
189,69,120,2,108,1,0,0,126
7,3,4,2,108,1,0,0,34
4,2,2,2,108,1,0,0,49
4,2,2,2,108,1,0,0,54
2,1,1,2,108,1,0,0,56
20,14,6,4,108,2,0,0,111
2,1,1,2,108,1,0,0,36
4,2,2,2,108,1,0,0.00847457627118644,118
15,4,11,3,51,1,0,0,38
2,1,1,2,108,1,0,0,35
10,5,5,3,101,2,0,0,170
0,0,0,1,117,1,0,0,0
23,11,12,5,101,3,0,0,188
272,151,121,3,108,2,0,0,199
0,0,0,1,117,1,0,0,0
0,0,0,1,117,1,0,0,0
0,0,0,1,117,1,0,0,0
0,0,0,1,117,1,0,0,0
0,0,0,1,117,1,0,0,0
0,0,0,1,117,1,0,0,0
0,0,0,1,117,1,0,0,0
0,0,0,1,117,1,0,0,0
107,35,72,2,108,1,0,0,48
82,28,54,2,108,1,0,0,128
7,3,4,2,108,1,0,0,33
4,2,2,2,108,1,0,0,114
4,2,2,2,108,1,0,0,83
4,2,2,2,108,1,0,0,95
4,2,2,2,108,1,0,0,90
4,2,2,2,108,1,0,0,84
6,3,3,2,108,1,0,0,126
46,29,17,2,108,1,0,0,183
39,25,14,2,108,1,0,0,118
2,1,1,2,108,1,0,0,65
2,1,1,2,108,1,0,0,85
2,1,1,2,108,1,0,0,67
2,1,1,2,108,1,0,0,248
2,1,1,2,108,1,0,0,45
2,1,1,2,108,1,0,0,91
152,41,111,2,108,1,0,0,56
23,13,10,3,76,1,0,0,497
27,12,15,5,101,3,0,0,95
20,6,14,2,108,1,0,0,40
18,9,9,3,108,1,0,0,152
48,26,22,4,101,2,0,0,358
0,0,0,1,114,1,0,0,0
2,1,1,2,108,1,0,0,226
503,88,415,3,51,1,0,0,133
2,1,1,2,108,1,0,0,74
0,0,0,1,117,1,0,0,0
12,6,6,1,54,0,0,0,117
6,3,3,1,89,0,0,0,128
261,221,40,2,17,1,0,0,1161
4,2,2,1,17,0,0,0,65
79,72,7,2,17,1,0,0,283
483,416,67,2,17,1,0,0,1258
4,2,2,1,17,0,0,0,216
4,2,2,1,17,0,0,0,171
4,2,2,1,17,0,0,0,343
11,8,3,1,96,0,0,0,1941
37,20,17,1,2,0,0,0,298
6,3,3,1,77,0,0,0,532
10,5,5,1,89,0,0,0,658
6,3,3,1,83,0,0,0,693
6,3,3,1,83,0,0,0,462
38,20,18,3,50,1,0,0,194
4,2,2,1,76,0,0,0,1188
12,6,6,1,76,0,0,0,1902
4,2,2,1,76,0,0,0,209
6,3,3,1,76,0,0,0,234
4,2,2,1,17,0,0,0,140
4,2,2,1,17,0,0,0,285
24,17,7,2,17,1,0,0,362
85,52,33,1,17,0,0,0,1249
123,89,34,5,9,1,0,0,882
71,36,35,2,17,1,0,0,322
33,25,8,1,17,0,0,0,484
51,34,17,3,17,1,0,0,1145
4,2,2,1,108,0,0,0,73
8,4,4,1,108,0,0,0,384
14,7,7,1,76,0,0,0,684
8,4,4,1,76,0,0,0,770
8,4,4,1,76,0,0,0,784
54,25,29,1,25,1,0,0,65
6,3,3,1,76,0,0,0,839
8,4,4,1,74,0,0,0,319
36,18,18,1,76,0,0,0,801
6,3,3,1,83,0,0,0,55
6,3,3,1,83,0,0,0,63
6,3,3,1,83,0,0,0,60
6,3,3,1,83,0,0,0.0165289256198347,121
6,3,3,1,88,0,0,0.00574712643678161,174
6,3,3,1,88,0,0,0,78
12,6,6,2,108,1,0,0,254
6,3,3,1,88,0,0,0,95
8,4,4,1,88,0,0,0,263
14,9,5,1,77,0,0,0,227
6,3,3,1,89,0,0,0,1098
20,12,8,2,68,0,0,0.000497760079641613,2009
18,7,11,3,67,1,0,0,896
9,5,4,2,108,0,0,0,105
8,4,4,1,89,0,0,0,84
15,3,12,1,40,0,0,0,136
35,10,25,1,40,0,0,0,482
0,0,0,1,164,0,0,0,0
19,7,12,1,76,0,0,0,3928
7,4,3,1,76,0,0,0,380
14,7,7,4,89,0,0,0,182
20,10,10,1,76,0,0,0,348
6,3,3,1,179,0,0,0,120
6,3,3,1,89,0,0,0,623
17,5,12,2,18,0,0,0,54
16,8,8,3,108,2,0,0,64
16,8,8,3,108,2,0,0,66
0,0,0,1,117,1,0,0,0
16,8,8,3,108,2,0,0,61
0,0,0,1,19,0,0,0,10
0,0,0,2,103,0,0,0,0
0,0,0,1,108,0,0,0,0
16,5,11,1,108,0,0,0,96
16,5,11,1,108,0,0,0,98
77,45,32,3,103,0,0,0,65
16,5,11,1,108,0,0,0,97
17,5,12,1,108,0,0,0,58
8,4,4,1,89,0,0,0,466
218,115,103,2,101,0,0,0,1805
15,8,7,1,108,0,0,0,596
112,103,9,3,176,1,0,0,476
8,4,4,1,6,0,0,0,2255
6,3,3,1,101,0,0,0,311
6,3,3,1,101,0,0,0,185
7,4,3,1,102,0,0,0,120
4,2,2,1,28,0,0,0,930
8,4,4,1,23,0,0,0,8
16,8,8,1,79,1,0,0,971
8,5,3,1,28,0,0,0,59
11,7,4,1,66,0,0,0,546
8,4,4,1,122,0,0,0,95
8,4,4,1,29,0,0,0,301
41,19,22,2,73,0,0,0,774
4,2,2,1,73,0,0,0,167
14,7,7,2,61,0,0,0,921
2,2,0,1,93,1,0,0,20
62,35,27,5,29,0,0,0,589
3,2,1,1,73,0,0,0,151
15,8,7,1,73,0,0,0,508
52,26,26,4,72,1,0,0,540
8,4,4,2,72,0,0,0,44
24,12,12,5,29,0,0,0,228
8,4,4,1,82,0,0,0,991
49,25,24,3,67,0,0,0,707
12,6,6,2,67,0,0,0,81
108,66,42,4,13,1,0,0,194
23,12,11,3,29,0,0,0,59
145,89,56,8,50,0,0,0,661
138,77,61,8,21,0,0,0,1973
11,7,4,3,29,0,0,0,203
107,57,50,2,29,0,0,0,1146
6,3,3,1,73,0,0,0,633
90,48,42,3,69,0,0,0,200
12,8,4,2,69,0,0,0,72
11,10,1,1,82,0,0,0,149
52,26,26,5,29,0,0,0,1699
4,2,2,1,29,0,0,0,125
8,4,4,1,73,0,0,0,447
19,10,9,3,72,0,0,0,1346
52,27,25,3,67,0,0,0,1127
4,3,1,1,93,1,0,0.000345303867403315,2896
10,8,2,1,70,0,0,0,224
41,29,12,4,31,2,0,0.000759301442672741,1317
4,2,2,1,100,0,0,0,199
4,2,2,1,100,0,0,0,302
4,2,2,1,100,0,0,0,246
4,2,2,1,100,0,0,0,181
4,2,2,1,72,0,0,0,446
4,2,2,1,72,0,0,0,73
4,2,2,1,72,0,0,0,74
83,60,23,6,27,1,0,0,841
17,11,6,2,52,0,0,0,176
6,3,3,1,52,0,0,0,1037
15,8,7,1,52,0,0,0,263
6,3,3,1,93,0,0,0,384
6,3,3,1,93,0,0,0,623
11,2,9,1,31,0,0,0,75
6,2,4,1,31,0,0,0,224
78,39,39,3,28,0,0,0.00151515151515152,1320
8,7,1,1,108,0,0,0,380
6,3,3,1,101,0,0,0,445
104,20,84,1,90,1,0,0,137
216,111,105,4,106,0,0,0,575
6,3,3,1,101,0,0,0,369
32,16,16,3,108,0,0,0,182
14,7,7,1,166,0,0,0,415
113,106,7,2,111,0,0,0,657
50,37,13,3,23,0,0,0,355
76,51,25,6,111,0,0,0,935
6,4,2,2,138,0,0,0,655
6,4,2,2,23,0,0,0,52
8,4,4,1,122,0,0,0,304
56,29,27,2,100,1,0,0,1278
4,2,2,1,100,0,0,0,105
10,9,1,1,10,1,0,0,70
18,9,9,3,55,0,0,0,1440
4,2,2,1,100,0,0,0,368
16,8,8,1,166,0,0,0,319
41,22,19,1,58,0,0,0,570
398,270,128,14,3,0,0,0,907
14,13,1,1,3,0,0,0,121
63,63,0,2,108,0,0,0,63
78,78,0,2,108,0,0,0,78
70,70,0,2,108,0,0,0,70
64,64,0,2,108,0,0,0,64
73,73,0,2,108,0,0,0,73
60,60,0,2,108,0,0,0,60
103,103,0,2,108,0,0,0,103
51,51,0,2,108,0,0,0,51
63,63,0,2,108,0,0,0,63
6,3,3,1,101,0,0,0,69
83,52,31,3,101,1,0,0,651
10,5,5,1,101,0,0,0,232
12,6,6,2,68,0,0,0,168
6,3,3,1,101,0,0,0,475
0,0,0,1,134,0,0,0,0
14,10,4,1,101,0,0,0,208
27,25,2,1,132,0,0,0,581
6,3,3,1,46,0,0,0,332
33,21,12,1,46,0,0,0,234
36,19,17,3,45,0,0,0,969
41,23,18,1,45,0,0,0,953
36,18,18,2,45,1,0,0,380
125,71,54,4,45,1,0,0,3973
15,8,7,2,42,0,0,0,244
10,5,5,2,45,0,0,0,33
54,35,19,3,11,0,0,0,236
808,527,281,6,11,2,0,0.000477783086478739,2093
85,47,38,5,11,1,0,0,238
175,102,73,6,11,3,0,0,480
11,6,5,1,11,0,0,0,283
91,63,28,2,11,0,0,0,238
30,17,13,2,11,1,0,0,191
6,2,4,1,11,0,0,0,163
50,32,18,2,11,1,0,0,133
9,5,4,1,101,0,0,0,1063
8,4,4,1,44,0,0,0,275
8,4,4,1,44,0,0,0,210
10,5,5,1,44,0,0,0,221
10,5,5,1,44,0,0,0,247
8,4,4,1,44,0,0,0,394
6,3,3,1,44,0,0,0,733
10,5,5,1,44,0,0,0,205
17,8,9,2,44,0,0,0,307
20,10,10,2,17,0,0,0,335
20,10,10,1,113,0,0,0,359
2,1,1,1,44,0,0,0,75
6,4,2,1,44,0,0,0,395
30,15,15,2,44,0,0,0,1541
110,87,23,3,27,1,0,0,1154
6,3,3,1,44,0,0,0,771
6,3,3,1,44,0,0,0,406
12,6,6,1,44,0,0,0,448
12,6,6,1,44,0,0,0,442
7,4,3,1,44,0,0,0,800
27,11,16,2,44,0,0,0,166
44,22,22,2,44,0,0,0,55
35,17,18,2,44,0,0,0,106
22,8,14,2,44,0,0,0,226
39,17,22,2,44,0,0,0,234
15,6,9,1,44,0,0,0,163
10,5,5,1,44,0,0,0,1134
10,6,4,1,16,0,0,0,139
1,0,1,1,168,0,0,0,364
6,1,5,1,93,0,0,0,18
4,2,2,1,89,0,0,0,152
12,6,6,2,94,0,0,0,731
0,0,0,1,27,0,0,0,83
15,10,5,1,117,1,0,0,417
4,2,2,2,71,0,0,0,68
3,2,1,1,101,0,0,0,66
0,0,0,1,27,1,0,0,58
0,0,0,1,27,1,0,0,7
6,1,5,1,52,0,0,0,63
0,0,0,1,68,0,0,0,0
0,0,0,1,68,0,0,0,0
0,0,0,1,130,0,0,0,280
0,0,0,1,68,0,0,0,0
0,0,0,1,68,0,0,0,0
0,0,0,1,68,0,0,0,0
0,0,0,1,68,0,0,0,0
0,0,0,1,68,0,0,0,0
0,0,0,1,68,0,0,0,0
0,0,0,1,68,0,0,0,0
0,0,0,1,68,0,0,0,0
0,0,0,1,68,0,0,0,0
0,0,0,1,68,0,0,0,0
0,0,0,1,68,0,0,0,0
6,3,3,2,68,0,0,0,0
6,3,3,1,121,0,0,0,147
0,0,0,1,68,0,0,0,0
14,7,7,2,68,0,0,0,0
0,0,0,1,68,0,0,0,0
0,0,0,1,68,0,0,0,0
0,0,0,1,68,0,0,0,0
0,0,0,1,68,0,0,0,0
29,16,13,1,91,0,0,0,151
0,0,0,1,68,0,0,0,0
0,0,0,1,68,0,0,0,0
0,0,0,1,90,0,0,0,225
0,0,0,1,68,0,0,0,0
0,0,0,1,68,0,0,0,0
0,0,0,1,68,0,0,0,0
0,0,0,1,68,0,0,0,0
0,0,0,1,68,0,0,0,0
0,0,0,1,68,0,0,0,0
0,0,0,1,75,0,0,0,0
0,0,0,1,75,0,0,0,0
0,0,0,1,75,0,0,0,0
12,6,6,1,44,0,0,0,683
6,3,3,1,44,0,0,0,1317
16,8,8,2,44,0,0,0,268
15,8,7,1,101,0,0,0,1029
8,4,4,1,44,0,0,0,847
29,15,14,1,44,0,0,0,734
8,4,4,1,18,0,0,0,482
10,5,5,1,44,0,0,0,198
16,8,8,1,44,0,0,0,790
7,2,5,1,101,0,0,0,208
105,83,22,1,81,0,0,0,691
41,27,14,4,9,0,0,0,234
6,3,3,1,18,0,0,0,357
48,22,26,4,9,0,0,0.00036036036036036,2775
7,4,3,1,18,0,0,0,176
6,3,3,1,18,0,0,0,168
92,52,40,6,23,0,0,0,745
21,11,10,2,23,0,0,0,400
7,4,3,1,23,0,0,0,135
13,7,6,1,23,0,0,0,282
14,11,3,1,58,0,0,0,546
8,4,4,1,156,0,0,0,536
10,5,5,1,18,0,0,0,898
13,6,7,1,18,0,0,0,819
18,9,9,3,22,0,0,0,1028
5,3,2,1,170,0,0,0,203
3,1,2,1,66,1,0,0,1225
6,3,3,1,18,0,0,0,271
7,4,3,1,18,0,0,0,187
10,5,5,1,18,0,0,0,1009
6,3,3,1,18,0,0,0,137
44,22,22,1,18,0,0,0,624
10,5,5,1,18,0,0,0,1340
6,3,3,1,18,0,0,0,57
24,14,10,3,18,0,0,0,233
6,3,3,2,81,0,0,0,235
5,3,2,1,81,0,0,0,854
3,2,1,2,81,0,0,0,101
4,2,2,1,48,0,0,0,260
4,2,2,1,81,0,0,0,221
81,16,65,3,8,0,0,0,132
18,8,10,1,101,0,0,0,1361
43,19,24,5,8,0,0,0,1313
19,10,9,1,101,0,0,0,1000
76,67,9,3,2,0,0,0,302
1,1,0,1,8,0,0,0,29
21,11,10,2,17,0,0,0,1805
6,3,3,1,43,0,0,0,613
6,3,3,1,75,0,0,0,394
42,21,21,1,75,0,0,0,290
0,0,0,1,168,0,0,0,0
0,0,0,1,168,0,0,0,0
33,15,18,1,168,0,0,0,198
0,0,0,1,168,0,0,0,0
0,0,0,1,168,0,0,0,0
0,0,0,1,168,0,0,0,0
30,22,8,3,164,0,0,0,144
0,0,0,1,168,0,0,0,0
0,0,0,1,168,0,0,0,0
22,15,7,2,108,0,0,0.00131233595800525,762
16,10,6,2,116,0,0,0,191
5,4,1,1,106,0,0,0,49
52,26,26,3,26,1,0,0,537
12,6,6,1,18,0,0,0,225
6,3,3,1,18,0,0,0,138
7,4,3,1,65,0,0,0,170
28,21,7,1,45,0,0,0,229
6,2,4,1,80,0,0,0,211
27,14,13,1,18,0,0,0,1553
18,11,7,2,18,1,0,0,854
3,2,1,1,59,0,0,0,50
34,20,14,3,58,0,0,0,1437
47,28,19,4,58,0,0,0,486
20,10,10,2,66,1,0,0,851
173,136,37,7,18,0,0,0,1044
147,109,38,4,18,0,0,0,242
17,8,9,2,101,0,0,0,1604
82,44,38,3,73,0,0,0,1858
4,2,2,1,101,0,0,0,254
47,36,11,2,18,1,0,0,1868
23,12,11,1,18,0,0,0,2618
6,3,3,1,93,1,0,0,1044
6,3,3,1,23,0,0,0,562
15,8,7,4,14,0,0,0,30
12,6,6,2,22,0,0,0,767
12,7,5,1,22,0,0,0,784
17,9,8,2,22,0,0,0,627
22,14,8,3,22,0,0,0,1528
36,23,13,2,24,1,0,0,356
6,3,3,1,122,0,0,0,2040
6,3,3,1,43,0,0,0,408
9,5,4,1,122,0,0,0,1418
10,5,5,1,122,0,0,0,2165
6,3,3,1,23,0,0,0,1040
33,15,18,4,23,1,0,0,1004
8,4,4,1,18,0,0,0,522
6,3,3,1,23,0,0,0,354
8,5,3,1,122,0,0,0,825
14,7,7,2,23,0,0,0,223
50,30,20,5,28,1,0,0.000387296669248644,2582
51,6,45,2,22,1,0,0,495
4,2,2,1,44,0,0,0,321
11,6,5,1,44,0,0,0,452
4,2,2,1,23,0,0,0,188
17,9,8,1,23,0,0,0,502
3,2,1,1,154,0,0,0,125
7,3,4,1,173,0,0,0,383
7,3,4,1,46,0,0,0,989
16,8,8,2,11,0,0,0,813
124,24,100,3,115,1,0,0,1661
3,1,2,1,155,1,0,0,260
10,5,5,1,42,0,0,0,69
31,17,14,5,42,0,0,0,77
47,19,28,3,101,0,0,0,0
98,48,50,4,42,0,0,0,306
6,3,3,1,42,0,0,0,370
6,3,3,1,42,0,0,0,526
6,3,3,1,42,0,0,0,145
87,47,40,7,42,0,0,0,445
102,46,56,6,101,0,0,0,455
78,31,47,7,42,0,0,0,206
41,18,23,4,46,0,0,0,218
91,40,51,8,8,0,0,0.000859845227858985,1163
43,19,24,6,42,0,0,0,203
61,10,51,2,46,0,0,0,50
8,4,4,1,42,0,0,0.00409836065573771,244
4,1,3,1,105,0,0,0,84
10,5,5,1,105,0,0,0,15
8,4,4,1,105,0,0,0,77
23,10,13,3,105,0,0,0,65
4,2,2,1,105,0,0,0,101
14,3,11,2,105,0,0,0,62
9,1,8,1,54,0,0,0,111
35,14,21,1,113,0,0,0,121
95,46,49,3,42,0,0,0,468
31,13,18,2,101,0,0,0,116
24,12,12,1,113,0,0,0,125
347,115,232,7,72,0,0,0,652
4,2,2,1,113,0,0,0,44
31,16,15,1,112,0,0,0,325
74,39,35,3,100,0,0,0,547
4,2,2,1,100,0,0,0,82
63,29,34,3,101,0,0,0,222
23,12,11,1,112,0,0,0,117
4,2,2,1,112,0,0,0,38
6,3,3,1,98,0,0,0,851
61,30,31,3,42,0,0,0,380
23,14,9,1,115,0,0,0,41
33,17,16,2,42,0,0,0,108
4,2,2,1,115,0,0,0,41
4,1,3,1,105,0,0,0,144
48,23,25,2,100,0,0,0,462
4,2,2,1,105,0,0,0,46
22,11,11,2,45,0,0,0,191
0,0,0,1,102,0,0,0,0
0,0,0,1,102,0,0,0,0
0,0,0,1,102,0,0,0,0
0,0,0,1,102,0,0,0,0
24,14,10,4,75,0,0,0,1184
18,7,11,2,46,0,0,0,105
40,21,19,5,75,0,0,0,1009
19,5,14,1,46,0,0,0,114
8,3,5,1,157,0,0,0,240
59,1,58,1,102,0,0,0,3
10,5,5,1,46,0,0,0,71
22,11,11,1,46,0,0,0,218
8,4,4,1,46,0,0,0,79
10,6,4,1,104,0,0,0,91
16,8,8,1,46,0,0,0,169
245,95,150,6,46,1,0,0,1562
57,18,39,2,46,0,0,0,501
24,8,16,2,46,0,0,0,305
53,14,39,2,46,0,0,0,412
50,12,38,1,46,0,0,0,301
147,48,99,4,42,0,0,0,1637
12,6,6,1,46,0,0,0,268
182,66,116,6,42,0,0,0,1579
20,8,12,2,46,0,0,0,155
76,23,53,4,45,0,0,0,602
48,12,36,2,45,0,0,0,245
48,14,34,2,46,0,0,0,476
6,3,3,1,42,0,0,0,2579
122,34,88,3,42,0,0,0,1629
12,6,6,1,46,0,0,0,268
14,11,3,2,42,0,0,0,1063
4,2,2,1,107,0,0,0,159
4,2,2,1,46,0,0,0,155
25,10,15,3,150,0,0,0,726
186,93,93,1,46,0,0,0,926
186,93,93,1,46,0,0,0,979
7,3,4,1,46,0,0,0,564
118,40,78,4,42,0,0,0,644
4,2,2,1,46,0,0,0,144
32,12,20,3,42,0,0,0,5350
134,54,80,6,42,0,0,0,752
14,7,7,1,46,0,0,0,82
26,12,14,3,42,0,0,0,281
29,13,16,3,42,0,0,0,201
23,10,13,2,46,0,0,0,239
7,3,4,1,46,0,0,0,161
8,5,3,1,159,0,0,0,307
0,0,0,1,161,0,0,0,90
32,14,18,3,46,0,0,0.00148148148148148,675
48,24,24,2,42,0,0,0,286
75,25,50,4,42,0,0,0,563
18,8,10,2,46,0,0,0.0029585798816568,338
36,13,23,2,46,0,0,0,586
18,8,10,2,46,0,0,0,256
18,8,10,2,46,0,0,0,276
20,9,11,2,46,0,0,0,302
18,8,10,2,46,0,0,0.00315457413249211,317
18,8,10,2,46,0,0,0,268
26,12,14,3,42,0,0,0,322
18,8,10,2,46,0,0,0,289
18,8,10,2,46,0,0,0,278
18,8,10,2,46,0,0,0,275
36,13,23,2,46,0,0,0,320
46,16,30,2,46,0,0,0.00186915887850467,535
61,21,40,2,46,0,0,0,591
33,11,22,3,44,0,0,0,245
8,4,4,1,108,0,0,0,294
210,77,133,12,42,0,0,0,1966
6,3,3,1,55,0,0,0,142
14,4,10,1,46,0,0,0,220
19,10,9,3,8,0,0,0.000264131008980454,3786
63,8,55,3,44,0,0,0.00389105058365759,257
6,3,3,1,46,0,0,0,305
4,2,2,1,108,0,0,0,84
28,10,18,3,45,0,0,0,356
9,1,8,1,161,0,0,0,87
10,1,9,1,54,0,0,0,171
31,12,19,3,46,0,0,0,106
10,5,5,1,46,0,0,0,579
16,6,10,1,46,0,0,0,133
35,14,21,3,46,0,0,0,167
215,96,119,2,46,0,0,0,516
61,19,42,2,46,0,0,0,147
60,21,39,3,46,0,0,0,212
20,10,10,1,46,0,0,0,93
37,14,23,3,46,0,0,0,260
67,21,46,2,46,0,0,0,307
60,21,39,3,46,0,0,0,187
12,6,6,1,46,0,0,0,72
52,21,31,4,46,0,0,0,455
85,30,55,3,42,0,0,0,466
60,21,39,3,46,0,0,0,254
18,9,9,1,46,0,0,0,84
29,10,19,2,46,0,0,0,368
67,21,46,2,46,0,0,0,351
60,21,39,3,46,0,0,0,244
12,6,6,1,46,0,0,0,99
20,10,10,1,46,0,0,0,165
37,14,23,3,46,0,0,0,264
67,21,46,2,46,0,0,0,312
60,21,39,3,46,0,0,0,196
12,6,6,1,46,0,0,0,68
51,20,31,4,42,0,0,0,354
67,21,46,2,46,0,0,0,366
58,20,38,3,46,0,0,0,158
16,8,8,1,46,0,0,0,109
64,25,39,3,46,0,0,0,296
6,3,3,1,46,0,0,0,33
66,26,40,3,46,0,0,0,321
6,3,3,1,46,0,0,0,33
54,21,33,4,44,0,0,0,257
4,2,2,1,46,0,0,0,30
86,32,54,4,44,0,0,0,412
4,2,2,1,46,0,0,0,30
84,31,53,4,44,0,0,0,337
4,2,2,1,46,0,0,0,5
79,32,47,4,44,0,0,0,292
4,2,2,1,46,0,0,0,44
54,21,33,4,44,0,0,0,216
4,2,2,1,46,0,0,0,30
54,21,33,4,44,0,0,0,257
4,2,2,1,46,0,0,0,30
186,93,93,1,46,0,0,0,815
186,93,93,1,46,0,0,0,785
84,31,53,4,44,0,0,0,382
4,2,2,1,46,0,0,0,30
72,28,44,4,44,0,0,0,297
4,2,2,1,46,0,0,0,30
72,28,44,4,44,0,0,0,296
4,2,2,1,46,0,0,0,30
62,25,37,3,46,0,0,0,297
4,2,2,1,46,0,0,0,30
65,25,40,3,46,0,0,0,289
4,2,2,1,46,0,0,0,33
56,22,34,3,46,0,0,0,274
4,2,2,1,46,0,0,0,33
17,7,10,2,46,0,0,0,105
352,133,219,2,42,0,0,0,860
388,145,243,2,42,0,0,0,1228
4,2,2,1,46,0,0,0,32
17,6,11,2,44,0,0,0,65
65,24,41,3,46,0,0,0,332
97,34,63,4,44,0,0,0,611
18,9,9,1,46,0,0,0,38
53,20,33,3,46,0,0,0,248
72,23,49,2,46,0,0,0,361
60,21,39,3,46,0,0,0,132
14,7,7,1,46,0,0,0,84
4,2,2,1,42,0,0,0,70
17,5,12,1,46,0,0,0,201
12,6,6,2,43,0,0,0,10
31,21,10,2,85,1,0,0,177
16,8,8,1,46,0,0,0,74
23,9,14,3,42,0,0,0,142
4,2,2,1,42,0,0,0,166
27,8,19,2,46,0,0,0,257
10,5,5,1,46,0,0,0,8
8,3,5,1,46,0,0,0,158
18,9,9,3,107,0,0,0,41
6,3,3,1,107,0,0,0,225
6,2,4,1,46,0,0,0,248
14,7,7,1,46,0,0,0,507
37,15,22,3,46,0,0,0,324
44,16,28,3,44,0,0,0,307
4,2,2,1,46,0,0,0,63
64,25,39,4,44,0,0,0,341
4,2,2,1,46,0,0,0,107
289,110,179,3,46,0,0,0,648
28,14,14,1,46,0,0,0,76
6,3,3,1,42,0,0,0,79
7,3,4,1,46,0,0,0,53
4,2,2,1,46,0,0,0,33
46,10,36,1,46,0,0,0,217
30,15,15,1,46,0,0,0,47
47,19,28,2,46,0,0,0,239
28,10,18,2,46,0,0,0,128
28,10,18,2,46,0,0,0,131
33,12,21,2,46,0,0,0,268
22,8,14,2,46,0,0,0,84
6,3,3,1,45,0,0,0,114
23,11,12,4,42,0,0,0,315
197,144,53,2,32,0,0,0,609
17,8,9,4,30,0,0,0,0
34,9,25,2,46,0,0,0,1509
6,3,3,1,90,0,0,0,305
6,3,3,1,90,0,0,0,212
6,3,3,1,45,0,0,0.00206185567010309,485
222,125,97,5,46,0,0,0,421
62,19,43,2,39,0,0,0,412
18,6,12,3,30,0,0,0,0
32,12,20,2,46,0,0,0,208
46,19,27,2,142,0,0,0,176
7,3,4,1,46,0,0,0,111
115,64,51,3,5,2,0,0,340
20,10,10,4,75,0,0,0,1284
990,350,640,28,38,2,0,0.00055005500550055,1818
27,13,14,3,12,0,0,0,301
48,24,24,4,31,0,0,0,264
25,15,10,2,132,0,0,0.000915750915750916,1092
6,5,1,1,27,0,0,0,361
9,4,5,2,13,0,0,0,0
74,44,30,3,32,0,0,0,707
3,1,2,1,155,0,0,0,1051
123,39,84,6,30,0,0,0,0
4,2,2,1,108,0,0,0,87
6,3,3,1,120,0,0,0,100
16,9,7,2,46,0,0,0,140
5,4,1,1,159,0,0,0,152
8,4,4,1,46,0,0,0,55
6,5,1,1,130,0,0,0,141
4,2,2,1,46,0,0,0,79
9,1,8,1,161,0,0,0,64
18,10,8,5,10,1,0,0,92
27,14,13,3,54,0,0,0,176
209,104,105,10,42,0,0,0,1112
50,18,32,4,42,0,0,0,572
160,26,134,1,46,0,0,0,439
93,36,57,3,42,0,0,0,655
23,10,13,3,42,0,0,0,130
41,12,29,3,44,0,0,0,698
8,3,5,1,46,0,0,0,67
126,54,72,10,42,0,0,0,1497
23,9,14,2,46,0,0,0,246
249,88,161,15,8,0,0,0.000393236335037357,2543
65,25,40,4,46,0,0,0,246
79,26,53,5,42,0,0,0,896
15,7,8,2,42,0,0,0,1944
6,2,4,1,110,0,0,0,210
13,10,3,1,143,0,0,0,694
48,24,24,3,42,0,0,0,2157
8,4,4,1,42,0,0,0,414
6,3,3,1,42,0,0,0,230
148,44,104,3,42,0,0,0,1772
4,3,1,1,132,0,0,0,314
14,7,7,1,42,0,0,0,2193
14,7,7,1,42,0,0,0,2047
4,3,1,1,132,0,0,0,439
14,7,7,1,42,0,0,0,1594
14,6,8,2,42,0,0,0,2163
6,3,3,1,42,0,0,0,1370
92,25,67,3,42,0,0,0,944
112,56,56,2,42,0,0,0,3511
4,3,1,1,159,0,0,0,150
6,3,3,1,42,0,0,0,173
26,16,10,3,42,0,0,0,1226
30,17,13,3,41,0,0,0,1107
18,10,8,2,42,0,0,0,945
28,14,14,3,42,0,0,0,2229
6,3,3,1,42,0,0,0,920
24,12,12,1,42,0,0,0,245
8,4,4,1,42,0,0,0,255
12,6,6,1,42,0,0,0,478
8,3,5,1,46,0,0,0,465
14,6,8,2,46,0,0,0,817
6,3,3,1,42,0,0,0,1161
18,8,10,2,46,0,0,0,576
18,9,9,2,42,0,0,0,2831
66,48,18,5,42,0,0,0,1703
66,48,18,5,42,0,0,0,1864
8,4,4,1,42,0,0,0,402
6,3,3,1,46,0,0,0,262
36,18,18,1,46,0,0,0.0040650406504065,246
8,4,4,1,46,0,0,0,79
10,1,9,1,54,0,0,0,189
9,3,6,1,46,0,0,0,353
6,2,4,1,46,0,0,0,83
18,8,10,3,42,0,0,0,230
8,4,4,1,107,0,0,0,591
5,3,2,1,107,0,0,0,40
6,3,3,1,42,0,0,0,47
7,2,5,1,46,0,0,0,145
3,2,1,1,107,0,0,0,146
6,2,4,1,46,0,0,0,83
10,4,6,1,46,0,0,0,93
72,30,42,5,42,0,0,0,784
6,3,3,1,46,0,0,0,289
16,8,8,1,46,0,0,0,109
14,7,7,1,46,0,0,0,218
8,4,4,1,46,0,0,0,130
6,3,3,1,46,0,0,0,170
12,6,6,1,46,0,0,0,55
31,15,16,4,75,0,0,0,697
7,3,4,1,46,0,0,0,974
7,3,4,1,46,0,0,0,1875
10,5,5,1,42,0,0,0,1416
78,37,41,2,106,0,0,0,1118
47,38,9,3,103,0,0,0,277
20,15,5,2,131,0,0,0,134
110,11,99,2,101,0,0,0,746
61,10,51,2,101,0,0,0,1316
11,7,4,1,159,0,0,0,282
40,2,38,1,101,0,0,0,205
0,0,0,1,161,0,0,0,95
80,33,47,4,45,0,0,0,2852
19,8,11,2,45,0,0,0.00454545454545455,220
36,13,23,3,45,0,0,0,399
39,17,22,2,45,0,0,0,386
36,17,19,2,45,0,0,0,274
5,3,2,1,161,0,0,0,178
62,41,21,2,101,0,0,0,326
39,9,30,1,103,0,0,0,110
20,10,10,2,42,0,0,0,257
44,7,37,2,46,0,0,0,252
6,3,3,1,104,0,0,0.0029673590504451,337
21,10,11,3,45,0,0,0,383
0,0,0,1,161,0,0,0,0
85,30,55,7,45,0,0,0,485
6,3,3,1,161,0,0,0,115
16,13,3,1,161,0,0,0,485
23,10,13,2,46,0,0,0,502
16,4,12,1,46,0,0,0,82
30,23,7,1,161,0,0,0,964
48,5,43,3,101,0,0,0,0
5,2,3,1,161,0,0,0,86
32,12,20,2,46,0,0,0,180
83,33,50,5,161,0,0,0,221
364,223,141,11,8,0,0,0.000152392563242914,6562
36,18,18,3,45,0,0,0,318
33,13,20,3,46,0,0,0.00265957446808511,376
35,10,25,3,46,0,0,0,722
16,5,11,1,46,0,0,0,1147
57,21,36,3,42,0,0,0,901
9,4,5,1,46,0,0,0,140
37,11,26,2,46,0,0,0,360
17,14,3,1,131,0,0,0,284
6,3,3,1,46,0,0,0,1140
52,18,34,3,42,0,0,0,811
97,73,24,1,61,0,0,0,661
7,3,4,1,46,0,0,0,160
20,5,15,1,46,0,0,0,229
37,14,23,2,46,0,0,0,308
16,8,8,1,46,0,0,0,16
93,34,59,3,46,0,0,0,790
33,7,26,1,46,0,0,0,194
3,2,1,1,75,0,0,0,212
49,10,39,1,46,0,0,0,322
86,32,54,3,46,0,0,0,387
45,11,34,2,46,0,0,0,300
73,26,47,5,42,0,0,0,548
112,37,75,3,42,0,0,0,633
16,6,10,1,46,0,0,0,157
30,12,18,3,46,0,0,0,74
30,12,18,2,46,0,0,0,203
6,3,3,1,46,0,0,0,55
52,26,26,1,46,0,0,0,139
25,9,16,2,42,0,0,0,273
6,3,3,1,172,0,0,0,129
679,481,198,3,127,0,0,0,1095
50,32,18,3,127,0,0,0,465
16,10,6,3,127,0,0,0,193
40,19,21,2,136,0,0,0,382
0,0,0,2,136,0,0,0,0
0,0,0,1,136,0,0,0,52
19,12,7,4,144,0,0,0,238
0,0,0,1,160,0,0,0,31
0,0,0,1,144,0,0,0,340
0,0,0,1,144,0,0,0,76
0,0,0,1,144,0,0,0,50
39,30,9,3,165,0,0,0,233
0,0,0,1,171,0,0,0,232
14,7,7,3,160,0,0,0,46
95,72,23,2,165,0,0,0,102
88,56,32,6,160,0,0,0,407
7,4,3,2,160,0,0,0,68
44,18,26,4,146,0,0,0,450
136,127,9,6,135,0,0,0,401
27,16,11,2,42,0,0,0,418
4,2,2,1,171,0,0,0,78
13,1,12,1,179,0,0,0,200
7,3,4,2,160,0,0,0,59
379,217,162,3,127,0,0,0,849
0,0,0,1,144,0,0,0,742
42,20,22,3,165,0,0,0,213
0,0,0,1,171,0,0,0,11
10,5,5,2,160,0,0,0,105
51,34,17,3,146,0,0,0,303
14,4,10,2,163,0,0,0,158
25,13,12,3,160,0,0,0,112
6,3,3,1,161,0,0,0,366
6,3,3,1,161,0,0,0,255
4,2,2,1,108,0,0,0,79
6,3,3,1,46,0,0,0,11
64,6,58,3,101,0,0,0,386
22,11,11,1,46,0,0,0,26
4,2,2,1,46,0,0,0,122
36,19,17,2,120,0,0,0,645
4,2,2,1,90,0,0,0,97
6,3,3,1,46,0,0,0,83
9,1,8,1,54,0,0,0,144
130,16,114,1,161,0,0,0,35
4,2,2,1,46,0,0,0,50
548,274,274,1,46,0,0,0,976
21,15,6,1,101,0,0,0,401
6,3,3,1,61,0,0,0,219
8,4,4,1,46,0,0,0,129
10,5,5,1,46,0,0,0,82
28,14,14,1,46,0,0,0,70
10,1,9,1,161,0,0,0,159
8,4,4,1,46,0,0,0,65
12,6,6,1,46,0,0,0,107
6,3,3,1,102,0,0,0,372
16,8,8,1,46,0,0,0,80
15,7,8,2,45,0,0,0,753
15,6,9,2,42,0,0,0,871
7,3,4,1,46,0,0,0,193
49,15,34,2,46,0,0,0,1179
20,5,15,1,46,0,0,0,234
51,13,38,2,46,0,0,0,224
14,4,10,1,46,0,0,0,114
22,8,14,2,46,0,0,0,95
38,13,25,2,46,0,0,0,172
56,14,42,2,45,0,0,0,223
54,19,35,4,42,0,0,0,383
16,7,9,2,42,0,0,0,159
38,16,22,4,46,0,0,0,250
92,26,66,2,42,0,0,0,723
13,7,6,1,159,0,0,0,316
8,4,4,1,138,0,0,0,310
21,11,10,1,159,0,0,0,104
6,3,3,1,161,0,0,0,695
3,1,2,1,161,0,0,0,169
16,9,7,2,159,0,0,0,397
36,17,19,1,159,0,0,0,318
3,1,2,1,161,0,0,0,177
34,18,16,1,159,0,0,0,411
4,2,2,1,159,0,0,0,65
30,17,13,2,138,0,0,0,418
6,3,3,1,159,0,0,0,228
8,4,4,1,159,0,0,0,132
36,18,18,2,138,0,0,0,405
92,43,49,3,133,0,0,0,510
8,4,4,1,159,0,0,0,522
18,11,7,3,15,0,0,0,197
32,16,16,2,138,0,0,0,456
30,14,16,2,138,0,0,0,210
25,12,13,2,138,0,0,0,241
32,15,17,2,138,0,0,0,245
2,1,1,1,159,0,0,0,58
64,33,31,1,120,0,0,0,571
8,4,4,1,120,0,0,0,110
20,11,9,2,156,0,0,0,369
10,3,7,1,46,0,0,0,213
6,3,3,1,42,0,0,0,291
3,1,2,1,161,0,0,0,208
6,3,3,1,42,0,0,0,358
19,9,10,1,114,0,0,0,221
13,11,2,1,114,0,0,0,479
24,15,9,1,43,0,0,0,117
454,345,109,8,48,4,0,0,1695
13,10,3,2,49,1,0,0,297
3,2,1,1,61,0,0,0,123
68,35,33,2,42,1,0,0,1452
29,26,3,2,49,2,0,0,129
6,3,3,1,55,0,0,0,1128
0,0,0,1,144,0,0,0,1558
0,0,0,1,144,0,0,0,84
0,0,0,1,144,0,0,0,587
37,29,8,1,44,0,0,0,1323
15,6,9,2,133,0,0,0,946
59,57,2,1,9,0,0,0,384
3,2,1,1,9,0,0,0,42
99,49,50,1,47,0,0,0,499
8,5,3,1,173,0,0,0,362
3,1,2,1,161,0,0,0,165
35,19,16,1,90,0,0,0,974
9,7,2,1,90,0,0,0,162
0,0,0,1,8,0,0,0,1013
0,0,0,1,8,0,0,0,86
24,13,11,2,90,0,0,0,261
98,65,33,4,58,0,0,0,544
4,2,2,1,90,0,0,0,92
3,2,1,1,44,0,0,0,1063
10,5,5,1,13,0,0,0,734
615,332,283,12,42,0,0,0,1209
78,29,49,2,52,0,0,0,295
626,277,349,4,42,0,0,0,637
174,37,137,4,42,0,0,0,870
9,4,5,1,55,0,0,0,53
73,27,46,5,42,0,0,0,593
14,6,8,2,46,0,0,0,66
13,6,7,2,42,0,0,0,138
32,11,21,3,42,0,0,0,328
14,7,7,1,55,0,0,0,73
1048,472,576,4,42,0,0,0,933
28,27,1,1,123,0,0,0,1491
266,144,122,10,55,0,0,0,903
674,295,379,4,52,0,0,0,608
18,7,11,2,46,0,0,0,218
928,359,569,13,8,0,0,0.000394011032308905,2538
19,5,14,3,47,0,0,0,203
17,7,10,2,42,0,0,0,222
8,4,4,1,55,0,0,0,55
86,29,57,5,42,0,0,0,1019
245,112,133,5,42,0,0,0,1148
72,25,47,5,42,0,0,0,606
48,19,29,4,42,0,0,0,281
20,6,14,1,46,0,0,0,218
12,6,6,1,46,0,0,0,86
190,72,118,7,42,0,0,0,1317
88,29,59,4,42,0,0,0,467
41,14,27,3,42,0,0,0,231
81,31,50,4,42,0,0,0,728
10,5,5,1,46,0,0,0,63
102,41,61,6,42,0,0,0,641
4,2,2,1,46,0,0,0,83
34,17,17,1,46,0,0,0,207
84,33,51,5,42,0,0,0,425
4,2,2,1,46,0,0,0,48
28,14,14,1,46,0,0,0,152
251,100,151,8,42,0,0,0,1586
284,102,182,6,42,0,0,0,2320
102,41,61,6,42,0,0,0,796
117,40,77,5,42,0,0,0,661
36,18,18,1,46,0,0,0,211
79,32,47,5,42,0,0,0,862
14,7,7,1,46,0,0,0,82
68,29,39,6,42,1,0,0,334
63,21,42,4,46,0,0,0,420
6,3,3,1,46,0,0,0,65
147,57,90,7,42,0,0,0,2039
60,30,30,1,46,0,0,0,267
35,15,20,3,42,0,0,0,202
4,2,2,1,46,0,0,0,57
199,68,131,3,46,0,0,0,1462
88,31,57,5,42,0,0,0,430
6,3,3,1,46,0,0,0,67
85,39,46,2,52,0,0,0,292
4,2,2,1,46,0,0,0,171
167,54,113,5,42,0,0,0,1293
6,3,3,1,91,0,0,0,187
486,240,246,2,52,0,0,0,702
46,23,23,1,55,0,0,0.00378787878787879,264
14,7,7,1,55,0,0,0,107
7,4,3,2,55,0,0,0,91
118,3,115,2,118,0,0,0,3
130,14,116,4,47,0,0,0,110
189,2,187,1,118,0,0,0,3
20,7,13,3,47,0,0,0,181
106,34,72,2,46,0,0,0,647
42,15,27,4,42,0,0,0,205
35,13,22,3,46,0,0,0,163
48,18,30,5,42,0,0,0,230
16,6,10,1,46,0,0,0,183
55,16,39,3,44,0,0,0,241
86,31,55,4,42,0,0,0,692
47,13,34,3,44,0,0,0,159
16,4,12,1,46,0,0,0,210
23,10,13,2,46,0,0,0,306
17,6,11,2,44,0,0,0,70
28,7,21,1,46,0,0,0,424
5,2,3,1,46,0,0,0,84
5,2,3,1,46,0,0,0,138
8,3,5,1,46,0,0,0,64
7,2,5,1,46,0,0,0,71
6,2,4,1,46,0,0,0,59
36,18,18,1,46,0,0,0,87
19,5,14,1,46,0,0,0,267
14,4,10,1,46,0,0,0,360
6,2,4,1,46,0,0,0,108
6,2,4,1,46,0,0,0,240
123,45,78,3,43,0,0,0,832
12,6,6,2,42,1,0,0,207
0,0,0,1,113,1,0,0,8
24,12,12,4,42,1,0,0,99
0,0,0,1,113,1,0,0,8
65,26,39,4,42,0,0,0,553
43,17,26,3,46,1,0,0,244
86,40,46,4,46,1,0,0,580
10,5,5,2,46,1,0,0,49
4,2,2,1,42,0,0,0,210
4,2,2,1,42,0,0,0,210
4,2,2,1,42,0,0,0,143
4,2,2,1,42,0,0,0,159
4,2,2,1,46,0,0,0,34
46,15,31,3,43,0,0,0,123
20,8,12,4,42,0,0,0,78
25,9,16,2,42,0,0,0,334
26,9,17,2,46,0,0,0,351
28,13,15,4,29,0,0,0,346
26,10,16,3,42,0,0,0,218
7,3,4,2,42,1,0,0,171
18,7,11,3,29,0,0,0,91
72,26,46,6,29,0,0,0,434
25,9,16,2,42,0,0,0,334
23,9,14,5,29,1,0,0,242
12,4,8,1,46,0,0,0,78
18,5,13,1,46,0,0,0,97
5,2,3,1,46,0,0,0,67
10,8,2,1,113,1,0,0,90
8,3,5,2,46,1,0,0,132
9,3,6,1,46,0,0,0,56
11,5,6,2,42,0,0,0,59
22,9,13,2,42,0,0,0,259
20,8,12,2,42,0,0,0,178
107,34,73,4,42,0,0,0,499
6,3,3,1,42,0,0,0,636
46,17,29,3,46,0,0,0,402
41,15,26,3,46,0,0,0,115
31,12,19,3,46,0,0,0,99
8,4,4,1,42,0,0,0,161
7,4,3,2,75,0,0,0,212
21,11,10,3,42,0,0,0,360
6,3,3,1,42,0,0,0,174
4,2,2,1,46,0,0,0,64
6,3,3,1,46,0,0,0,51
4,2,2,1,42,0,0,0,209
4,2,2,1,42,0,0,0,69
6,3,3,1,42,0,0,0,305
12,6,6,1,46,0,0,0,101
6,3,3,1,42,0,0,0,767
4,2,2,1,42,0,0,0,89
13,6,7,2,42,0,0,0,213
19,6,13,1,46,0,0,0,91
12,6,6,1,46,0,0,0,73
13,6,7,3,42,0,0,0,45
5,2,3,1,46,0,0,0,92
15,7,8,2,42,0,0,0,434
6,3,3,1,42,0,0,0,187
31,15,16,4,75,0,0,0,986
30,12,18,3,46,0,0,0,115
17,6,11,2,44,0,0,0,76
49,18,31,4,42,0,0,0,156
6,3,3,1,42,0,0,0,60
19,8,11,2,42,0,0,0,142
37,16,21,5,42,0,0,0,222
12,6,6,1,46,0,0,0,69
4,2,2,1,108,0,0,0,1166
108,45,63,7,42,0,0,0,709
21,7,14,2,46,0,0,0,245
39,18,21,4,46,0,0,0,465
27,12,15,3,46,0,0,0,78
83,29,54,5,42,0,0,0,993
6,3,3,1,42,0,0,0,465
16,8,8,1,46,0,0,0,16
6,3,3,1,46,0,0,0,9
18,9,9,1,46,0,0,0.00495049504950495,202
4,2,2,1,46,0,0,0,146
4,2,2,1,46,0,0,0,134
10,1,9,1,54,0,0,0,195
34,18,16,4,75,0,0,0,559
4,2,2,1,46,0,0,0,81
6,3,3,1,107,0,0,0,81
12,6,6,1,46,0,0,0,101
6,3,3,1,107,0,0,0,146
10,5,5,1,106,0,0,0,934
8,4,4,1,42,0,0,0,380
20,10,10,3,150,0,0,0,292
22,10,12,3,150,0,0,0,844
22,10,12,3,150,0,0,0,958
7,5,2,1,169,0,0,0,988
8,3,5,1,46,0,0,0,2190
8,3,5,1,46,0,0,0,540
18,10,8,1,90,0,0,0,325
5,4,1,1,169,0,0,0,1044
112,99,13,6,144,0,0,0,138
443,347,96,9,144,0,0,0,1256
62,45,17,4,160,0,0,0,406
62,33,29,5,42,0,0,0,1097
9,7,2,1,9,0,0,0,182
22,11,11,1,42,0,0,0,365
0,0,0,1,8,0,0,0,150
9,5,4,2,42,0,0,0,350
21,9,12,3,150,0,0,0,829
6,3,3,1,42,0,0,0,373
3,2,1,1,75,0,0,0,128
49,10,39,1,46,0,0,0,263
7,5,2,1,169,0,0,0,887
22,10,12,3,150,0,0,0,871
0,0,0,1,110,0,0,0,75
3,2,1,1,74,0,0,0,151
22,10,12,3,150,0,0,0,806
37,23,14,4,110,0,0,0,843
28,13,15,4,46,0,0,0,799
46,24,22,6,46,0,0,0,800
31,9,22,2,44,0,0,0,133
9,3,6,1,46,0,0,0,104
18,10,8,1,90,0,0,0,295
7,5,2,1,169,0,0,0,1130
9,3,6,1,46,0,0,0,208
9,6,3,1,169,0,0,0,396
22,10,12,3,150,0,0,0,814
28,13,15,4,46,0,0,0,867
7,5,2,1,169,0,0,0,889
50,24,26,4,150,0,0,0,1052
34,16,18,4,150,0,0,0,925
12,9,3,1,169,0,0,0,72
4,3,1,2,107,0,0,0,23
10,5,5,2,42,0,0,0,392
7,5,2,1,169,0,0,0,977
9,3,6,1,46,0,0,0,102
45,11,34,2,46,0,0,0,360
43,14,29,4,44,0,0,0,196
21,6,15,1,46,0,0,0,289
22,10,12,3,150,0,0,0,883
22,11,11,3,136,0,0,0,190
18,5,13,1,46,0,0,0,169
27,8,19,2,46,0,0,0,304
53,21,32,4,46,0,0,0,545
7,5,2,1,169,0,0,0,941
27,14,13,4,75,0,0,0,582
27,14,13,4,75,0,0,0,564
14,4,10,1,46,0,0,0,99
28,14,14,4,75,0,0,0,476
7,3,4,1,46,0,0,0,157
16,7,9,2,42,0,0,0,112
18,5,13,1,46,0,0,0,218
14,4,10,1,46,0,0,0,191
42,20,22,6,42,0,0,0,454
16,8,8,2,42,0,0,0,133
7,4,3,2,75,0,0,0,300
32,17,15,5,46,0,0,0,626
30,15,15,4,75,0,0,0,407
7,4,3,2,75,0,0,0,211
26,15,11,4,75,0,0,0,389
26,15,11,4,75,0,0,0,368
21,5,16,1,46,0,0,0,104
8,4,4,1,42,0,0,0,126
30,13,17,4,42,0,0,0,455
26,15,11,4,75,0,0,0,482
7,4,3,2,75,0,0,0,192
26,15,11,4,75,0,0,0,556
7,4,3,2,75,0,0,0,213
8,4,4,1,42,0,0,0,56
112,37,75,7,42,0,0,0,747
13,8,5,2,150,0,0,0,339
24,17,7,1,84,0,0,0,270
59,42,17,1,84,0,0,0,293
21,14,7,2,107,0,0,0,152
8,4,4,1,84,0,0,0,65
8,4,4,1,84,0,0,0,61
8,4,4,1,84,0,0,0,61
74,60,14,1,84,0,0,0,225
18,9,9,1,106,0,0,0,946
37,22,15,1,11,0,0,0,1063
12,6,6,2,11,0,0,0,260
20,10,10,1,106,0,0,0,974
20,10,10,1,106,0,0,0,1378
6,3,3,1,108,0,0,0,141
11,7,4,1,131,1,0,0,989
13,4,9,2,129,0,0,0,220
97,22,75,3,108,0,0,0,1555
43,23,20,6,75,0,0,0,1285
38,18,20,3,102,0,0,0,522
13,4,9,1,92,0,0,0,965
22,12,10,2,20,0,0,0,136
10,1,9,1,54,0,0,0,189
10,5,5,1,107,0,0,0,211
8,4,4,1,107,0,0,0,670
4,2,2,1,42,0,0,0,267
0,0,0,1,153,0,0,0,0
0,0,0,1,153,0,0,0,0
6,3,3,1,0,1,0,0.000588581518540318,1699
0,0,0,1,153,0,0,0,0
0,0,0,1,153,0,0,0,0
0,0,0,1,153,0,0,0,0
13,5,8,1,134,0,0,0.00248138957816377,403
0,0,0,1,66,0,0,0,0
0,0,0,1,153,0,0,0,0
83,68,15,2,13,1,0,0,1409
85,51,34,11,42,0,0,0.00164383561643836,1825
9,3,6,1,46,0,0,0.000588581518540318,1699
5,3,2,1,107,0,0,0,100
8,4,4,2,42,0,0,0,278
4,2,2,1,97,0,0,0,44
4,2,2,1,42,0,0,0,219
11,6,5,2,97,0,0,0,99
4,2,2,1,42,0,0,0,260
4,2,2,1,97,0,0,0,90
8,4,4,1,42,0,0,0,460
7,4,3,1,107,0,0,0,63
6,3,3,1,42,0,0,0,428
9,4,5,2,42,0,0,0,119
49,16,33,3,42,0,0,0,435
49,15,34,3,42,0,0,0,358
10,4,6,2,42,0,0,0,161
10,4,6,2,42,0,0,0,216
6,3,3,1,42,0,0,0,266
10,5,5,1,42,0,0,0,504
23,12,11,2,42,0,0,0,473
6,5,1,1,90,0,0,0,922
4,3,1,1,90,0,0,0,507
32,16,16,2,42,0,0,0,275
6,5,1,1,90,0,0,0,1436
6,5,1,1,90,0,0,0,920
5,4,1,1,90,0,0,0,142
3,2,1,1,90,0,0,0,86
3,2,1,1,90,0,0,0,167
6,3,3,1,173,0,0,0,335
6,4,2,1,90,0,0,0,135
4,2,2,1,42,0,0,0,46
11,3,8,1,46,0,0,0,49
69,19,50,2,46,0,0,0,435
39,22,17,5,75,1,0,0,800
20,8,12,1,161,0,0,0,196
17,6,11,2,42,0,0,0,1041
17,6,11,2,42,0,0,0,854
6,3,3,1,42,0,0,0,1059
6,3,3,1,42,0,0,0,868
7,3,4,1,46,0,0,0,246
6,3,3,1,42,0,0,0,729
8,4,4,1,42,0,0,0,170
6,3,3,1,42,0,0,0,727
10,5,5,1,42,0,0,0,656
6,3,3,1,42,0,0,0,179
8,4,4,1,42,0,0,0,125
6,3,3,1,42,0,0,0,72
6,3,3,1,42,0,0,0,75
52,28,24,7,42,1,0,0,678
6,3,3,1,46,0,0,0,81
14,6,8,2,42,0,0,0,366
6,3,3,1,42,0,0,0,83
26,11,15,3,46,0,0,0,128
4,2,2,1,42,0,0,0,51
25,6,19,2,46,0,0,0,340
10,5,5,1,46,0,0,0,41
34,10,24,2,46,0,0,0,166
18,9,9,1,46,0,0,0,45
22,11,11,1,42,0,0,0,625
4,2,2,1,46,0,0,0,208
4,2,2,1,42,0,0,0,157
15,5,10,2,46,0,0,0,278
8,4,4,1,42,0,0,0,405
4,2,2,1,46,0,0,0,233
8,4,4,1,42,0,0,0,329
7,3,4,1,46,0,0,0,788
24,7,17,1,46,0,0,0,279
9,3,6,1,46,0,0,0,1211
8,4,4,1,42,0,0,0,469
14,7,7,2,42,0,0,0.00159489633173844,627
35,15,20,2,24,0,0,0,716
60,20,40,2,46,0,0,0,368
6,3,3,1,42,0,0,0,113
8,4,4,1,42,0,0,0,718
8,4,4,1,42,0,0,0,556
6,3,3,1,42,0,0,0,401
54,36,18,3,24,0,0,0,246
37,24,13,3,24,0,0,0,1225
67,42,25,6,24,0,0,0,1444
8,6,2,1,24,0,0,0,406
7,5,2,1,24,0,0,0,356
7,5,2,1,24,0,0,0,694
15,9,6,2,24,0,0,0,482
8,4,4,1,42,0,0,0,184
10,5,5,1,42,0,0,0,242
68,44,24,8,39,1,0,0,657
7,5,2,1,25,0,0,0,104
48,24,24,1,46,0,0,0,781
0,0,0,1,161,0,0,0,98
6,3,3,1,153,0,0,0.00520833333333333,192
73,35,38,5,8,0,0,0.00101729399796541,1966
8,4,4,1,42,0,0,0,193
6,3,3,1,159,0,0,0,222
37,25,12,1,18,1,0,0.000714285714285714,1400
45,2,43,1,161,0,0,0.00671140939597315,298
4,2,2,1,108,0,0,0,80
9,3,6,1,141,0,0,0.00613496932515337,163
10,1,9,1,54,0,0,0.0099009900990099,101
16,8,8,1,92,0,0,0,570
13,8,5,1,92,0,0,0,502
20,6,14,1,46,0,0,0,868
7,3,4,1,46,0,0,0,120
16,8,8,1,92,0,0,0,347
7,2,5,1,67,0,0,0,149
7,2,5,1,67,0,0,0,130
0,0,0,1,69,0,0,0,0
0,0,0,1,69,0,0,0,0
0,0,0,1,69,0,0,0,0
0,0,0,1,69,0,0,0,0
0,0,0,1,69,0,0,0,0
0,0,0,1,69,0,0,0,0
0,0,0,1,160,0,0,0,167
30,18,12,2,114,0,0,0,990
12,7,5,2,22,0,0,0,146
21,9,12,3,42,0,0,0,336
6,4,2,1,166,0,0,0,131
104,6,98,2,161,0,0,0,271
62,58,4,2,32,0,0,0,794
7,3,4,3,30,0,0,0,0
47,2,45,1,148,0,0,0,463
7,3,4,1,46,0,0,0,117
27,12,15,3,46,0,0,0,1393
19,8,11,2,45,0,0,0,379
6,3,3,1,50,0,0,0,214
103,62,41,1,53,0,0,0.00168634064080944,593
26,14,12,3,32,0,0,0,687
29,7,22,1,46,0,0,0,409
10,4,6,1,46,0,0,0,233
88,40,48,2,39,0,0,0.00233100233100233,429
9,3,6,1,46,0,0,0,204
10,4,6,1,46,0,0,0,229
14,3,11,2,30,0,0,0,0
26,12,14,3,8,0,0,0,150
33,12,21,2,46,0,0,0,252
23,11,12,2,111,0,0,0,153
51,19,32,3,20,0,0,0,357
119,62,57,2,5,2,0,0,379
95,66,29,8,39,0,0,0.000768049155145929,1302
13,5,8,1,46,0,0,0,269
10,4,6,1,46,0,0,0,256
834,186,648,24,28,3,0,0.00053248136315229,1878
321,189,132,7,12,0,0,0.00220264317180617,454
26,8,18,2,31,0,0,0,270
12,6,6,2,66,1,0,0,713
8,4,4,1,168,0,0,0,492
29,11,18,3,46,0,0,0.00179856115107914,556
30,23,7,1,161,0,0,0,580
34,2,32,1,161,0,0,0,92
10,4,6,1,46,0,0,0,224
59,29,30,3,13,0,0,0,0
100,36,64,3,41,0,0,0,823
65,19,46,3,39,0,0,0,1338
110,97,13,2,46,0,0,0,527
143,41,102,8,30,0,0,0,0
4,2,2,1,108,0,0,0,79
4,2,2,1,121,0,0,0,90
4,3,1,1,53,0,0,0,145
18,8,10,2,166,0,0,0,187
4,2,2,1,66,1,0,0,203
37,17,20,4,50,0,0,0,169
8,4,4,1,39,0,0,0,115
6,1,5,1,130,0,0,0,72
11,7,4,2,14,0,0,0,278
11,6,5,2,39,0,0,0.00294117647058824,340
22,4,18,2,161,0,0,0,111
16,9,7,5,10,1,0,0,93
26,8,18,2,44,0,0,0,167
17,5,12,2,54,0,0,0,148
8,4,4,1,14,0,0,0,192
398,147,251,5,155,0,0,0,729
9,5,4,1,27,0,0,0,178
9,4,5,1,134,0,0,0,527
252,167,85,7,0,0,0,0,1571
32,16,16,2,42,0,0,0,678
10,5,5,1,49,0,0,0,1511
7,3,4,1,46,0,0,0,172
403,30,373,6,39,0,0,0,498
12,3,9,1,46,0,0,0,127
58,24,34,5,39,0,0,0,392
3,1,2,1,136,0,0,0,32
4,2,2,1,136,0,0,0,31
50,21,29,1,136,0,0,0,96
0,0,0,1,72,0,0,0,256
9,4,5,2,136,0,0,0,45
6,3,3,1,136,0,0,0,61
68,43,25,6,19,0,0,0,366
3,2,1,2,137,0,0,0,53
12,6,6,2,136,0,0,0,243
17,8,9,1,136,0,0,0,119
82,33,49,1,136,0,0,0,240
4,2,2,1,77,1,0,0,63
108,91,17,7,39,0,0,0,573
12,6,6,1,136,0,0,0,97
24,11,13,2,107,0,0,0,41
7,3,4,1,136,0,0,0,43
4,2,2,1,136,0,0,0,3
47,21,26,1,136,0,0,0,231
4,2,2,1,136,0,0,0,29
21,12,9,5,39,0,0,0,140
12,6,6,2,136,0,0,0,84
48,23,25,1,136,0,0,0,227
68,34,34,1,136,0,0,0,161
77,36,41,1,136,0,0,0,449
372,187,185,1,136,0,0,0,280
60,27,33,1,136,0,0,0,362
6,3,3,1,136,0,0,0,33
103,56,47,1,136,0,0,0,336
10,5,5,1,136,0,0,0,39
58,25,33,1,136,0,0,0,492
41,20,21,1,136,0,0,0,113
8,4,4,1,136,0,0,0,274
2,1,1,1,136,0,0,0,4
45,18,27,3,46,0,0,0,170
6,3,3,1,136,0,0,0,40
48,24,24,1,136,0,0,0,89
30,15,15,1,136,0,0,0,99
33,16,17,1,136,0,0,0,323
48,27,21,2,136,0,0,0,142
26,16,10,2,136,0,0,0,355
10,5,5,1,136,0,0,0,35
13,5,8,1,136,0,0,0,70
6,3,3,1,136,0,0,0,57
0,0,0,1,72,0,0,0,91
4,2,2,1,72,0,0,0,307
42,17,25,1,136,0,0,0,135
48,23,25,1,136,0,0,0,216
46,20,26,1,136,0,0,0,101
38,17,21,1,136,0,0,0,143
9,6,3,2,71,0,0,0,355
0,0,0,1,72,0,0,0,105
7,2,5,1,46,0,0,0,106
70,22,48,4,46,0,0,0,632
4,2,2,1,152,0,0,0,681
22,6,16,2,46,0,0,0,176
10,5,5,1,46,0,0,0,39
7,2,5,1,46,0,0,0,77
34,15,19,5,39,0,0,0,137
27,8,19,2,46,0,0,0,176
10,5,5,1,46,0,0,0,6
6,3,3,1,42,0,0,0,146
108,60,48,5,39,0,0,0,253
32,15,17,5,42,0,0,0,445
6,3,3,1,42,0,0,0,55
9,4,5,2,42,0,0,0,49
17,6,11,2,46,0,0,0,68
14,4,10,1,46,0,0,0,497
38,20,18,5,42,0,0,0,879
17,6,11,2,46,0,0,0,63
4,2,2,1,42,0,0,0,189
44,22,22,7,8,0,0,0.000448028673835125,2232
7,3,4,1,46,0,0,0,594
11,4,7,2,44,0,0,0.00826446280991736,121
6,3,3,1,108,0,0,0,88
4,2,2,1,42,0,0,0,180
6,0,6,1,141,0,0,0,149
6,3,3,1,42,0,0,0,348
4,2,2,1,42,0,0,0,359
4,2,2,1,42,0,0,0,21
18,8,10,3,42,0,0,0,298
6,3,3,1,42,0,0,0,295
7,2,5,1,46,0,0,0,106
4,2,2,1,42,0,0,0,207
4,2,2,1,42,0,0,0,209
5,2,3,1,46,0,0,0,61
8,3,5,1,46,0,0,0,66
7,2,5,1,46,0,0,0,138
6,3,3,1,42,0,0,0,60
6,3,3,1,42,0,0,0,102
4,2,2,1,42,0,0,0,394
14,7,7,3,42,0,0,0,270
8,4,4,2,42,0,0,0,202
4,2,2,1,42,0,0,0,225
4,2,2,1,42,0,0,0,572
6,3,3,1,42,0,0,0,63
6,3,3,1,42,0,0,0,193
6,3,3,1,42,0,0,0,97
4,2,2,1,42,0,0,0,174
4,2,2,1,42,0,0,0,1203
40,20,20,1,177,0,0,0,178
22,14,8,1,177,0,0,0,72
18,10,8,2,169,0,0,0,265
26,16,10,2,42,0,0,0,174
22,10,12,3,150,0,0,0,864
53,36,17,6,75,0,0,0,523
22,14,8,2,7,0,0,0,65
6,3,3,1,107,0,0,0,204
21,6,15,1,46,0,0,0,335
0,0,0,1,7,0,0,0,62
35,16,19,3,42,0,0,0,160
105,36,69,5,42,0,0,0,467
109,38,71,4,42,0,0,0,460
72,24,48,3,46,0,0,0,488
38,15,23,3,46,0,0,0,115
63,25,38,4,42,0,0,0,598
8,4,4,1,46,0,0,0,52
33,14,19,3,46,0,0,0,208
84,42,42,1,46,0,0,0,585
16,8,8,1,46,0,0,0.0050761421319797,197
4,2,2,1,46,0,0,0,125
10,1,9,1,54,0,0,0,169
8,4,4,1,42,0,0,0,91
13,6,7,2,42,0,0,0,139
57,21,36,5,42,0,0,0,481
62,26,36,6,42,0,0,0,285
18,9,9,1,46,0,0,0,85
4,2,2,1,108,0,0,0,1247
180,84,96,14,42,0,0,0,866
31,12,19,3,46,0,0,0,93
23,8,15,2,46,0,0,0,236
39,17,22,4,46,0,0,0,437
81,29,52,6,42,0,0,0,921
7,3,4,1,46,0,0,0,206
60,30,30,1,46,0,0,0,94
67,22,45,3,46,0,0,0,771
7,3,4,1,46,0,0,0,264
81,33,48,3,46,0,0,0,1209
98,24,74,3,46,0,0,0,272
16,6,10,1,46,0,0,0,69
42,15,27,3,46,0,0,0,270
12,4,8,1,46,0,0,0,119
8,3,5,1,46,0,0,0,334
8,3,5,1,46,0,0,0,134
10,4,6,1,46,0,0,0,77
16,6,10,1,46,0,0,0,71
40,13,27,2,46,0,0,0,474
10,4,6,1,46,0,0,0,124
29,12,17,3,46,0,0,0,599
7,3,4,1,46,0,0,0,213
24,10,14,3,46,0,0,0,230
7,3,4,1,46,0,0,0,361
26,9,17,1,46,0,0,0,86
4,2,2,1,108,0,0,0,78
0,0,0,1,92,0,0,0,90
6,3,3,1,92,0,0,0,62
25,13,12,4,102,0,0,0,211
6,3,3,1,102,0,0,0,162
15,5,10,2,92,0,0,0,109
6,4,2,1,155,0,0,0,427
0,0,0,1,161,0,0,0,149
4,2,2,1,46,0,0,0,428
8,4,4,1,108,0,0,0,99
6,4,2,1,155,0,0,0,306
20,17,3,1,108,0,0,0,516
30,15,15,5,8,0,0,0.000342935528120713,2916
54,23,31,2,92,0,0,0,466
6,4,2,1,155,0,0,0,365
16,14,2,1,161,0,0,0,320
60,2,58,1,161,0,0,0,312
20,11,9,2,42,0,0,0,739
6,3,3,1,42,0,0,0,1049
14,3,11,2,54,0,0,0,215
6,3,3,1,108,0,0,0,1559
56,30,26,8,42,0,0,0,2740
12,6,6,2,42,0,0,0,1314
9,4,5,1,131,0,0,0,234
72,20,52,3,102,0,0,0,593
60,27,33,3,42,0,0,0,961
73,37,36,1,103,0,0,0,509
14,8,6,1,173,0,0,0,844
6,3,3,1,133,0,0,0,845
9,6,3,1,56,0,0,0,393
56,28,28,3,106,0,0,0,2093
11,6,5,1,134,0,0,0,296
31,12,19,3,46,0,0,0,195
31,12,19,3,46,0,0,0,304
67,33,34,3,42,0,0,0,1663
32,16,16,1,46,0,0,0,113
80,26,54,3,46,0,0,0,634
4,2,2,1,46,0,0,0,75
96,33,63,4,42,0,0,0,616
6,3,3,1,46,0,0,0,73
118,47,71,4,46,0,0,0,748
6,3,3,1,46,0,0,0,77
23,9,14,3,46,0,0,0,450
52,32,20,6,42,0,0,0,1003
6,3,3,1,105,0,0,0,133
26,9,17,1,46,0,0,0,124
17,6,11,2,46,0,0,0,87
8,4,4,1,134,0,0,0,508
94,33,61,3,46,0,0,0,919
112,38,74,3,46,0,0,0,937
72,28,44,3,46,0,0,0,393
18,9,9,1,46,0,0,0,99
113,61,52,4,46,0,0,0,452
46,18,28,3,46,0,0,0,334
179,65,114,4,46,0,0,0,1147
35,12,23,3,46,0,0,0,190
8,3,5,1,46,0,0,0,437
8,4,4,1,46,0,0,0,340
11,5,6,1,59,0,0,0,719
104,41,63,4,42,0,0,0,1095
30,15,15,1,46,0,0,0,151
20,10,10,3,42,0,0,0,1015
19,9,10,2,42,0,0,0,2127
21,7,14,2,46,0,0,0,127
22,11,11,1,46,0,0,0,262
6,3,3,1,143,0,0,0,1036
63,26,37,5,42,0,0,0,289
4,2,2,1,46,0,0,0,175
4,2,2,1,46,0,0,0,5
12,6,6,1,46,0,0,0,58
23,9,14,3,42,0,0,0,335
85,28,57,4,44,0,0,0,683
12,7,5,3,75,0,0,0,194
7,5,2,1,169,0,0,0,345
25,10,15,3,46,0,0,0,109
6,3,3,1,143,0,0,0,174
20,8,12,2,46,0,0,0,148
8,3,5,1,46,0,0,0,505
34,9,25,2,46,0,0,0,319
12,4,8,1,46,0,0,0,207
50,44,6,1,91,1,0,0,359
6,6,0,2,91,1,0,0,22
25,14,11,3,91,0,0,0,229
199,124,75,2,91,1,0,0,412
5,3,2,1,91,1,0,0,54
20,10,10,1,134,0,0,0,1769
8,4,4,1,134,0,0,0,1290
8,3,5,1,46,0,0,0,213
38,35,3,1,9,0,0,0,578
61,30,31,1,173,0,0,0,1945
7,3,4,1,108,0,0,0,84
8,4,4,1,46,0,0,0,59
10,6,4,1,107,0,0,0,188
8,3,5,1,141,0,0,0,202
9,1,8,1,161,0,0,0,112
10,1,9,1,54,0,0,0,177
6,4,2,1,159,0,0,0,278
0,0,0,1,161,0,0,0,139
55,20,35,5,31,1,0,0,295
28,10,18,2,46,0,0,0,279
9,3,6,1,46,0,0,0,201
5,1,4,1,36,0,0,0.000421052631578947,2375
16,4,12,1,46,0,0,0,920
58,23,35,5,44,0,0,0,1839
21,7,14,2,44,0,0,0,265
19,10,9,3,8,0,0,0.00045024763619991,2221
30,3,27,1,161,0,0,0,134
25,17,8,2,46,0,0,0,99
51,4,47,1,161,0,0,0.00290697674418605,344
16,5,11,1,46,0,0,0,1616
53,27,26,4,42,0,0,0,2393
16,5,11,1,46,0,0,0,1888
6,3,3,1,46,0,0,0,55
4,2,2,1,46,0,0,0,72
326,163,163,1,46,0,0,0,963
8,4,4,2,16,0,0,0,148
4,2,2,1,46,0,0,0,155
112,56,56,1,46,0,0,0,319
12,6,6,1,46,0,0,0,67
76,26,50,4,44,0,0,0,229
27,12,15,3,42,0,0,0,202
113,22,91,2,46,0,0,0,703
88,20,68,3,42,0,0,0,253
13,6,7,2,42,0,0,0,129
20,7,13,2,46,0,0,0,71
58,21,37,4,44,0,0,0,390
10,3,7,1,46,0,0,0,80
154,66,88,9,42,0,0,0,662
28,10,18,2,46,0,0,0,96
25,10,15,2,46,0,0,0,181
7,3,4,1,46,0,0,0,140
25,8,17,2,46,0,0,0,155
56,19,37,3,44,0,0,0,129
30,12,18,3,46,0,0,0,171
57,23,34,3,42,0,0,0,263
21,9,12,3,46,0,0,0,199
6,3,3,1,46,0,0,0,35
21,9,12,3,46,0,0,0,166
8,4,4,2,42,0,0,0,54
12,6,6,1,46,0,0,0,46
8,3,5,1,46,0,0,0,132
26,10,16,3,46,0,0,0,226
16,10,6,2,43,0,0,0,39
57,22,35,4,42,0,0,0,328
11,3,8,1,44,0,0,0,889
8,4,4,1,42,0,0,0,56
78,35,43,8,42,0,0,0,630
21,7,14,3,46,0,0,0,188
15,6,9,3,46,0,0,0,119
34,10,24,3,44,0,0,0,279
6,3,3,1,18,0,0,0,578
10,1,9,1,54,0,0,0,181
20,10,10,1,18,0,0,0,453
4,2,2,1,108,0,0,0,1588
61,33,28,8,75,0,0,0,1187
25,11,14,2,102,0,0,0,561
13,4,9,1,92,0,0,0,1006
4,2,2,1,18,1,0,0,208
5,3,2,1,107,0,0,0,65
3,1,2,1,107,0,0,0,23
8,4,4,1,107,0,0,0,481
8,4,4,1,107,0,0,0,444
8,4,4,1,46,0,0,0,48
8,4,4,1,46,0,0,0,51
8,4,4,1,42,0,0,0,124
7,4,3,2,75,0,0,0,213
14,8,6,2,42,0,0,0,311
18,5,13,1,46,0,0,0,152
9,5,4,2,42,0,0,0,67
7,2,5,1,46,0,0,0,111
34,10,24,2,46,0,0,0,209
5,1,4,1,107,0,0,0,43
9,2,7,1,46,0,0,0,81
6,3,3,1,46,0,0,0,13
38,14,24,4,46,0,0,0,1073
30,12,18,3,46,0,0,0,122
17,6,11,2,44,0,0,0,76
8,2,6,1,140,0,0,0,189
8,4,4,2,20,0,0,0,101
10,1,9,1,54,0,0,0,179
13,2,11,1,140,0,0,0,300
47,30,17,2,129,0,0,0,1290
63,29,34,8,75,0,0,0,1088
41,17,24,3,102,0,0,0,487
13,4,9,1,92,0,0,0,936
10,8,2,1,99,1,0,0,172
14,8,6,1,173,0,0,0,1130
28,15,13,1,12,0,0,0,283
6,3,3,1,134,0,0,0,840
4,2,2,1,19,0,0,0,134
29,16,13,4,75,0,0,0,628
10,8,2,1,99,1,0,0,251
8,4,4,1,107,0,0,0,216
25,13,12,1,134,0,0,0,1931
6,3,3,1,42,0,0,0,771
54,29,25,3,42,0,0,0,803
62,31,31,2,133,0,0,0,976
10,1,9,1,54,0,0,0,184
42,12,30,3,44,0,0,0,481
12,6,6,1,134,0,0,0,412
4,2,2,1,108,0,0,0,1461
47,25,22,8,42,0,0,0,944
28,11,17,2,102,0,0,0,605
21,8,13,2,42,0,0,0,977
12,6,6,2,42,0,0,0,508
8,4,4,1,107,0,0,0,129
10,5,5,1,42,0,0,0,293
8,4,4,1,46,0,0,0,51
7,4,3,2,75,0,0,0,152
9,7,2,1,169,0,0,0,389
3,1,2,1,107,0,0,0,710
6,3,3,1,107,0,0,0,301
10,4,6,2,102,0,0,0,220
4,2,2,1,107,0,0,0,388
8,4,4,1,42,0,0,0,260
10,5,5,1,42,0,0,0,383
8,4,4,1,42,0,0,0,659
6,3,3,1,42,0,0,0,230
8,4,4,1,42,0,0,0,142
8,4,4,1,42,0,0,0,149
8,4,4,1,42,0,0,0,64
6,3,3,1,42,0,0,0,99
6,3,3,1,42,0,0,0,63
12,6,6,1,42,0,0,0,286
17,10,7,2,42,0,0,0,284
26,13,13,1,42,0,0,0,526
33,12,21,4,44,0,0,0,90
16,7,9,2,46,0,0,0,76
25,10,15,3,46,0,0,0,138
10,5,5,1,46,0,0,0,40
29,12,17,3,46,0,0,0,76
94,40,54,4,42,0,0,0,1818
70,27,43,3,46,0,0,0,233
14,7,7,1,46,0,0,0,74
4,2,2,1,46,0,0,0,45
4,2,2,1,46,0,0,0,72
212,106,106,1,46,0,0,0,665
88,44,44,1,46,0,0,0,336
4,2,2,1,46,0,0,0,141
4,2,2,1,46,0,0,0,151
24,12,12,1,46,0,0,0,99
19,8,11,2,42,0,0,0,300
106,21,85,2,46,0,0,0,846
27,6,21,1,46,0,0,0,102
17,7,10,2,42,0,0,0,179
25,10,15,3,46,0,0,0,66
41,16,25,3,44,0,0,0,286
43,17,26,3,44,0,0,0,360
43,17,26,3,44,0,0,0,471
41,16,25,3,44,0,0,0,513
41,16,25,3,44,0,0,0,230
51,21,30,4,42,0,0,0,419
59,17,42,4,44,0,0,0,271
118,51,67,9,42,0,0,0,693
16,8,8,1,46,0,0,0,45
28,10,18,2,46,0,0,0,95
8,4,4,1,46,0,0,0,42
7,3,4,1,46,0,0,0,115
53,21,32,4,42,0,0,0,286
30,15,15,2,42,0,0,0,154
15,6,9,2,46,0,0,0,223
6,3,3,1,46,0,0,0,35
21,9,12,3,46,0,0,0,198
88,44,44,1,46,0,0,0,86
9,5,4,2,42,0,0,0,43
27,12,15,2,46,0,0,0,56
11,7,4,1,8,0,0,0,124
8,3,5,1,46,0,0,0,161
54,20,34,3,46,0,0,0,295
5,2,3,1,46,0,0,0,41
20,7,13,3,46,0,0,0,189
16,10,6,2,43,0,0,0,42
10,4,6,2,46,0,0,0,214
12,5,7,2,46,0,0,0,112
42,15,27,4,44,0,0,0,201
29,12,17,3,46,0,0,0,76
64,24,40,4,44,0,0,0,238
6,3,3,1,42,0,0,0,307
6,4,2,1,115,1,0,0,648
7,4,3,2,75,0,0,0,231
27,14,13,4,42,0,0,0.000523560209424084,1910
32,15,17,2,46,0,0,0.00136054421768707,735
5,2,3,1,108,0,0,0,90
6,3,3,1,46,0,0,0,162
8,4,4,1,46,0,0,0,122
6,1,5,1,141,0,0,0,207
9,1,8,1,54,0,0,0,119
14,6,8,3,8,0,0,0.00381679389312977,262
7,0,7,1,54,0,0,0,216
10,5,5,1,46,0,0,0,72
52,26,26,1,46,0,0,0,327
5,1,4,1,141,0,0,0,12
15,2,13,2,161,0,0,0,64
113,23,90,3,42,0,0,0,753
20,10,10,2,42,0,0,0,1234
32,16,16,1,46,0,0,0,492
20,9,11,3,42,0,0,0,1275
8,4,4,1,42,0,0,0,96
14,6,8,2,42,0,0,0,401
8,4,4,1,42,0,0,0,263
21,11,10,3,75,0,0,0,711
24,12,12,4,8,0,0,0.000282805429864253,3536
2,2,0,2,139,0,0,0,6
20,11,9,3,75,0,0,0,187
108,18,90,1,46,0,0,0,755
6,4,2,1,159,0,0,0,104
10,7,3,1,159,0,0,0,231
6,4,2,2,159,0,0,0,108
3,2,1,1,16,0,0,0,346
19,9,10,3,16,0,0,0,293
6,3,3,1,46,0,0,0,112
8,4,4,1,108,0,0,0,298
21,5,16,1,46,0,0,0,260
22,6,16,2,159,0,0,0,268
6,3,3,1,131,0,0,0,919
64,5,59,2,161,0,0,0,325
9,4,5,1,133,0,0,0,418
11,3,8,1,46,0,0,0,399
7,4,3,2,75,0,0,0,190
12,7,5,2,42,0,0,0,483
6,3,3,1,42,0,0,0,198
4,2,2,1,46,0,0,0,226
6,3,3,1,42,0,0,0,436
4,2,2,1,42,0,0,0,328
7,4,3,2,75,0,0,0,195
31,18,13,5,75,0,0,0,637
7,4,3,1,101,0,0,0,131
4,2,2,1,46,0,0,0,302
8,4,4,1,107,0,0,0,88
8,4,4,1,46,0,0,0,51
22,10,12,3,46,0,0,0,192
11,3,8,1,44,0,0,0,76
8,4,4,1,42,0,0,0,133
12,7,5,2,42,0,0,0,281
7,4,3,2,75,0,0,0,171
27,15,12,4,75,0,0,0,614
21,7,14,2,46,0,0,0,161
12,4,8,2,107,0,0,0,487
48,22,26,5,42,0,0,0,556
11,3,8,1,107,0,0,0,98
25,8,17,2,46,0,0,0,127
6,1,5,1,107,0,0,0,525
33,32,1,1,107,0,0,0,145
38,13,25,2,94,0,0,0,272
23,8,15,4,42,0,0,0,235
54,12,42,3,46,0,0,0,141
18,4,14,2,94,0,0,0,412
65,19,46,4,42,0,0,0,388
15,5,10,2,94,0,0,0,402
25,10,15,2,46,0,0,0,260
10,3,7,2,107,0,0,0,412
7,1,6,1,107,0,0,0,428
7,1,6,1,107,0,0,0,323
14,5,9,3,94,0,0,0,506
7,1,6,1,107,0,0,0,505
11,3,8,2,94,0,0,0,460
33,10,23,3,44,0,0,0,393
35,19,16,5,42,0,0,0,489
21,7,14,2,46,0,0,0,183
12,6,6,2,44,0,0,0,10
15,9,6,2,42,0,0,0,171
4,2,2,1,42,0,0,0,67
6,3,3,1,46,0,0,0,72
14,6,8,2,46,0,0,0,257
8,3,5,1,46,0,0,0,158
6,3,3,1,107,0,0,0,55
40,13,27,3,42,0,0,0,149
57,53,4,2,34,0,0,0,298
0,0,0,1,78,0,0,0,194
0,0,0,1,78,0,0,0,53
0,0,0,1,76,0,0,0,123
0,0,0,1,76,0,0,0,232
0,0,0,1,76,0,0,0,200
460,328,132,1,76,0,0,0,692
4,2,2,2,76,0,0,0,49
39,20,19,1,76,0,0,0,57
0,0,0,1,78,0,0,0,1957
0,0,0,1,78,0,0,0,237
0,0,0,1,78,0,0,0,166
11,8,3,1,76,0,0,0,809
6,3,3,1,42,0,0,0,261
15,6,9,2,46,0,0,0,94
17,10,7,2,42,0,0,0,490
580,297,283,4,56,1,0,0,930
10,8,2,1,78,0,0,0,280
0,0,0,1,76,0,0,0,0
0,0,0,1,76,0,0,0,0
0,0,0,1,76,0,0,0,0
29,10,19,1,76,0,0,0,750
8,4,4,1,134,0,0,0,1633
4,2,2,1,55,0,0,0,83
75,40,35,3,76,0,0,0,319
13,7,6,1,78,0,0,0,840
4,2,2,1,26,0,0,0,119
7,4,3,1,78,0,0,0,79
0,0,0,1,78,0,0,0,278
7,5,2,1,57,0,0,0,237
0,0,0,1,78,0,0,0,167
0,0,0,1,78,0,0,0,106
0,0,0,1,78,0,0,0,338
0,0,0,1,78,0,0,0,54
117,114,3,1,44,0,0,0,1957
11,6,5,2,26,0,0,0,272
436,290,146,2,42,0,0,0,648
131,118,13,1,76,0,0,0,186
8,4,4,1,42,0,0,0,281
10,8,2,1,76,0,0,0,1302
11,6,5,2,42,0,0,0,162
49,37,12,4,26,0,0,0,257
135,90,45,6,42,0,0,0,1049
27,17,10,2,24,0,0,0,176
15,9,6,2,24,0,0,0,249
11,4,7,1,46,0,0,0,1319
14,9,5,2,24,0,0,0,1479
11,9,2,1,24,0,0,0,92
4,2,2,1,108,0,0,0,77
13,7,6,1,8,0,0,0,80
6,5,1,1,158,0,0,0,181
4,2,2,1,39,0,0,0,75
8,3,5,1,141,0,0,0.0114942528735632,87
10,1,9,1,161,0,0,0,110
9,1,8,1,54,0,0,0,107
10,5,5,1,42,0,0,0,177
10,5,5,1,42,0,0,0,335
60,50,10,2,46,0,0,0,506
0,0,0,1,158,0,0,0,251
0,0,0,1,161,0,0,0,147
7,5,2,1,24,0,0,0,83
6,3,3,1,42,0,0,0,729
6,3,3,1,42,0,0,0,164
6,3,3,1,131,0,0,0,485
24,12,12,3,96,0,0,0,525
12,6,6,1,108,0,0,0,290
32,2,30,1,159,0,0,0,90
13,7,6,2,75,0,0,0,1101
37,19,18,5,8,0,0,0,1101
244,20,224,4,42,0,0,0,560
49,2,47,1,161,0,0,0,396
10,5,5,1,46,0,0,0,71
6,3,3,1,46,0,0,0,66
45,11,34,2,46,0,0,0,411
46,15,31,3,42,0,0,0,396
34,12,22,4,44,0,0,0,228
112,37,75,3,42,0,0,0,631
19,6,13,2,46,0,0,0,86
14,4,10,1,46,0,0,0,47
40,10,30,2,46,0,0,0,171
25,9,16,3,46,0,0,0,89
20,7,13,2,46,0,0,0,98
25,10,15,3,46,0,0,0,124
25,10,15,3,46,0,0,0,108
44,15,29,4,46,0,0,0,193
165,63,102,6,42,0,0,0,1967
19,6,13,2,46,0,0,0,85
35,17,18,3,42,0,0,0,209
6,3,3,1,42,0,0,0,153
18,9,9,1,46,0,0,0,295
31,12,19,2,46,0,0,0,1004
31,7,24,1,46,0,0,0,712
54,27,27,1,46,0,0,0,4025
38,19,19,1,46,0,0,0,5130
71,34,37,7,46,1,0,0,479
5,2,3,1,46,0,0,0,545
6,3,3,1,107,0,0,0,220
96,61,35,4,13,0,0,0.000831946755407654,1202
4,3,1,1,138,0,0,0,112
19,10,9,1,138,0,0,0,220
94,50,44,4,42,0,0,0,2345
10,5,5,1,102,0,0,0,297
16,8,8,2,42,0,0,0,681
10,5,5,1,134,0,0,0,955
16,7,9,2,131,0,0,0,1075
16,10,6,2,42,1,0,0,1058
12,6,6,2,42,0,0,0,377
4,2,2,1,108,0,0,0,78
6,5,1,1,13,0,0,0,1747
6,5,1,1,135,0,0,0,7
7,1,6,1,141,0,0,0.00251889168765743,397
10,1,9,1,161,0,0,0,122
9,1,8,1,54,0,0,0,148
76,39,37,5,42,1,0,0,1934
6,4,2,1,158,0,0,0,114
25,21,4,3,152,0,0,0,315
6,3,3,2,42,0,0,0,111
263,72,191,2,50,1,0,0,2066
15,10,5,1,50,1,0,0,487
28,14,14,4,50,1,0,0,722
53,27,26,2,50,1,0,0,796
8,4,4,1,42,0,0,0,825
8,4,4,1,108,0,0,0,416
322,65,257,10,13,0,0,0,2185
9,4,5,1,131,0,0,0,230
12,6,6,1,134,0,0,0,140
39,19,20,2,133,0,0,0,346
185,99,86,4,42,1,0,0.000250846607299636,7973
12,6,6,1,42,0,0,0,176
24,18,6,2,42,0,0,0,636
6,3,3,1,42,0,0,0,319
13,4,9,1,50,1,0,0,228
38,19,19,2,133,0,0,0,1296
56,6,50,2,42,0,0,0,340
10,3,7,1,46,0,0,0,84
34,10,24,3,37,0,0,0,142
10,5,5,2,42,0,0,0,218
5,3,2,1,107,0,0,0.00134048257372654,746
4,1,3,1,107,0,0,0,75
6,3,3,1,42,0,0,0,456
10,5,5,2,42,0,0,0,235
26,10,16,3,42,0,0,0,560
6,3,3,1,42,0,0,0,224
67,37,30,5,42,0,0,0,2595
15,11,4,1,164,0,0,0,900
6,3,3,1,73,0,0,0,1115
4,3,1,1,143,0,0,0,162
183,51,132,3,140,0,0,0,488
4,2,2,1,42,0,0,0,206
23,9,14,3,42,0,0,0,97
217,161,56,4,134,0,0,0,1487
10,2,8,2,141,0,0,0,140
7,3,4,1,136,0,0,0,201
750,398,352,8,134,0,0,0,835
90,54,36,5,137,0,0,0,280
13,8,5,3,137,0,0,0,80
4,2,2,1,108,0,0,0,78
5,3,2,1,155,0,0,0,145
6,1,5,1,160,0,0,0,7
5,2,3,1,135,0,0,0,3
53,37,16,3,140,0,0,0,110
22,10,12,4,138,0,0,0,233
9,1,8,1,54,0,0,0,201
51,35,16,5,75,0,0,0,1044
16,7,9,2,42,0,0,0,595
6,4,2,1,157,0,0,0,165
6,4,2,1,157,0,0,0,361
0,0,0,1,161,0,0,0,154
26,17,9,3,42,0,0,0,433
8,3,5,1,155,0,0,0,1119
106,56,50,5,42,0,0,0,1511
12,6,6,1,155,0,0,0.00190114068441065,526
10,5,5,1,134,0,0,0,271
12,6,6,1,42,0,0,0,435
38,15,23,3,42,0,0,0,400
83,61,22,2,135,0,0,0,10181
117,49,68,9,42,0,0,0.000496770988574267,2013
9,3,6,1,46,0,0,0,288
11,6,5,2,75,0,0,0,1367
93,47,46,3,42,0,0,0,860
160,63,97,11,8,0,0,0.000271370420624152,3685
41,18,23,3,46,0,0,0,225
10,4,6,1,46,0,0,0,398
6,3,3,1,168,0,0,0,680
22,17,5,2,161,0,0,0,714
31,15,16,1,134,0,0,0,1739
116,9,107,3,44,0,0,0.00289017341040462,346
22,13,9,1,173,0,0,0,707
14,1,13,1,141,0,0,0,107
6,3,3,1,107,0,0,0,188
10,1,9,1,54,0,0,0,115
13,7,6,2,75,0,0,0,299
51,27,24,7,75,0,0,0,1190
21,11,10,3,8,0,0,0.000256344527044348,3901
13,4,9,1,92,0,0,0,689
15,9,6,1,134,0,0,0,430
98,48,50,3,106,0,0,0,1998
29,17,12,2,42,0,0,0,1665
8,4,4,1,134,0,0,0,238
22,11,11,2,106,0,0,0,2374
20,10,10,2,106,0,0,0,2147
11,1,10,1,141,0,0,0,41
5,1,4,1,141,0,0,0,98
5,1,4,1,141,0,0,0,83
6,3,3,1,107,0,0,0,83
10,1,9,1,54,0,0,0,130
10,1,9,1,54,0,0,0,115
13,7,6,2,75,0,0,0,350
51,27,24,7,75,0,0,0,740
21,11,10,3,8,0,0,0.00026123301985371,3828
13,4,9,1,92,0,0,0,704
49,26,23,7,75,0,0,0,740
37,19,18,6,4,0,0,0.000261096605744125,3830
13,8,5,1,107,0,0,0,135
13,8,5,1,107,0,0,0,141
10,2,8,1,107,0,0,0,119
5,3,2,1,107,0,0,0,28
3,2,1,1,107,0,0,0,168
18,15,3,2,107,0,0,0,63
8,1,7,1,107,0,0,0,11
20,13,7,3,102,0,0,0,455
5,4,1,1,107,0,0,0,29
4,2,2,1,107,0,0,0,161
3,2,1,1,107,0,0,0,41
16,9,7,1,107,0,0,0,163
5,3,2,1,107,0,0,0,456
3,2,1,1,107,0,0,0,289
3,2,1,1,107,0,0,0,323
4,2,2,1,107,0,0,0,156
9,7,2,1,107,0,0,0,28
6,4,2,1,107,0,0,0,127
3,1,2,1,107,0,0,0,185
5,3,2,1,107,0,0,0,223
7,6,1,1,107,0,0,0,26
6,3,3,1,8,0,0,0.00367647058823529,272
14,7,7,2,42,0,0,0,254
12,6,6,3,42,0,0,0,350
4,2,2,1,42,0,0,0,106
34,17,17,1,46,0,0,0,308
35,13,22,5,42,0,0,0,178
7,2,5,1,46,0,0,0,204
4,2,2,1,42,0,0,0,153
18,9,9,3,42,0,0,0,291
6,3,3,1,107,0,0,0,373
26,14,12,3,42,0,0,0,535
18,9,9,3,42,0,0,0,260
39,16,23,4,42,0,0,0,287
50,21,29,5,42,0,0,0,655
12,6,6,3,42,0,0,0,189
6,3,3,1,42,0,0,0,328
14,4,10,2,42,0,0,0,110
17,5,12,2,43,0,0,0,196
63,22,41,7,37,0,0,0,405
6,3,3,1,42,0,0,0,306
6,3,3,1,42,0,0,0,282
4,2,2,1,108,0,0,0,81
0,0,0,1,97,0,0,0,46
16,9,7,1,105,0,0,0,179
14,3,11,1,141,0,0,0.00343642611683849,291
46,37,9,2,106,0,0,0,114
10,9,1,1,72,0,0,0,104
10,1,9,1,54,0,0,0,123
16,8,8,1,106,0,0,0,460
12,6,6,1,106,0,0,0,285
109,37,72,5,42,0,0,0,1323
28,14,14,1,161,0,0,0,83
67,42,25,3,46,0,0,0,400
0,0,0,1,97,0,0,0,175
6,3,3,1,42,0,0,0,739
6,3,3,1,67,0,0,0,308
0,0,0,1,106,0,0,0,226
0,0,0,1,106,0,0,0,235
0,0,0,1,161,0,0,0,94
12,6,6,1,134,0,0,0,270
16,8,8,1,106,0,0,0,515
6,3,3,1,42,0,0,0,540
326,22,304,2,71,0,0,0,78
18,9,9,1,42,0,0,0,651
6,3,3,1,42,0,0,0,336
6,3,3,1,27,0,0,0,379
4,2,2,1,55,0,0,0,451
6,3,3,1,42,0,0,0,174
12,6,6,1,134,0,0,0,392
7,3,4,1,134,0,0,0,299
12,6,6,1,134,0,0,0,231
0,0,0,1,97,0,0,0,205
8,4,4,1,134,0,0,0,664
8,4,4,1,134,0,0,0,410
11,9,2,1,97,0,0,0,357
58,31,27,8,42,0,0,0.00128205128205128,780
7,3,4,1,131,0,0,0,207
6,3,3,1,27,0,0,0,204
3,1,2,2,46,0,0,0,569
70,36,34,8,8,0,0,0.000536768652710682,1863
13,10,3,1,161,0,0,0,134
265,21,244,3,106,0,0,0,266
21,13,8,1,19,1,0,0,599
40,33,7,3,63,0,0,0,398
0,0,0,1,97,0,0,0,117
54,8,46,3,46,0,0,0,307
8,3,5,1,46,0,0,0,150
29,14,15,4,42,0,0,0,858
47,23,24,4,41,0,0,0,644
8,4,4,1,42,0,0,0,1611
28,14,14,2,41,0,0,0,395
6,3,3,1,132,0,0,0,419
45,22,23,2,101,0,0,0,1189
136,65,71,7,101,0,0,0,1655
15,7,8,2,101,0,0,0,343
6,2,4,1,101,0,0,0,101
7,3,4,1,101,0,0,0,198
112,38,74,2,102,0,0,0,234
7,3,4,1,101,0,0,0,198
4,2,2,1,102,0,0,0,141
25,6,19,2,101,0,0,0,228
14,3,11,1,101,0,0,0,211
68,17,51,5,101,0,0,0,863
26,13,13,1,151,0,0,0,600
14,4,10,2,132,0,0,0,192
80,42,38,2,102,0,0,0,2446
6,3,3,1,102,0,0,0,434
91,48,43,4,102,0,0,0,221
12,6,6,3,102,0,0,0,215
83,40,43,3,132,0,0,0,2054
4,2,2,1,151,0,0,0,212
10,5,5,1,102,0,0,0,666
6,3,3,1,132,0,0,0,192
16,6,10,2,101,0,0,0,507
246,136,110,6,101,0,0,0,337
10,4,6,2,130,0,0,0,44
6,2,4,1,116,0,0,0,181
6,1,5,1,116,0,0,0,94
6,3,3,1,132,0,0,0,167
6,3,3,1,132,0,0,0,198
6,3,3,1,132,0,0,0,112
193,118,75,2,129,0,0,0,233
19,7,12,1,129,0,0,0,42
42,19,23,3,119,0,0,0,207
18,9,9,2,119,0,0,0,636
0,0,0,1,102,0,0,0,43
12,6,6,3,102,0,0,0.0043859649122807,228
4,2,2,1,130,0,0,0,66
10,1,9,1,54,0,0,0,171
69,22,47,5,42,0,0,0,849
10,8,2,1,88,1,0,0,328
16,8,8,1,46,0,0,0,40
31,13,18,4,42,0,0,0,367
69,25,44,5,42,0,0,0,362
22,11,11,1,46,0,0,0,143
14,6,8,3,42,0,0,0,162
14,6,8,3,42,0,0,0,226
14,5,9,2,46,0,0,0,237
35,14,21,3,42,0,0,0,432
40,15,25,3,46,0,0,0,330
6,3,3,1,46,0,0,0,59
24,7,17,3,46,0,0,0,360
20,10,10,1,46,0,0,0,25
756,378,378,2,43,0,0,0,465
4,2,2,1,46,0,0,0,77
876,438,438,2,43,0,0,0,480
3,2,1,1,107,0,0,0,58
65,28,37,4,42,0,0,0,568
9,5,4,2,46,0,0,0,220
8,3,5,2,46,0,0,0,204
58,24,34,4,46,0,0,0,304
0,0,0,1,130,0,0,0,0
0,0,0,1,130,0,0,0,0
152,30,122,7,101,0,0,0,215
28,13,15,4,46,0,0,0,522
36,7,29,6,102,0,0,0,359
81,32,49,8,101,0,0,0,1306
79,38,41,11,75,0,0,0,1244
10,4,6,3,119,0,0,0,74
45,20,25,5,102,0,0,0,457
13,4,9,1,92,0,0,0,989
6,3,3,1,130,0,0,0,220
51,8,43,3,132,0,0,0,44
30,18,12,4,33,0,0,0,487
10,7,3,1,101,0,0,0,16
3,2,1,1,46,0,0,0,75
20,19,1,1,72,0,0,0,227
16,8,8,3,75,0,0,0,136
4,2,2,1,14,0,0,0.00343642611683849,291
52,37,15,7,10,1,0,0,478
12,8,4,3,92,1,0,0,128
4,3,1,1,49,0,0,0,143
0,0,0,1,71,0,0,0,34
3,2,1,1,35,0,0,0,94
21,12,9,4,10,1,0,0,191
6,3,3,1,169,0,0,0.0128205128205128,78
4,2,2,1,177,0,0,0,308
11,6,5,2,35,0,0,0,226
7,4,3,1,39,0,0,0,82
8,5,3,1,104,0,0,0,186
4,2,2,2,135,0,0,0,41
15,7,8,3,12,0,0,0,18
18,8,10,3,12,0,0,0,58
6,4,2,1,12,0,0,0,83
11,7,4,1,5,1,0,0,80
0,0,0,1,64,0,0,0,40
7,3,4,2,10,1,0,0,38
28,13,15,4,7,0,0,0,429
14,12,2,2,48,0,0,0.00131406044678055,761
3,1,2,1,39,0,0,0,196
5,2,3,1,64,0,0,0,34
27,19,8,3,28,0,0,0,88
17,9,8,2,22,0,0,0,799
26,12,14,3,10,1,0,0,344
91,65,26,3,48,0,0,0,476
39,32,7,3,0,1,0,0,801
25,15,10,4,22,0,0,0,496
22,11,11,3,71,0,0,0,383
20,10,10,1,39,0,0,0,281
6,3,3,1,45,0,0,0,688
9,5,4,1,27,0,0,0,250
15,10,5,2,46,0,0,0,296
16,9,7,1,134,0,0,0,76
69,24,45,6,8,0,0,0,1346
47,24,23,2,50,0,0,0.00137931034482759,725
61,34,27,5,42,0,0,0,255
0,0,0,1,30,0,0,0,148
5,3,2,1,35,0,0,0,233
54,31,23,5,33,1,0,0,1085
15,7,8,2,35,0,0,0.000773395204949729,1293
8,4,4,2,71,0,0,0,136
5,2,3,1,132,0,0,0,273
100,70,30,5,28,1,0,0,853
37,20,17,1,10,1,0,0,145
22,18,4,2,35,0,0,0,234
695,486,209,6,2,1,0,0,1343
98,57,41,3,7,1,0,0,606
114,110,4,1,30,0,0,0.004,250
311,173,138,12,5,2,0,0.000509164969450102,1964
6,3,3,1,90,0,0,0,627
0,0,0,1,12,0,0,0,97
107,43,64,7,12,0,0,0,1240
117,49,68,7,12,0,0,0,1203
6,3,3,2,64,0,0,0,169
140,93,47,4,5,2,0,0,241
37,18,19,3,71,1,0,0,120
217,126,91,11,6,0,0,0.00020772746157042,4814
8,4,4,1,168,0,0,0.00201612903225806,496
227,100,127,3,31,0,0,0.00131926121372032,758
0,0,0,1,13,0,0,0.00454545454545455,220
6,3,3,2,47,0,0,0,234
186,119,67,7,34,0,0,0,280
129,80,49,5,33,0,0,0,259
6,3,3,1,45,0,0,0,249
143,123,20,2,28,0,0,0,599
0,0,0,1,30,0,0,0.00258397932816537,387
76,70,6,3,71,0,0,0.0016366612111293,611
604,540,64,8,39,0,0,0.00121065375302663,826
4,3,1,1,167,0,0,0,409
15,13,2,2,167,0,0,0,185
19,17,2,2,167,0,0,0,799
3,2,1,1,33,0,0,0,186
10,9,1,1,75,0,0,0,163
8,7,1,1,103,0,0,0,451
4,3,1,1,75,0,0,0,357
4,2,2,1,75,0,0,0,102
12,7,5,1,50,0,0,0,160
24,12,12,2,76,0,0,0,378
12,6,6,2,42,0,0,0,203
28,16,12,2,127,0,0,0,1086
26,22,4,2,7,0,0,0,474
40,24,16,2,101,1,0,0,229
10,5,5,1,167,0,0,0,1009
31,16,15,3,95,0,0,0,351
6,3,3,1,103,0,0,0,114
11,5,6,2,44,0,0,0,313
36,24,12,2,103,0,0,0,552
25,12,13,2,103,0,0,0,580
80,44,36,4,33,0,0,0,731
47,22,25,4,11,1,0,0,446
18,9,9,1,103,0,0,0,1359
150,117,33,6,0,1,0,0,1308
62,22,40,6,44,0,0,0,273
26,16,10,3,47,0,0,0,244
36,23,13,4,54,0,0,0,797
31,15,16,3,44,0,0,0,138
46,21,25,4,44,0,0,0,635
70,35,35,7,98,0,0,0,1770
70,49,21,5,57,1,0,0,853
41,22,19,5,98,0,0,0,1414
57,30,27,4,98,0,0,0,1535
6,3,3,1,42,0,0,0,444
9,7,2,1,75,0,0,0,216
48,24,24,2,103,0,0,0,729
33,17,16,3,25,0,0,0,658
51,33,18,4,44,0,0,0,322
30,15,15,2,42,0,0,0,1071
65,30,35,4,76,0,0,0.000881057268722467,1135
9,3,6,2,54,0,0,0,705
6,3,3,1,1,0,0,0,281
23,11,12,2,103,0,0,0,246
6,3,3,1,44,0,0,0,352
12,10,2,1,110,0,0,0,620
10,5,5,1,1,0,0,0,882
54,35,19,2,11,0,0,0,470
25,13,12,1,90,0,0,0,282
3,2,1,1,11,0,0,0,40
108,75,33,3,26,0,0,0,879
7,1,6,1,144,0,0,0,21
555,395,160,5,11,0,0,0,1172
52,26,26,2,90,0,0,0,604
74,43,31,2,90,0,0,0,523
0,0,0,1,8,0,0,0,204
35,23,12,1,90,0,0,0,392
118,52,66,4,49,0,0,0,397
137,63,74,2,57,0,0,0,542
88,54,34,3,90,0,0,0,162
93,87,6,2,49,0,0,0,89
0,0,0,1,49,0,0,0,50
0,0,0,1,58,0,0,0,53
0,0,0,1,58,0,0,0,514
0,0,0,1,58,0,0,0,59
0,0,0,1,58,0,0,0,81
0,0,0,1,58,0,0,0,53
0,0,0,1,58,0,0,0,337
0,0,0,1,58,0,0,0,52
0,0,0,1,58,0,0,0,66
0,0,0,1,58,0,0,0,49
0,0,0,1,58,0,0,0,56
0,0,0,1,58,0,0,0,137
0,0,0,1,58,0,0,0,86
0,0,0,1,58,0,0,0,309
0,0,0,1,58,0,0,0,53
0,0,0,1,58,0,0,0,176
0,0,0,1,58,0,0,0,21
0,0,0,1,58,0,0,0,117
0,0,0,1,58,0,0,0,35
0,0,0,1,58,0,0,0,207
0,0,0,1,58,0,0,0,168
0,0,0,1,58,0,0,0,65
0,0,0,1,58,0,0,0,76
16,6,10,2,58,0,0,0,363
184,169,15,2,49,0,0,0,231
18,11,7,3,45,0,0,0,149
0,0,0,1,49,0,0,0,183
343,236,107,6,44,0,0,0,1307
16,8,8,2,11,0,0,0,721
4,2,2,1,42,0,0,0,174
26,13,13,2,108,0,0,0,723
20,10,10,2,11,0,0,0,762
12,6,6,2,108,0,0,0,635
16,9,7,1,108,0,0,0,2141
6,3,3,1,161,0,0,0,90
0,0,0,1,161,0,0,0,74
30,15,15,2,108,0,0,0,104
55,21,34,5,106,0,0,0,984
100,46,54,5,106,0,0,0,1304
45,16,29,5,106,0,0,0,583
135,56,79,5,106,0,0,0,1387
81,68,13,7,106,0,0,0,330
5,4,1,1,161,0,0,0,85
8,6,2,2,43,0,0,0,222
11,7,4,1,108,0,0,0,311
15,9,6,2,108,0,0,0,262
0,0,0,1,166,0,0,0,111
88,86,2,2,108,0,0,0,84
928,892,36,6,31,0,0,0.00116822429906542,856
166,166,0,1,108,0,0,0,166
164,164,0,1,108,0,0,0,164
0,0,0,1,108,0,0,0,0
6,3,3,2,98,0,0,0,216
50,4,46,1,108,0,0,0,81
88,88,0,1,108,0,0,0,88
34,4,30,1,108,0,0,0,92
98,98,0,1,108,0,0,0,98
44,4,40,1,108,0,0,0,82
88,88,0,1,108,0,0,0,88
16,5,11,2,161,0,0,0,513
147,2,145,1,166,0,0,0,400
99,99,0,2,108,0,0,0,99
21,8,13,2,93,0,0,0,192
16,6,10,2,160,0,0,0,297
40,19,21,2,93,0,0,0,420
5,3,2,2,164,0,0,0,87
39,23,16,3,43,0,0,0,519
351,332,19,3,93,0,0,0,313
31,16,15,2,42,0,0,0,764
4,2,2,1,108,0,0,0,220
5,3,2,1,108,0,0,0,172
6,3,3,1,108,0,0,0,68
25,13,12,3,29,1,0,0,438
4,2,2,1,161,0,0,0,59
5,3,2,1,108,0,0,0,141
8,3,5,1,46,0,0,0,825
5,3,2,1,108,0,0,0,61
13,6,7,2,42,0,0,0,237
5,3,2,1,108,0,0,0,212
8,4,4,1,108,0,0,0,200
149,6,143,2,108,0,0,0,97
13,7,6,2,42,0,0,0,277
4,2,2,1,108,0,0,0,139
5,3,2,1,108,0,0,0,179
5,3,2,1,108,0,0,0,384
16,6,10,1,108,0,0,0,135
26,13,13,2,106,0,0,0,574
44,22,22,2,106,0,0,0,925
12,7,5,2,106,0,0,0,422
8,4,4,1,108,0,0,0,1104
48,25,23,2,106,0,0,0,1090
5,3,2,1,108,0,0,0,107
10,8,2,1,108,0,0,0,48
5,3,2,1,108,0,0,0,75
6,3,3,1,161,0,0,0,105
4,2,2,1,161,0,0,0,111
5,3,2,1,108,0,0,0,244
0,0,0,1,161,0,0,0,117
29,10,19,1,168,0,0,0,207
60,27,33,4,106,0,0,0,802
88,39,49,4,106,0,0,0,1140
21,8,13,4,106,0,0,0,550
23,17,6,1,161,0,0,0,225
0,0,0,1,161,0,0,0,38
90,42,48,4,106,0,0,0,1171
18,9,9,2,31,1,0,0,194
4,2,2,1,161,0,0,0,195
44,25,19,2,14,0,0,0,1449
0,0,0,1,161,0,0,0,115
16,8,8,1,108,0,0,0,130
12,6,6,2,106,0,0,0,343
14,7,7,2,106,0,0,0,736
11,6,5,2,106,0,0,0,303
15,8,7,2,106,0,0,0,1073
14,6,8,2,46,0,0,0,278
4,2,2,1,161,0,0,0,104
14,4,10,1,46,0,0,0,132
6,3,3,2,159,0,0,0,104
6,3,3,1,42,0,0,0,97
10,5,5,1,42,0,0,0,930
6,4,2,1,31,1,0,0,215
16,6,10,2,42,0,0,0,982
10,5,5,2,106,0,0,0,443
22,11,11,2,106,0,0,0,794
2,1,1,2,106,0,0,0,286
42,26,16,1,161,0,0,0,135
7,3,4,1,161,0,0,0,83
22,11,11,2,106,0,0,0,568
10,5,5,1,108,0,0,0,543
6,3,3,1,42,0,0,0,527
13,1,12,1,157,0,0,0,93
32,16,16,6,102,0,0,0,572
48,26,22,6,102,0,0,0,1326
14,6,8,6,102,0,0,0,497
42,20,22,6,102,0,0,0,1098
3,2,1,1,108,0,0,0,70
6,2,4,1,161,0,0,0,39
31,15,16,3,31,1,0,0,267
10,5,5,1,42,0,0,0,655
15,1,14,1,157,0,0,0,86
11,1,10,2,65,1,0,0,0
34,17,17,8,102,0,0,0,599
46,25,21,8,102,0,0,0,1286
23,13,10,8,102,0,0,0,354
39,21,18,8,102,0,0,0,1106
3,2,1,1,108,0,0,0,99
6,2,4,1,161,0,0,0,41
20,10,10,1,133,0,0,0,220
30,15,15,7,102,0,0,0,633
42,23,19,7,102,0,0,0,1304
23,11,12,7,102,0,0,0,425
45,22,23,7,102,0,0,0,1064
3,2,1,1,108,0,0,0,111
6,2,4,1,161,0,0,0,43
5,1,4,1,163,0,0,0,45
13,7,6,1,31,1,0,0,315
39,16,23,3,6,0,0,0,1127
4,2,2,1,168,0,0,0,299
32,15,17,1,133,0,0,0.0026246719160105,381
67,1,66,1,157,0,0,0,103
13,1,12,2,65,1,0,0,0
32,16,16,6,102,0,0,0,704
44,24,20,6,102,0,0,0,1474
22,10,12,6,102,0,0,0,386
38,18,20,6,102,0,0,0,1107
3,2,1,1,108,0,0,0,112
34,17,17,3,14,0,0,0,913
14,1,13,1,157,0,0,0,94
24,12,12,4,102,0,0,0,620
36,20,16,4,102,0,0,0,1269
8,4,4,4,102,0,0,0,318
24,12,12,4,102,0,0,0,1087
3,2,1,1,108,0,0,0,111
4,2,2,1,168,0,0,0,203
5,2,3,1,168,0,0,0,64
19,4,15,1,157,0,0,0,113
26,13,13,5,102,0,0,0,603
38,21,17,5,102,0,0,0,1251
14,5,9,5,102,0,0,0,308
30,13,17,5,102,0,0,0,1058
3,2,1,1,108,0,0,0,181
4,2,2,1,168,0,0,0,232
44,18,26,2,133,0,0,0.0025974025974026,385
20,1,19,1,157,0,0,0,98
28,14,14,5,102,0,0,0,575
40,22,18,5,102,0,0,0,1208
14,5,9,5,102,0,0,0,303
30,13,17,5,102,0,0,0,1062
3,2,1,1,108,0,0,0,109
43,18,25,4,45,0,0,0,420
4,2,2,1,161,0,0,0,183
21,8,13,2,45,0,0,0,488
11,4,7,1,108,0,0,0,633
152,81,71,6,46,1,0,0,637
111,47,64,2,6,0,0,0,652
8,4,4,2,31,1,0,0,91
125,63,62,6,31,0,0,0,1335
11,8,3,2,100,0,0,0,138
6,3,3,1,121,0,0,0,499
0,0,0,1,161,0,0,0,131
11,10,1,1,141,0,0,0,137
6,4,2,1,147,0,0,0,103
4,2,2,1,108,0,0,0,49
70,65,5,1,157,0,0,0,116
6,3,3,1,70,0,0,0,688
8,2,6,1,161,0,0,0,1551
6,2,4,1,45,0,0,0,86
133,65,68,3,114,0,0,0,222
9,4,5,1,161,0,0,0,472
34,9,25,1,45,0,0,0,563
56,40,16,3,108,0,0,0,296
14,10,4,2,108,0,0,0,173
17,6,11,1,45,0,0,0,500
6,5,1,1,161,0,0,0,32
73,47,26,12,89,0,0,0,536
109,83,26,12,89,0,0,0,1042
57,28,29,12,89,0,0,0,324
79,39,40,12,89,0,0,0,1067
16,9,7,2,121,0,0,0,288
32,14,18,3,46,0,0,0,297
4,2,2,1,161,0,0,0,78
12,4,8,1,45,0,0,0,247
12,7,5,2,121,0,0,0,146
6,4,2,1,161,0,0,0,118
116,53,63,2,2,0,0,0,508
49,32,17,4,99,0,0,0,169
6,4,2,1,161,0,0,0,143
6,3,3,2,147,0,0,0,98
6,4,2,1,161,0,0,0,144
38,34,4,2,149,0,0,0,177
38,28,10,2,42,0,0,0,409
6,4,2,1,161,0,0,0,656
7,4,3,1,161,0,0,0,111
12,7,5,2,42,0,0,0,181
77,41,36,3,114,0,0,0,244
7,3,4,1,161,0,0,0,64
6,4,2,1,161,0,0,0,94
8,6,2,1,161,0,0,0,357
109,82,27,7,103,0,0,0,387
12,7,5,3,103,0,0,0,122
6,4,2,1,161,0,0,0,264
166,108,58,8,31,0,0,0,551
6,4,2,1,161,0,0,0,128
16,9,7,2,102,0,0,0,145
48,44,4,2,159,0,0,0,279
2,1,1,1,106,0,0,0,29
2,1,1,1,106,0,0,0,51
2,1,1,1,106,0,0,0,41
2,1,1,1,106,0,0,0,60
0,0,0,1,106,0,0,0,17
0,0,0,1,106,0,0,0,38
0,0,0,1,106,0,0,0,42
0,0,0,1,106,0,0,0,61
10,4,6,1,46,0,0,0,530
6,3,3,1,161,0,0,0,461
4,2,2,1,161,0,0,0,77
20,10,10,2,42,0,0,0,1230
6,3,3,1,42,0,0,0,1004
6,3,3,1,106,0,0,0,362
6,3,3,1,106,0,0,0,99
6,3,3,1,106,0,0,0,351
2,1,1,1,106,0,0,0,110
2,1,1,1,106,0,0,0,258
2,1,1,1,106,0,0,0,159
2,1,1,1,106,0,0,0,290
10,5,5,1,42,0,0,0,881
194,54,140,5,42,0,0,0,2327
34,11,23,3,42,0,0,0,517
3,1,2,1,168,0,0,0,102
4,2,2,2,42,0,0,0,1283
72,20,52,3,42,0,0,0,428
392,100,292,6,42,0,0,0,3649
331,94,237,6,42,0,0,0,3069
69,19,50,2,42,0,0,0,614
5,2,3,1,46,0,0,0,164
160,160,0,1,108,0,0,0,160
205,172,33,5,44,0,0,0,866
18,9,9,1,108,0,0,0,240
6,3,3,1,89,0,0,0,216
30,11,19,3,93,0,0,0,293
22,11,11,1,89,0,0,0,707
1180,1151,29,4,31,0,0,0,1122
397,261,136,3,94,0,0,0,752
7,4,3,1,108,0,0,0,128
14,5,9,2,45,0,0,0,128
43,20,23,2,93,0,0,0,753
29,10,19,1,108,0,0,0,355
9,5,4,1,108,0,0,0,258
0,0,0,1,161,0,0,0,110
429,252,177,11,44,0,0,0,2625
44,27,17,3,98,0,0,0,225
45,20,25,2,31,0,0,0,144
36,18,18,1,166,0,0,0,175
13,7,6,1,108,0,0,0,488
10,5,5,1,133,0,0,0,317
426,273,153,9,44,0,0,0,1222
824,587,237,9,44,0,0,0,3133
288,167,121,9,44,0,0,0,579
40,26,14,2,108,0,0,0,241
0,0,0,1,161,0,0,0,38
523,271,252,9,44,0,0,0,1271
93,51,42,2,62,0,0,0,579
10,6,4,1,108,0,0,0,113
26,25,1,2,104,0,0,0,87
7,3,4,1,46,0,0,0,630
18,4,14,1,93,0,0,0,272
0,0,0,1,148,0,0,0,47
6,3,3,1,161,0,0,0,99
4,2,2,1,161,0,0,0,44
14,5,9,1,165,1,0,0,304
145,135,10,2,106,0,0,0,422
27,12,15,2,28,0,0,0,181
7,4,3,2,161,0,0,0,81
12,8,4,1,31,1,0,0,157
11,7,4,3,106,0,0,0,428
20,15,5,3,106,0,0,0,834
8,4,4,3,106,0,0,0,295
14,7,7,3,106,0,0,0,1055
19,17,2,1,167,0,0,0,1163
6,3,3,1,161,0,0,0,129
8,5,3,2,161,0,0,0,125
7,3,4,2,161,0,0,0,77
43,25,18,4,13,2,0,0.000383435582822086,2608
4,3,1,1,108,0,0,0,162
6,3,3,1,161,0,0,0,101
4,2,2,1,161,0,0,0,57
8,2,6,1,161,0,0,0,1077
43,11,32,3,108,0,0,0,1131
0,0,0,1,161,0,0,0,76
34,14,20,4,106,0,0,0,462
56,22,34,4,106,0,0,0,762
21,5,16,4,106,0,0,0,231
56,21,35,4,106,0,0,0,559
6,3,3,1,161,0,0,0,102
4,2,2,1,161,0,0,0,40
32,10,22,3,108,0,0,0,1442
0,0,0,1,161,0,0,0,78
43,20,23,4,106,0,0,0,465
58,26,32,4,106,0,0,0,780
31,13,18,4,106,0,0,0,241
60,27,33,4,106,0,0,0,571
6,3,3,1,161,0,0,0,102
4,2,2,1,161,0,0,0,72
9,3,6,1,46,0,0,0,154
10,3,7,1,108,0,0,0,1335
0,0,0,1,161,0,0,0,113
29,18,11,3,25,0,0,0,243
12,6,6,2,31,1,0,0,268
12,6,6,1,108,0,0,0,213
6,3,3,1,108,0,0,0,694
20,10,10,4,106,0,0,0,508
28,14,14,4,106,0,0,0,1049
14,7,7,4,106,0,0,0,310
30,15,15,4,106,0,0,0,573
6,3,3,1,108,0,0,0,43
7,5,2,1,161,0,0,0,46
6,3,3,1,161,0,0,0,105
4,2,2,1,161,0,0,0,70
9,3,6,1,46,0,0,0,153
10,3,7,1,108,0,0,0,1335
0,0,0,1,161,0,0,0,88
16,11,5,1,25,0,0,0,142
12,6,6,2,31,1,0,0,292
8,4,4,1,108,0,0,0,715
22,11,11,3,106,0,0,0,512
22,11,11,3,106,0,0,0,1043
16,8,8,3,106,0,0,0,314
24,12,12,3,106,0,0,0,577
67,67,0,1,108,0,0,0,67
4,2,2,3,10,1,0,0,0
44,44,0,2,108,0,0,0,44
51,45,6,2,100,0,0,0,108
7,5,2,1,108,0,0,0,116
137,130,7,2,100,0,0,0,172
54,54,0,2,108,0,0,0,54
70,69,1,2,102,0,0,0,68
61,61,0,2,108,0,0,0,61
113,97,16,2,100,0,0,0,125
131,122,9,3,28,0,0,0,170
15,11,4,3,75,0,0,0,92
79,73,6,3,75,0,0,0,189
124,84,40,1,108,0,0,0,203
158,158,0,1,108,0,0,0,158
66,46,20,1,108,0,0,0,54
48,48,0,2,108,0,0,0,48
4,2,2,1,161,0,0,0,37
8,4,4,1,133,0,0,0,439
28,13,15,2,102,0,0,0,808
24,17,7,3,156,0,0,0,89
8,5,3,1,102,0,0,0,289
43,20,23,4,102,0,0,0,444
46,20,26,4,102,0,0,0,724
29,12,17,4,102,0,0,0,295
44,19,25,4,102,0,0,0,1068
44,42,2,1,161,0,0,0,230
15,11,4,2,30,0,0,0,112
4,2,2,1,68,0,0,0,84
21,14,7,2,54,0,0,0,220
0,0,0,1,139,0,0,0,0
0,0,0,1,139,0,0,0,0
0,0,0,1,139,0,0,0,0
0,0,0,1,139,0,0,0,0
0,0,0,1,139,0,0,0,0
0,0,0,1,139,0,0,0,0
0,0,0,1,139,0,0,0,0
0,0,0,1,139,0,0,0,0
0,0,0,1,139,0,0,0,0
0,0,0,1,139,0,0,0,0
0,0,0,1,139,0,0,0,0
0,0,0,1,139,0,0,0,0
0,0,0,1,139,0,0,0,0
0,0,0,1,139,0,0,0,0
0,0,0,1,139,0,0,0,0
0,0,0,1,139,0,0,0,0
0,0,0,1,139,0,0,0,0
0,0,0,1,139,0,0,0,0
0,0,0,1,139,0,0,0,0
0,0,0,1,139,0,0,0,0
0,0,0,1,139,0,0,0,0
0,0,0,1,139,0,0,0,0
0,0,0,1,139,0,0,0,0
0,0,0,1,139,0,0,0,0
0,0,0,1,139,0,0,0,0
0,0,0,1,139,0,0,0,0
0,0,0,1,139,0,0,0,0
0,0,0,1,139,0,0,0,0
0,0,0,1,139,0,0,0,0
0,0,0,1,139,0,0,0,0
0,0,0,1,139,0,0,0,0
8,4,4,1,46,0,0,0,95
46,23,23,1,46,0,0,0,118
40,34,6,1,53,0,0,0,122
5,4,1,1,53,0,0,0,42
729,345,384,11,39,2,0,0,1361
45,24,21,2,53,1,0,0,151
16,10,6,3,51,0,0,0,65
0,0,0,1,53,0,0,0,38
69,44,25,2,46,0,0,0,430
19,6,13,2,53,0,0,0,368
14,3,11,1,53,0,0,0,243
20,12,8,1,53,0,0,0,404
10,8,2,2,70,0,0,0,80
8,4,4,2,52,0,0,0,61
36,26,10,1,53,0,0,0,349
21,13,8,4,51,0,0,0,77
0,0,0,1,53,0,0,0,39
12,3,9,1,53,0,0,0,241
4,2,2,1,46,0,0,0,52
12,3,9,1,53,0,0,0,73
18,12,6,3,51,0,0,0,259
0,0,0,1,53,0,0,0,39
59,44,15,2,53,0,0,0,492
0,0,0,1,53,0,0,0,65
31,13,18,3,49,0,0,0,285
13,3,10,1,53,0,0,0,93
319,107,212,8,39,0,0,0.00398406374501992,251
36,36,0,2,19,0,0,0,53
204,181,23,5,21,1,1,0.000601684717208183,1662
19,8,11,2,60,0,0,0,883
18,16,2,1,163,0,0,0,1268
6,4,2,1,94,1,0,0,143
7,4,3,1,71,0,0,0,814
27,17,10,3,21,0,0,0,139
3,2,1,1,21,0,0,0,4
16,8,8,2,171,0,0,0.00165837479270315,603
14,8,6,2,29,2,0,0,226
14,8,6,2,29,2,0,0,347
6,4,2,2,21,0,1,0,330
16,7,9,2,71,0,0,0,230
16,7,9,2,22,0,0,0,149
7,2,5,1,71,0,0,0,159
7,2,5,1,71,0,0,0,359
7,2,5,1,71,0,0,0,114
7,2,5,1,71,0,0,0,123
7,2,5,1,71,0,0,0,139
7,2,5,1,71,0,0,0,138
7,3,4,1,71,0,0,0,275
7,2,5,1,71,0,0,0,124
17,6,11,2,71,0,0,0,633
7,2,5,1,71,0,0,0,119
14,5,9,2,46,0,0,0,200
7,2,5,1,71,0,0,0,201
6,3,3,1,42,0,0,0,720
0,0,0,1,48,0,0,0,183
0,0,0,1,48,0,0,0,44
5,3,2,1,26,0,0,0,939
3,2,1,1,24,0,0,0,74
63,44,19,4,22,1,0,0,1614
4,2,2,1,164,1,0,0,862
12,8,4,2,75,0,0,0,31
1,1,0,1,164,1,0,0,471
6,3,3,1,162,0,0,0,136
69,38,31,8,27,3,0,0,2136
6,3,3,1,116,0,0,0,1166
9,5,4,1,12,0,0,0.000241721053903795,4137
8,4,4,1,133,0,0,0,169
26,16,10,1,173,0,0,0,893
11,4,7,1,46,0,0,0,194
23,12,11,3,3,0,0,0,1804
17,9,8,2,3,0,0,0,668
8,3,5,1,46,0,0,0,275
8,3,5,1,46,0,0,0,312
8,4,4,1,27,0,0,0,1256
44,11,33,3,45,0,0,0,425
16,8,8,2,27,0,0,0,447
7,4,3,1,139,0,0,0,284
110,54,56,2,27,0,0,0,401
26,18,8,3,53,1,0,0,293
16,4,12,1,82,0,0,0,424
57,24,33,2,12,0,0,0,637
64,12,52,2,46,0,0,0,362
64,17,47,3,42,0,0,0,861
525,306,219,4,25,0,0,0,1565
14,11,3,1,25,0,0,0,245
102,66,36,4,46,2,0,0,847
14,5,9,1,74,0,0,0,204
127,68,59,4,66,0,0,0,147
39,10,29,1,46,0,0,0,307
34,10,24,2,46,0,0,0,235
25,7,18,1,46,0,0,0,186
11,4,7,1,46,0,0,0,242
16,6,10,2,46,0,0,0,83
17,5,12,1,46,0,0,0,138
30,15,15,3,106,0,0,0,662
12,6,6,1,106,0,0,0,1315
648,603,45,5,23,0,0,0,558
400,387,13,11,35,1,0,0,374
412,401,11,4,16,1,0,0.00256410256410256,390
1051,1011,40,10,16,0,0,0.00102986611740474,971
250,248,2,2,42,0,0,0.0040650406504065,246
273,273,0,1,131,0,0,0,273
537,444,93,8,68,0,0,0.00284900284900285,351
187,174,13,6,69,0,0,0,161
246,243,3,3,59,0,0,0.00416666666666667,240
27,14,13,5,59,0,0,0,165
563,548,15,7,69,0,0,0,533
185,163,22,5,23,0,0,0.00332225913621262,301
194,182,12,6,69,0,0,0,170
295,289,6,2,128,0,0,0,283
55,40,15,3,18,1,0,0,794
35,23,12,2,8,1,0,0,1181
15,9,6,1,31,0,0,0,1110
6,3,3,1,42,0,0,0,353
35,21,14,5,8,1,0,0,842
7,2,5,1,12,0,0,0,257
21,17,4,2,73,0,0,0,248
7,4,3,1,31,0,0,0,106
164,120,44,1,8,1,0,0,213
20,10,10,2,31,0,0,0,136
91,64,27,5,88,0,0,0,611
18,9,9,3,11,0,0,0,1016
7,4,3,1,88,1,0,0,278
16,8,8,2,11,0,0,0,535
23,12,11,1,12,0,0,0,290
16,9,7,2,106,0,0,0,1279
62,14,48,2,46,0,0,0,378
79,25,54,3,46,0,0,0,930
88,21,67,2,46,0,0,0,569
24,8,16,2,46,0,0,0,117
70,24,46,3,46,0,0,0,1043
21,7,14,2,46,0,0,0.00208768267223382,479
80,27,53,3,46,0,0,0,1209
9,5,4,1,27,0,0,0,407
6,3,3,1,42,0,0,0,239
435,220,215,4,26,0,0,0,973
34,11,23,2,26,0,0,0,45
0,0,0,1,26,0,0,0,76
7,5,2,1,24,0,0,0,343
65,39,26,3,24,0,0,0,460
94,60,34,3,24,0,0,0,1541
7,5,2,1,24,0,0,0,488
6,3,3,1,42,0,0,0,317
63,34,29,6,79,2,0,0,1875
8,4,4,1,132,0,0,0,395
53,45,8,1,85,0,0,0,307
15,13,2,1,85,0,0,0,343
28,10,18,1,110,0,0,0,282
30,28,2,1,110,0,0,0,442
0,0,0,1,110,0,0,0,34
597,333,264,3,66,0,0,0,728
14,13,1,1,66,0,0,0,105
52,34,18,2,158,0,0,0,522
14,7,7,1,135,0,0,0,550
17,7,10,1,134,0,0,0,1754
18,8,10,1,134,0,0,0,2219
76,22,54,1,46,0,0,0,958
87,22,65,1,46,0,0,0,2382
8,3,5,1,46,0,0,0,1465
16,5,11,1,46,0,0,0,1364
15,11,4,1,76,0,0,0,1611
11,4,7,1,46,0,0,0,134
35,10,25,3,42,0,0,0,9780
5,2,3,1,45,0,0,0,1002
31,8,23,2,46,0,0,0,7436
5,2,3,1,45,0,0,0,664
4,2,2,1,45,0,0,0,543
9,4,5,1,46,0,0,0,776
23,14,9,3,14,0,0,0,1879
221,158,63,3,139,0,0,0,5387
6,3,3,1,168,0,0,0,537
7,4,3,1,139,0,0,0,519
15,10,5,2,33,0,0,0,508
6,3,3,1,139,0,0,0,816
30,21,9,1,139,0,0,0,576
8,4,4,1,134,0,0,0,2408
15,13,2,1,22,0,0,0,125
3,2,1,1,22,0,0,0,43
14,8,6,2,134,0,0,0,3896
6,5,1,1,82,0,0,0,1015
6,4,2,1,173,0,0,0,2164
40,12,28,1,46,0,0,0,645
50,14,36,1,46,0,0,0,585
3301,1840,1461,10,3,0,0,0,9761
27,12,15,3,91,0,0,0,682
128,89,39,4,3,0,0,0,798
6,3,3,1,42,0,0,0,763
78,19,59,1,46,0,0,0,1504
82,42,40,4,11,0,0,0,1484
98,27,71,2,46,0,0,0,1547
6,3,3,1,116,0,0,0.0004149377593361,2410
8,4,4,1,94,0,0,0,70
35,9,26,1,46,0,0,0,1069
121,37,84,2,46,0,0,0,1552
43,22,21,2,147,0,0,0,1988
93,28,65,3,45,0,0,0,2168
6,2,4,1,45,0,0,0,165
135,55,80,5,44,1,0,0,2641
139,35,104,4,44,0,0,0,764
30,14,16,2,46,0,0,0,2173
306,136,170,10,13,1,0,0,1617
14,7,7,1,13,0,0,0,335
4,2,2,1,13,0,0,0,106
167,54,113,4,46,1,0,0.000687757909215956,1454
497,313,184,14,44,4,0,0,2554
207,108,99,4,12,2,0,0,532
32,20,12,6,45,2,0,0,372
153,46,107,4,46,0,0,0,1843
12,6,6,1,96,1,0,0,1092
42,12,30,1,46,0,0,0,499
4,2,2,1,90,0,0,0,264
9,3,6,1,46,0,0,0,1545
10,5,5,1,116,0,0,0,8652
32,13,19,1,173,0,0,0,833
21,7,14,1,46,0,0,0,151
11,6,5,2,39,1,0,0,222
6,3,3,1,90,0,0,0,334
6,3,3,1,103,0,0,0,255
10,6,4,1,173,0,0,0,1052
20,7,13,1,46,0,0,0,434
8,4,4,1,94,0,0,0,70
28,17,11,1,134,0,0,0,670
143,59,84,3,46,0,0,0,1035
26,13,13,1,46,0,0,0,91
34,20,14,2,134,0,0,0.000503018108651912,1988
38,21,17,2,137,1,1,0,187
21,10,11,3,42,0,0,0,2044
235,63,172,6,14,0,0,0,3922
6,3,3,1,103,0,0,0,2200
32,16,16,3,11,0,0,0,1204
12,6,6,2,11,0,0,0,607
7,3,4,1,46,0,0,0,906
41,10,31,2,46,0,0,0,387
97,48,49,2,24,0,0,0,960
7,6,1,1,24,0,0,0,70
7,3,4,1,46,0,0,0,709
53,15,38,2,46,0,0,0,664
6,3,3,1,141,0,0,0,1960
12,4,8,1,45,0,0,0,90
43,9,34,1,173,0,0,0,771
4,2,2,1,42,0,0,0,520
154,49,105,4,14,0,0,0.000271665308340125,3681
6,4,2,1,173,0,0,0,2892
6,4,2,1,173,0,0,0,3054
17,6,11,1,46,0,0,0,209
278,169,109,12,0,4,0,0.000495785820525533,2017
120,58,62,4,2,0,0,0,1538
43,31,12,6,0,2,0,0,570
20,13,7,6,0,2,0,0,304
49,30,19,4,22,0,0,0,4254
25,16,9,1,173,0,0,0,809
89,27,62,3,45,0,0,0,2001
71,22,49,2,46,0,0,0,1046
6,2,4,1,45,0,0,0,139
6,3,3,1,42,0,0,0,3677
70,30,40,3,46,0,0,0,995
119,46,73,3,46,0,0,0,1643
10,3,7,1,46,0,0,0,190
11,5,6,1,134,0,0,0,2263
140,41,99,3,46,0,0,0,1292
65,15,50,1,44,0,0,0,325
164,61,103,4,42,0,0,0,1762
426,216,210,6,12,0,0,0,6225
80,40,40,3,12,0,0,0,610
43,12,31,1,46,0,0,0,604
24,2,22,1,69,0,0,0,1483
21,2,19,1,69,0,0,0,110
31,14,17,1,86,0,0,0,422
1054,528,526,4,76,0,0,0,2405
56,27,29,1,76,0,0,0,509
9,5,4,2,76,0,0,0,272
12,6,6,2,142,1,0,0.000504032258064516,1984
8,4,4,1,94,0,0,0,110
27,16,11,3,14,0,0,0,3267
78,44,34,1,40,0,0,0,428
25,7,18,1,40,0,0,0,1741
26,13,13,3,42,0,0,0,2430
19,3,16,2,9,0,0,0,1365
48,24,24,3,11,0,0,0,659
42,21,21,3,11,0,0,0,1036
26,13,13,3,11,0,0,0,573
42,21,21,6,11,0,0,0,3128
41,12,29,3,42,0,0,0,1113
76,38,38,6,11,0,0,0,3246
635,64,571,9,11,0,0,0.000428265524625268,2335
18,6,12,1,46,0,0,0,335
309,6,303,3,33,0,0,0.00265957446808511,376
9,7,2,1,108,0,0,0,404
116,64,52,2,108,1,0,0,1177
7,3,4,1,46,0,0,0,219
10,4,6,1,46,0,0,0,245
9,5,4,1,27,0,0,0,337
11,4,7,2,46,0,0,0,153
105,26,79,3,44,0,0,0,883
14,4,10,1,46,0,0,0,124
101,48,53,4,106,0,0,0,1718
8,4,4,1,133,0,0,0,4144
39,13,26,2,44,0,0,0,513
16,5,11,1,46,0,0,0,144
48,12,36,2,46,0,0,0,479
57,15,42,2,46,0,0,0,674
93,33,60,2,46,0,0,0,913
67,28,39,2,46,0,0,0,750
7,3,4,1,46,0,0,0,393
86,36,50,4,43,0,0,0,1012
72,18,54,2,46,0,0,0,971
180,81,99,4,46,0,0,0,1575
15,6,9,2,46,0,0,0,203
19,9,10,2,46,0,0,0,813
31,11,20,3,46,0,0,0,263
26,8,18,2,46,0,0,0,363
17,6,11,2,46,0,0,0,210
7,3,4,1,46,0,0,0,219
6,3,3,1,22,0,0,0,480
136,30,106,2,46,0,0,0,747
14,4,10,2,46,0,0,0,1278
8,4,4,1,61,0,0,0,445
136,40,96,2,46,0,0,0,1804
52,31,21,4,19,0,0,0,157
7,3,4,1,46,0,0,0,211
10,5,5,1,168,0,0,0,674
25,9,16,2,46,0,0,0,438
34,24,10,3,12,0,0,0,345
7,3,4,1,46,0,0,0,220
17,5,12,1,46,0,0,0,525
58,18,40,2,44,0,0,0,1455
21,10,11,2,42,0,0,0,525
20,7,13,2,44,0,0,0,388
7,3,4,1,46,0,0,0,261
14,4,10,1,46,0,0,0,333
27,8,19,2,46,0,0,0,237
27,8,19,2,46,0,0,0,148
24,7,17,1,46,0,0,0,401
8,4,4,1,27,0,0,0,296
98,26,72,2,46,0,0,0,1358
17,6,11,2,46,0,0,0,165
34,10,24,1,46,0,0,0,399
32,11,21,2,46,0,0,0,533
11,3,8,1,45,0,0,0,190
6,3,3,1,42,0,0,0,574
12,6,6,1,42,0,0,0,718
12,6,6,1,106,0,0,0,922
4,2,2,1,99,0,0,0,198
6,3,3,1,42,0,0,0,1027
12,6,6,2,42,0,0,0,1438
39,18,21,4,11,0,0,0,1870
14,8,6,1,173,0,0,0,1903
49,15,34,3,46,0,0,0,735
16,8,8,2,106,0,0,0,906
14,7,7,1,99,0,0,0,416
45,12,33,2,46,0,0,0,409
7,3,4,1,46,0,0,0,249
7,3,4,1,46,0,0,0,224
17,8,9,2,46,0,0,0,246
16,6,10,2,46,0,0,0,162
12,4,8,1,46,0,0,0,92
8,4,4,1,106,0,0,0.00210084033613445,476
26,13,13,2,13,0,0,0,121
16,8,8,1,42,0,0,0,839
8,4,4,1,42,0,0,0,680
8,4,4,1,42,0,0,0,139
6,3,3,1,22,0,0,0,1821
3,2,1,1,22,0,0,0,99
7,2,5,1,163,0,0,0,255
7,2,5,1,163,0,0,0,235
24,16,8,5,33,0,0,0,390
14,7,7,2,101,0,0,0,305
480,283,197,4,6,1,0,0,809
30,29,1,1,10,1,0,0,229
19,6,13,2,46,0,0,0,423
7,2,5,1,163,0,0,0,264
7,2,5,1,163,0,0,0,218
7,2,5,1,163,0,0,0,279
7,2,5,1,163,0,0,0,275
7,2,5,1,163,0,0,0,337
7,2,5,1,163,0,0,0,290
7,2,5,1,163,0,0,0,418
7,2,5,1,163,0,0,0,358
25,13,12,3,72,0,0,0,267
22,9,13,2,72,0,0,0,256
7,2,5,1,163,0,0,0,313
43,20,23,3,10,1,0,0,309
22,11,11,2,10,1,0,0,106
8,4,4,1,155,0,0,0,51
55,48,7,3,22,0,0,0,669
67,53,14,8,10,1,0,0,383
32,22,10,8,10,1,0,0,147
8,5,3,2,10,0,0,0,268
7,2,5,1,163,0,0,0,351
17,7,10,2,72,0,0,0,358
16,7,9,2,27,0,0,0,299
7,2,5,1,163,0,0,0,226
7,2,5,1,163,0,0,0,273
117,64,53,6,1,1,0,0,628
7,5,2,2,110,0,0,0,156
47,10,37,3,72,0,0,0,331
7,2,5,1,163,0,0,0,301
11,6,5,1,163,0,0,0,401
7,2,5,1,163,0,0,0,262
7,2,5,1,163,0,0,0,236
8,4,4,1,72,0,0,0,127
13,5,8,2,88,0,0,0,261
70,49,21,4,11,0,0,0,499
188,57,131,8,11,0,0,0.000907441016333938,1102
114,66,48,4,46,0,0,0,925
90,22,68,2,46,0,0,0,529
14,13,1,1,100,0,0,0,294
28,8,20,1,46,0,0,0,269
28,8,20,1,46,0,0,0,253
55,13,42,1,46,0,0,0,318
23,7,16,1,46,0,0,0,368
39,11,28,1,46,0,0,0,273
7,3,4,1,46,0,0,0,636
180,33,147,3,44,0,0,0,828
5,3,2,1,37,0,0,0,191
19,6,13,1,46,0,0,0,193
18,5,13,1,46,0,0,0,341
40,13,27,4,44,0,0,0,419
69,25,44,3,13,0,0,0,181
17,6,11,2,46,0,0,0,171
17,6,11,2,46,0,0,0,261
63,19,44,3,42,0,0,0,388
21,7,14,2,46,0,0,0,116
52,19,33,4,42,0,0,0,335
50,27,23,5,11,0,0,0,493
14,6,8,2,46,0,0,0,216
7,3,4,1,46,0,0,0,293
16,8,8,2,42,0,0,0,452
8,3,5,1,46,0,0,0,568
6,3,3,1,117,0,0,0,865
22,16,6,3,92,0,0,0,1127
269,195,74,7,69,1,0,0,1037
59,44,15,1,151,0,0,0,315
6,3,3,1,116,0,0,0,1825
16,12,4,2,33,2,0,0,204
19,11,8,2,42,0,0,0,392
34,32,2,1,85,0,0,0,408
3,2,1,1,85,0,0,0,59
34,21,13,2,43,0,0,0,1716
14,7,7,2,42,0,0,0,1786
46,24,22,4,27,1,0,0,2494
138,107,31,6,22,0,0,0,4317
12,6,6,1,42,0,0,0,4319
6,3,3,1,42,0,0,0,180
22,6,16,2,45,0,0,0,1901
99,26,73,4,44,0,0,0,688
85,18,67,3,44,0,0,0,546
18,9,9,3,11,0,0,0,3358
20,9,11,3,42,0,0,0,3297
18,10,8,3,3,0,0,0,119
9,9,0,2,31,1,0,0,495
6,3,3,1,42,0,0,0,213
6,3,3,1,42,0,0,0,145
6,3,3,1,42,0,0,0,200
6,3,3,1,42,0,0,0,146
5,3,2,1,176,0,0,0,963
288,283,5,2,31,1,0,0,2604
3,2,1,1,171,1,0,0,732
12,6,6,2,42,0,0,0,214
3,3,0,1,171,1,0,0,1251
6,3,3,1,42,0,0,0,136
6,3,3,1,42,0,0,0,129
6,3,3,1,42,0,0,0,130
108,65,43,6,3,0,0,0,405
0,0,0,1,122,0,0,0,1339
0,0,0,1,122,0,0,0,151
55,39,16,5,65,0,0,0,311
119,59,60,5,1,0,0,0,3072
7,3,4,1,46,0,0,0,221
31,17,14,3,42,0,0,0,387
568,300,268,28,1,0,0,0,2341
3,1,2,2,65,0,0,0,885
10,8,2,3,1,0,0,0,2037
2,2,0,2,4,0,0,0,967
7,4,3,1,139,0,0,0,295
6,3,3,1,101,0,0,0,1474
1083,572,511,11,6,3,0,0,4515
294,50,244,4,6,2,0,0.000430292598967298,2324
0,0,0,1,6,0,0,0,289
345,179,166,6,12,2,0,0,5615
4,1,3,1,15,0,0,0,4828
216,131,85,8,3,0,0,0,224
117,67,50,3,31,1,0,0,5952
10,5,5,1,31,1,0,0,1133
14,8,6,2,75,0,0,0,2428
17,6,11,2,45,0,0,0,401
16,8,8,2,11,0,0,0,507
144,69,75,9,12,2,0,0,530
17,6,11,2,46,0,0,0,402
28,13,15,3,110,0,0,0,2304
4,2,2,1,173,0,0,0,171
185,105,80,6,47,0,0,0,2970
185,125,60,6,128,0,0,0,4020
38,19,19,1,167,0,0,0,1015
3,2,1,1,128,0,0,0,219
53,32,21,5,11,0,0,0,2161
3,3,0,1,103,0,0,0,1049
7,3,4,1,46,0,0,0,1450
25,16,9,1,3,0,0,0,1224
50,14,36,3,86,1,0,0,7802
7,1,6,1,168,0,0,0,1707
46,35,11,3,42,0,0,0,2439
158,85,73,8,42,1,0,0,1955
7,3,4,1,46,0,0,0,734
6,3,3,1,4,0,0,0,306
104,56,48,4,27,0,0,0,3950
88,71,17,6,6,0,0,0,3121
19,18,1,1,162,0,0,0,2321
11,6,5,1,173,0,0,0,2875
6,3,3,1,164,0,0,0,1658
192,122,70,7,12,0,0,0,1711
216,81,135,8,11,0,0,0,2047
92,40,52,3,79,0,0,0,2206
791,632,159,12,22,6,0,0.0005329543435779,5629
21,18,3,3,22,1,0,0.00133689839572193,748
161,114,47,2,168,0,0,0,3290
3,2,1,1,168,0,0,0,193
6,3,3,1,134,0,0,0,1307
9,3,6,1,46,0,0,0,332
11,4,7,1,46,0,0,0,365
35,33,2,1,176,0,0,0,224
6,3,3,1,116,0,0,0,1947
5,2,3,1,168,0,0,0,824
3,1,2,1,177,0,0,0,284
4,2,2,1,42,0,0,0,418
11,5,6,3,42,0,0,0,2214
28,25,3,1,85,0,0,0,515
87,56,31,4,3,0,0,0,215
55,30,25,5,27,0,0,0,3226
25,12,13,3,27,0,0,0,973
143,115,28,2,99,0,0,0,1449
669,378,291,20,1,0,0,0,4276
110884,53311,57573,20,1,0,0,0,10253
105,30,75,3,45,0,0,0,1036
13,3,10,1,45,0,0,0,242
7,4,3,2,103,0,0,0,759
51,35,16,3,46,0,0,0,919
31,17,14,3,42,0,0,0,454
9,5,4,1,27,0,0,0,211
16,14,2,1,142,0,0,0,1363
6,3,3,1,116,0,0,0,792
6,3,3,1,116,0,0,0,619
10,4,6,1,46,0,0,0,315
0,0,0,1,8,0,0,0,299
14,7,7,1,134,0,0,0,307
7,5,2,1,75,0,0,0,390
13,11,2,1,48,0,0,0,565
203,58,145,4,44,0,0,0,1560
10,4,6,1,46,0,0,0,210
3,2,1,1,112,0,0,0,162
145,72,73,4,11,0,0,0,2827
18,12,6,2,12,0,0,0,245
47,11,36,2,44,0,0,0,306
9,7,2,1,129,0,0,0,1087
6,3,3,1,42,0,0,0,440
15,7,8,2,133,0,0,0,1714
29,12,17,3,120,0,0,0,454
0,0,0,1,136,0,0,0,38
0,0,0,1,136,0,0,0,50
26,8,18,1,52,0,0,0,702
49,31,18,2,52,0,0,0,658
15,12,3,1,136,0,0,0,81
125,94,31,2,23,1,0,0,694
15,5,10,1,46,0,0,0,204
7,3,4,1,46,0,0,0,424
13,5,8,1,46,0,0,0,224
13,5,8,1,46,0,0,0,257
119,54,65,5,14,0,0,0,1227
14,12,2,1,24,0,0,0,870
222,64,158,3,46,0,0,0,3199
21,7,14,1,46,0,0,0,269
24,8,16,1,46,0,0,0,336
37,13,24,3,46,0,0,0,547
117,43,74,2,46,0,0,0,1213
5,2,3,1,46,0,0,0,412
56,16,40,1,46,0,0,0,754
119,37,82,4,27,0,0,0,923
25,10,15,2,45,0,0,0,1456
7,3,4,1,46,0,0,0,353
31,10,21,1,46,0,0,0,369
32,26,6,3,24,1,0,0,437
58,18,40,2,46,0,0,0,738
36,20,16,3,76,0,0,0,536
12,7,5,1,173,0,0,0,951
9,5,4,1,134,0,0,0,749
4,3,1,1,24,0,0,0,129
15,8,7,2,42,0,0,0,383
123,76,47,7,18,1,0,0,667
22,11,11,3,11,0,0,0,674
28,15,13,2,134,0,0,0,955
28,13,15,3,11,0,0,0,614
34,20,14,2,42,0,0,0,883
19,10,9,2,108,0,0,0,679
125,40,85,5,11,0,0,0,3814
34,17,17,3,97,0,0,0,1148
26,13,13,3,11,0,0,0,723
44,22,22,2,106,0,0,0,1063
6,3,3,1,42,0,0,0,473
8,5,3,1,101,0,0,0,130
6,3,3,1,45,0,0,0,130
6,2,4,1,81,0,0,0,549
16,7,9,2,45,0,0,0,84
0,0,0,1,101,0,0,0.00467289719626168,214
0,0,0,1,101,0,0,0,48
6,3,3,1,37,0,0,0,848
14,7,7,1,45,0,0,0,1440
6,3,3,1,42,0,0,0,193
148,29,119,1,37,0,0,0,404
17,2,15,1,37,0,0,0,158
37,19,18,1,26,0,0,0,1104
29,20,9,3,45,0,0,0,902
43,17,26,2,46,0,0,0,977
13,6,7,2,42,0,0,0,164
16,8,8,1,45,0,0,0,912
6,3,3,1,45,0,0,0,100
183,121,62,10,26,1,0,0,3702
6,3,3,1,45,0,0,0,78
7,3,4,1,46,0,0,0,700
9,6,3,1,162,0,0,0,654
74,20,54,1,46,0,0,0,898
17,5,12,1,46,0,0,0,426
7,3,4,1,46,0,0,0,168
27,21,6,2,77,1,0,0,1906
6,3,3,1,133,0,0,0,116
47,13,34,1,46,0,0,0,656
6,3,3,1,45,0,0,0,719
81,21,60,2,46,0,0,0,1319
29,8,21,2,46,0,0,0,358
39,10,29,2,46,0,0,0,554
45,11,34,2,46,0,0,0,450
49,12,37,2,46,0,0,0,707
17,6,11,2,46,0,0,0,157
45,11,34,2,46,0,0,0,469
39,10,29,2,46,0,0,0,507
14,4,10,1,45,0,0,0,308
26,13,13,3,11,0,0,0,1986
23,8,15,1,46,0,0,0,199
74,21,53,2,46,0,0,0,658
12,6,6,2,13,0,0,0,1080
159,54,105,4,46,0,0,0,1663
24,8,16,2,46,0,0,0,223
43,20,23,3,46,0,0,0,196
17,6,11,2,46,0,0,0,195
78,50,28,1,134,0,0,0,632
6,3,3,1,116,0,0,0,2203
17,9,8,1,160,0,0,0,153
17,6,11,2,46,0,0,0,190
14,11,3,1,17,0,0,0,425
21,7,14,2,46,0,0,0,129
165,38,127,2,46,0,0,0,1782
19,13,6,2,46,0,0,0,1580
112,42,70,4,46,0,0,0,1236
37,11,26,2,46,0,0,0,372
30,9,21,2,46,0,0,0,302
117,30,87,3,46,0,0,0,1052
196,53,143,4,44,0,0,0,1117
61,19,42,4,11,0,0,0,661
24,8,16,2,42,0,0,0,154
837,546,291,3,6,0,0,0,1189
172,104,68,2,6,0,0,0,298
29,18,11,2,6,0,0,0,118
4,2,2,1,164,1,0,0,1129
8,4,4,1,22,0,0,0,335
124,77,47,9,22,1,0,0.000254841997961264,3924
147,50,97,4,46,0,0,0.000868055555555556,1152
8,4,4,1,22,0,0,0.00093984962406015,1064
5,3,2,1,22,0,0,0.000381242851696531,2623
4,2,2,1,28,0,0,0,319
60,27,33,4,19,0,0,0.000437828371278459,2284
4,1,3,1,19,0,0,0,103
14,7,7,2,106,0,0,0,589
8,4,4,1,106,0,0,0.00161030595813205,621
8,4,4,1,106,0,0,0.00193050193050193,518
38,22,16,3,106,0,0,0.000832292967124428,2403
6,3,3,1,108,0,0,0,216
0,0,0,1,8,0,0,0,240
0,0,0,1,8,0,0,0,583
0,0,0,1,8,0,0,0,1167
0,0,0,1,8,0,0,0,181
0,0,0,1,8,0,0,0,51
0,0,0,1,8,0,0,0,785
0,0,0,1,8,0,0,0,213
0,0,0,1,8,0,0,0,670
0,0,0,1,8,0,0,0,125
0,0,0,1,8,0,0,0,730
0,0,0,1,8,0,0,0,108
4,2,2,2,8,0,0,0,94
72,38,34,3,3,0,0,0,279
0,0,0,1,8,0,0,0,293
18,9,9,2,42,0,0,0,1401
28,14,14,1,106,0,0,0,769
41,14,27,4,11,0,0,0.00398406374501992,251
277,228,49,6,46,0,0,0,463
14,12,2,2,65,0,0,0,105
62,32,30,6,68,0,0,0,1495
16,10,6,3,68,0,0,0,89
362,308,54,6,46,0,0,0,578
14,12,2,2,65,0,0,0,57
41,12,29,3,44,0,0,0,430
20,6,14,1,46,0,0,0,225
76,24,52,4,42,0,0,0,516
5,3,2,1,138,0,0,0,206
6,3,3,1,138,0,0,0,111
6,3,3,1,108,0,0,0,1054
10,5,5,1,108,0,0,0,376
17,6,11,1,46,0,0,0,180
27,22,5,3,107,0,0,0,105
5,2,3,1,117,0,0,0,344
74,39,35,5,22,0,0,0,870
9,4,5,1,133,0,0,0,793
38,19,19,3,11,0,0,0,422
6,3,3,1,133,0,0,0,680
9,4,5,1,133,0,0,0,1286
6,3,3,1,42,0,0,0,549
9,4,5,1,133,0,0,0,851
7,3,4,1,123,0,0,0,772
12,6,6,2,11,0,0,0,847
253,224,29,4,47,0,0,0,724
31,21,10,2,49,0,0,0,50
46,24,22,3,42,0,0,0,4121
7,4,3,1,152,0,0,0,325
6,3,3,1,42,0,0,0,2217
10,6,4,1,173,0,0,0,1804
10,6,4,1,173,0,0,0,1336
39,22,17,3,11,0,0,0.00118623962040332,843
10,6,4,1,173,0,0,0,1341
10,6,4,1,173,0,0,0,1246
39,23,16,3,42,0,0,0,2295
6,3,3,1,42,0,0,0,1597
27,16,11,1,173,0,0,0,1074
27,17,10,1,173,0,0,0,2393
6,3,3,1,42,0,0,0,1594
36,21,15,3,42,0,0,0,2692
56,31,25,2,11,0,0,0,3596
70,68,2,1,85,0,0,0,855
3,1,2,2,116,0,0,0,520
5,2,3,1,51,0,0,0,3140
12,6,6,2,99,0,0,0,1144
16,8,8,2,99,0,0,0.000946969696969697,1056
5,3,2,1,8,0,0,0,643
20,11,9,3,40,1,0,0,2138
43,23,20,3,10,0,0,0,3885
9,5,4,1,22,0,0,0,710
17,8,9,2,51,0,0,0,878
87,55,32,2,85,0,0,0,593
8,4,4,1,75,0,0,0,996
250,140,110,2,43,1,0,0,1873
16,8,8,1,108,0,0,0.00179533213644524,557
12,6,6,1,108,0,0,0,1734
5,2,3,1,51,0,0,0,410
6,4,2,1,160,1,0,0,897
28,14,14,2,99,0,0,0,583
9,5,4,1,22,0,0,0,1065
8,4,4,1,78,0,0,0,401
11,7,4,2,5,0,0,0,159
34,28,6,6,5,0,0,0,2437
84,70,14,6,5,0,0,0,6878
13,11,2,1,138,1,0,0,1214
3,2,1,1,138,1,0,0,284
14,10,4,2,86,0,0,0,103
17,8,9,3,51,0,0,0,776
55,40,15,1,114,0,0,0,624
9,3,6,1,46,0,0,0,770
70,40,30,8,51,0,0,0,3065
5,2,3,1,51,0,0,0,109
24,18,6,1,136,1,0,0,307
23,15,8,3,46,1,0,0,2154
55,13,42,1,46,0,0,0,577
15,7,8,2,133,0,0,0,921
63,15,48,2,46,0,0,0,318
165,59,106,8,11,0,0,0,2632
138,47,91,7,11,0,0,0,2391
138,104,34,9,42,2,0,0,1978
27,20,7,2,80,0,0,0,536
61,46,15,4,97,1,0,0,2190
8,4,4,1,70,1,0,0,1057
6,3,3,1,70,1,0,0,153
255,165,90,7,70,0,0,0,467
56,36,20,3,103,0,0,0,112
19,11,8,2,104,0,0,0,1861
77,74,3,1,23,1,0,0,546
91,77,14,2,23,2,0,0,684
21,12,9,2,104,0,0,0,824
28,17,11,3,75,0,0,0,890
135,95,40,9,67,0,0,0,464
23,15,8,4,71,0,0,0,88
10,5,5,1,46,0,0,0,769
7,1,6,1,71,1,0,0,769
5,3,2,1,46,0,0,0,7376
36,29,7,2,133,0,0,0,2557
151,77,74,3,10,0,0,0.000474608448030375,2107
31,11,20,1,11,1,0,0,5538
8,4,4,1,176,0,0,0,1050
24,14,10,2,131,0,0,0,315
23,21,2,1,16,0,0,0,6490
16,7,9,2,131,0,0,0,916
8,4,4,1,108,0,0,0,1920
35,27,8,1,30,0,0,0,1292
14,10,4,1,30,0,0,0,1184
14,11,3,1,30,0,0,0,1213
4,3,1,1,30,0,0,0,164
2,1,1,1,31,0,0,0,677
7,3,4,1,30,0,0,0,180
18,12,6,1,30,0,0,0,166
10,9,1,1,30,0,0,0.000561167227833895,1782
10,6,4,2,139,0,0,0,887
0,0,0,1,139,0,0,0,899
0,0,0,1,139,0,0,0,49
0,0,0,1,139,0,0,0,55
5,1,4,2,139,0,0,0,217
0,0,0,1,139,0,0,0,84
0,0,0,1,139,0,0,0,133
22,11,11,4,138,0,0,0,253
0,0,0,1,139,0,0,0,99
16,10,6,4,119,0,0,0,419
0,0,0,1,139,0,0,0,271
6,3,3,2,139,0,0,0,1876
0,0,0,1,139,0,0,0,462
19,6,13,2,139,0,0,0,797
4,2,2,2,139,0,0,0,2861
0,0,0,1,139,0,0,0,91
0,0,0,1,139,0,0,0,278
0,0,0,1,139,0,0,0,383
0,0,0,1,139,0,0,0,191
0,0,0,1,139,0,0,0,134
0,0,0,1,139,0,0,0,156
0,0,0,1,139,0,0,0,642
34,17,17,2,139,0,0,0,85
0,0,0,1,139,0,0,0,134
0,0,0,1,139,0,0,0,266
21,11,10,4,113,0,0,0,1004
0,0,0,1,139,0,0,0,623
0,0,0,1,139,0,0,0,130
0,0,0,1,139,0,0,0,59
0,0,0,1,139,0,0,0,401
0,0,0,1,139,0,0,0,308
0,0,0,1,139,0,0,0,516
4,3,1,2,113,0,0,0,175
0,0,0,1,139,0,0,0,160
0,0,0,1,139,0,0,0,178
0,0,0,1,139,0,0,0,685
42,21,21,2,139,0,0,0,104
0,0,0,1,139,0,0,0,136
0,0,0,1,139,0,0,0,245
20,11,9,3,113,0,0,0,2140
0,0,0,1,139,0,0,0,662
0,0,0,1,139,0,0,0,134
0,0,0,1,139,0,0,0,94
0,0,0,1,139,0,0,0,853
6,3,3,2,113,0,0,0,767
9,5,4,3,113,0,0,0,745
6,3,3,2,113,0,0,0,759
6,3,3,2,113,0,0,0,722
8,4,4,3,113,0,0,0,711
0,0,0,1,139,0,0,0,881
0,0,0,1,139,0,0,0,603
0,0,0,1,139,0,0,0,1016
0,0,0,1,139,0,0,0,870
0,0,0,1,139,0,0,0,253
0,0,0,1,139,0,0,0,50
0,0,0,1,139,0,0,0,124
0,0,0,1,139,0,0,0,206
0,0,0,1,139,0,0,0,285
0,0,0,1,139,0,0,0,1074
112,56,56,2,139,0,0,0,199
0,0,0,1,139,0,0,0,175
0,0,0,1,139,0,0,0,286
6,3,3,2,113,0,0,0,2659
0,0,0,1,139,0,0,0,330
0,0,0,1,139,0,0,0,918
0,0,0,1,139,0,0,0,177
0,0,0,1,139,0,0,0,347
0,0,0,1,139,0,0,0,995
0,0,0,1,139,0,0,0,50
6,3,3,2,113,0,0,0,797
4,1,3,2,139,0,0,0,77
3,1,2,2,139,0,0,0,333
0,0,0,1,139,0,0,0,47
0,0,0,1,139,0,0,0,131
0,0,0,1,139,0,0,0,47
0,0,0,1,139,0,0,0,168
0,0,0,1,139,0,0,0,125
0,0,0,1,139,0,0,0,919
0,0,0,1,139,0,0,0,31
0,0,0,1,139,0,0,0,139
0,0,0,1,139,0,0,0,130
0,0,0,1,139,0,0,0,466
0,0,0,1,139,0,0,0,193
0,0,0,1,139,0,0,0,886
0,0,0,1,139,0,0,0,486
0,0,0,1,139,0,0,0,246
0,0,0,1,139,0,0,0,663
0,0,0,1,139,0,0,0,119
0,0,0,1,139,0,0,0,111
0,0,0,1,139,0,0,0,116
0,0,0,1,139,0,0,0,132
0,0,0,1,139,0,0,0,44
0,0,0,1,139,0,0,0,112
0,0,0,1,139,0,0,0,259
0,0,0,1,139,0,0,0,66
0,0,0,1,139,0,0,0,499
106,53,53,2,139,0,0,0,126
0,0,0,1,139,0,0,0,173
0,0,0,1,139,0,0,0,178
6,3,3,2,113,0,0,0,2895
0,0,0,1,139,0,0,0,698
0,0,0,1,139,0,0,0,397
0,0,0,1,139,0,0,0,250
0,0,0,1,139,0,0,0,506
0,0,0,1,139,0,0,0,307
61,6,55,2,36,0,0,0,440
0,0,0,1,139,0,0,0,151
0,0,0,1,139,0,0,0,91
7,3,4,1,46,0,0,0,252
26,13,13,1,46,0,0,0,182
59,19,40,3,46,0,0,0,239
96,33,63,4,4,0,0,0,831
101,38,63,4,46,0,0,0,914
30,14,16,3,4,0,0,0,927
27,11,16,2,133,0,0,0,971
40,23,17,3,4,1,0,0,607
137,122,15,3,149,1,0,0,940
24,6,18,1,46,0,0,0,274
12,6,6,1,46,0,0,0,118
7,3,4,1,46,0,0,0,323
30,12,18,2,45,0,0,0,271
54,27,27,1,46,0,0,0,147
26,8,18,1,46,0,0,0,358
84,27,57,4,4,0,0,0,704
53,19,34,3,46,0,0,0,585
18,11,7,2,34,0,0,0,434
37,19,18,2,4,0,0,0,722
19,7,12,2,133,0,0,0,1042
14,9,5,2,33,0,0,0.000358294518093873,2791
58,13,45,2,45,0,0,0,825
58,22,36,3,45,0,0,0,725
101,24,77,2,46,0,0,0,1079
63,23,40,3,46,0,0,0,1163
148,60,88,7,4,0,0,0,1079
119,45,74,6,46,0,0,0,1968
6,3,3,1,42,0,0,0,120
24,10,14,2,45,0,0,0,160
119,44,75,5,42,0,0,0.000479846449136276,2084
41,18,23,5,42,0,0,0.00109649122807018,912
60,10,50,2,0,0,0,0,872
11,9,2,1,45,0,0,0,170
15,9,6,2,36,0,0,0,417
74,58,16,3,39,0,0,0,438
43,18,25,2,7,0,1,0,935
8,4,4,1,42,0,0,0,1122
4,2,2,1,107,0,0,0,597
5,3,2,1,164,0,0,0,217
8,4,4,1,42,0,0,0,856
26,9,17,2,154,0,0,0.000756715853197125,2643
17,6,11,2,42,0,0,0,447
7,3,4,1,46,0,0,0,373
18,9,9,3,11,0,0,0,1603
19,6,13,2,133,0,0,0,468
64,22,42,1,46,0,0,0,1361
10,6,4,1,3,0,0,0,730
47,33,14,3,4,0,0,0,456
24,10,14,2,154,0,0,0,788
67,26,41,4,7,1,1,0,1311
91,39,52,8,0,4,0,0.00068259385665529,1465
39,22,17,3,80,0,0,0,425
20,12,8,3,8,1,0,0,2740
18,7,11,2,42,0,0,0,513
47,40,7,2,80,0,0,0,723
5,2,3,1,134,0,0,0,145
43,16,27,4,78,0,0,0,457
282,151,131,9,80,0,0,0,1447
85,37,48,4,78,0,0,0,694
514,428,86,14,42,0,0,0,6620
6,5,1,1,80,0,0,0,216
47,25,22,4,4,0,0,0,973
180,79,101,10,7,0,1,0,2222
11,5,6,1,133,0,0,0,1191
14,7,7,2,25,1,0,0,575
14,7,7,3,11,0,0,0,970
2,1,1,1,145,1,0,0,580
42,21,21,1,46,0,0,0,114
7,3,4,1,46,0,0,0,64
200,67,133,5,17,0,0,0,1154
25,16,9,2,100,0,0,0,229
25,16,9,2,100,0,0,0,153
51,30,21,2,100,0,0,0,335
29,17,12,2,100,0,0,0,282
22,19,3,1,161,0,0,0.00198019801980198,505
21,19,2,1,161,0,0,0,193
48,46,2,1,161,0,0,0,259
0,0,0,1,161,0,0,0,0
57,49,8,2,161,0,0,0,261
995,653,342,2,133,0,0,0,916
945,60,885,1,161,0,0,0,95
64,61,3,1,161,0,0,0,97
52,47,5,1,161,0,0,0,375
15,9,6,1,31,1,0,0,423
235,123,112,18,10,1,0,0,952
130,87,43,11,31,2,0,0.00122925629993854,3254
594,274,320,8,106,0,0,0,1235
6,3,3,1,77,0,0,0,480
8,4,4,1,24,0,0,0,1090
6,3,3,1,116,0,0,0,305
33,25,8,1,131,0,0,0.00236406619385343,423
53,32,21,2,108,0,0,0,282
217,161,56,5,10,1,0,0,473
433,157,276,8,25,3,0,0.00284252416145537,1759
103,69,34,7,18,1,0,0,569
57,34,23,4,25,0,0,0.000639386189258312,1564
567,204,363,8,31,1,0,0.000658761528326746,1518
124,55,69,6,4,0,0,0,1011
13,6,7,2,36,0,0,0.00183150183150183,546
661,168,493,10,45,1,0,0,935
31,21,10,2,89,0,0,0.00523560209424084,191
111,67,44,1,108,0,0,0.000631711939355654,1583
0,0,0,1,168,0,0,0,0
6,2,4,1,168,0,0,0.00336700336700337,297
116,82,34,3,25,2,0,0.00114678899082569,1744
37,19,18,5,112,0,0,0,1016
538,412,126,18,75,2,0,0,1057
10,5,5,1,94,0,0,0,1027
68,10,58,3,108,0,0,0,983
7,5,2,1,171,0,0,0.00229885057471264,435
116,80,36,6,12,0,0,0,759
237,128,109,7,4,0,0,0.000735294117647059,1360
15,7,8,1,4,0,0,0,628
28,13,15,4,31,1,0,0.0009765625,1024
83,50,33,4,58,1,0,0.00110619469026549,904
126,106,20,2,5,1,0,0,863
213,122,91,8,31,3,0,0.00042247570764681,2367
10,5,5,1,39,0,0,0.001953125,512
72,53,19,3,23,0,0,0.001194743130227,837
5,3,2,2,62,0,0,0,78
249,223,26,7,75,0,0,0,433
191,156,35,7,27,2,0,0,1456
180,86,94,10,13,3,0,0.000816993464052288,1224
33,18,15,4,14,1,0,0.000736919675755343,2714
13,6,7,1,108,0,0,0.00101317122593718,987
175,78,97,5,31,1,0,0,1463
42,22,20,1,39,0,0,0,811
23,7,16,2,39,0,0,0,340
22,11,11,1,39,0,0,0.00396825396825397,504
12,6,6,2,38,0,0,0,142
60,37,23,1,162,0,0,0,335
15,10,5,2,9,2,0,0,1567
8,4,4,1,108,0,0,0,529
200,147,53,12,31,0,0,0,736
241,128,113,11,27,0,0,0,2701
30,15,15,3,100,0,0,0,336
203,132,71,4,86,0,0,0,964
39,22,17,2,25,0,0,0,490
206,180,26,4,91,0,0,0,735
34,12,22,2,31,0,0,0,172
0,0,0,1,162,0,0,0.00632911392405063,158
26,18,8,2,25,0,0,0,401
273,228,45,8,31,0,0,0,461
184,99,85,10,75,0,0,0,1226
27,14,13,2,173,0,0,0,846
6,3,3,1,45,0,0,0,71
21,16,5,3,169,0,0,0,209
14,7,7,1,135,0,0,0.0027027027027027,370
38,25,13,2,14,0,0,0.000331345261762757,3018
240,141,99,9,4,1,0,0,1506
146,2,144,2,117,0,0,0,0
27,11,16,3,42,0,0,0,459
764,427,337,15,42,0,1,0,1497
10,8,2,1,26,0,0,0.00325732899022801,307
6,3,3,1,55,0,0,0,259
180,134,46,4,66,1,0,0.00256849315068493,1168
37,22,15,5,32,0,0,0.00146842878120411,681
16,11,5,2,31,0,0,0.00117096018735363,854
14,8,6,1,1,1,0,0,177
97,68,29,4,18,1,0,0.00093984962406015,1064
294,157,137,9,18,1,0,0.00132802124833997,1506
60,27,33,3,84,1,0,0.00104275286757039,959
68,55,13,3,57,1,0,0,599
52,33,19,2,57,1,0,0,570
196,102,94,4,31,0,0,0.00237247924080664,843
185,99,86,6,31,1,0,0,770
47,32,15,3,21,0,0,0,267
230,119,111,8,106,0,0,0,554
88,27,61,2,13,0,0,0,283
25,17,8,3,91,0,0,0,1278
7,4,3,1,108,0,0,0,1201
23,14,9,3,54,0,0,0,1103
67,40,27,4,4,1,0,0,2821
5,2,3,1,97,0,0,0,145
5,2,3,1,97,0,0,0,387
109,41,68,4,51,0,0,0.000877963125548727,1139
48,22,26,2,51,0,0,0,508
66,27,39,2,160,0,0,0,366
88,50,38,5,1,0,0,0,589
52,30,22,4,24,1,0,0,1774
12,6,6,2,11,0,0,0,416
166,95,71,3,166,0,0,0,893
165,115,50,11,25,0,0,0.000426621160409556,2344
21,14,7,2,20,0,0,0,1450
28,18,10,2,25,0,0,0,1206
478,270,208,5,20,1,0,0.00114155251141553,1752
151,53,98,8,49,3,0,0,2080
23,11,12,4,70,0,0,0,993
0,0,0,1,162,0,0,0,150
20,9,11,2,82,0,0,0,471
14,7,7,1,102,0,0,0,607
15,8,7,2,45,0,0,0,138
67,58,9,2,102,0,0,0,521
22,12,10,3,77,0,0,0,1001
598,299,299,20,0,3,1,0.000311720698254364,3208
300,133,167,17,0,3,0,0,3636
5,3,2,1,164,0,0,0,586
76,55,21,5,18,0,0,0,926
833,364,469,22,24,1,0,0.000373412994772218,2678
11,5,6,2,163,0,0,0,2081
88,59,29,2,161,0,0,0,463
8,4,4,2,45,0,0,0,40
14,10,4,1,115,0,0,0,96
18,14,4,2,113,0,0,0,69
38,37,1,1,112,0,0,0,180
7,6,1,1,112,0,0,0,40
7,6,1,1,112,0,0,0,48
7,6,1,1,112,0,0,0,48
8,7,1,1,112,0,0,0,99
22,21,1,1,112,0,0,0,119
7,6,1,1,112,0,0,0,21
8,7,1,1,112,0,0,0,80
7,6,1,1,112,0,0,0,40
9,7,2,1,112,0,0,0,102
9,7,2,1,112,0,0,0,115
42,29,13,2,114,0,0,0,104
42,29,13,2,114,0,0,0,104
23,8,15,4,34,1,0,0,116
0,0,0,1,35,1,0,0,441
5,2,3,1,46,0,0,0,41
5,2,3,1,46,0,0,0,41
9,4,5,2,46,0,0,0,79
164,81,83,8,35,1,0,0,341
5,2,3,1,46,0,0,0,41
5,2,3,1,46,0,0,0,41
5,2,3,1,46,0,0,0,41
5,2,3,1,46,0,0,0,41
5,2,3,1,46,0,0,0,130
7,2,5,1,46,0,0,0,45
5,2,3,1,46,0,0,0,41
5,2,3,1,46,0,0,0,41
12,6,6,2,102,0,0,0,323
18,9,9,2,102,0,0,0,434
4,2,2,1,102,0,0,0,138
10,5,5,1,102,0,0,0,444
3,2,1,1,161,0,0,0,395
45,37,8,2,35,0,0,0,493
4,2,2,1,102,0,0,0,285
10,5,5,1,102,0,0,0,10
7,4,3,2,156,0,0,0,788
4,2,2,1,107,0,0,0,124
19,12,7,3,58,0,0,0,932
4,3,1,1,161,0,0,0,17
4,3,1,1,161,0,0,0,17
4,3,1,1,161,0,0,0,27
31,25,6,2,102,0,0,0,77
5,4,1,1,161,0,0,0,22
5,4,1,1,161,0,0,0,25
27,14,13,4,18,0,0,0,141
47,25,22,3,101,0,0,0,114
8,4,4,2,102,0,0,0,322
32,16,16,2,102,0,0,0,62
15,8,7,2,102,0,0,0,657
12,6,6,2,102,0,0,0,240
10,5,5,2,102,0,0,0,441
14,7,7,1,102,0,0,0,69
21,14,7,5,41,0,0,0,294
25,13,12,3,102,0,0,0,449
4,2,2,1,107,0,0,0,270
10,9,1,1,161,0,0,0,882
20,10,10,1,102,0,0,0,550
4,2,2,1,42,0,0,0,58
0,0,0,1,168,0,0,0,0
0,0,0,1,168,0,0,0,0
0,0,0,1,168,0,0,0,0
0,0,0,1,168,0,0,0,0
0,0,0,1,168,0,0,0,0
0,0,0,1,168,0,0,0,0
0,0,0,1,168,0,0,0,0
0,0,0,1,168,0,0,0,0
0,0,0,1,168,0,0,0,0
0,0,0,1,168,0,0,0,0
0,0,0,1,168,0,0,0,0
0,0,0,1,168,0,0,0,0
0,0,0,1,168,0,0,0,0
0,0,0,1,168,0,0,0,0
0,0,0,1,168,0,0,0,0
0,0,0,1,168,0,0,0,0
0,0,0,1,168,0,0,0,0
0,0,0,1,168,0,0,0,0
0,0,0,1,168,0,0,0,0
0,0,0,1,168,0,0,0,0
0,0,0,1,168,0,0,0,0
0,0,0,1,168,0,0,0,0
0,0,0,1,168,0,0,0,0
0,0,0,1,168,0,0,0,0
0,0,0,1,168,0,0,0,0
0,0,0,1,168,0,0,0,0
0,0,0,1,168,0,0,0,0
0,0,0,1,168,0,0,0,0
0,0,0,1,168,0,0,0,0
0,0,0,1,168,0,0,0,0
0,0,0,1,168,0,0,0,0
0,0,0,1,168,0,0,0,0
0,0,0,1,168,0,0,0,0
0,0,0,1,168,0,0,0,0
0,0,0,1,168,0,0,0,0
0,0,0,1,168,0,0,0,0
0,0,0,1,168,0,0,0,0
0,0,0,1,168,0,0,0,0
0,0,0,1,168,0,0,0,0
0,0,0,1,168,0,0,0,0
0,0,0,1,168,0,0,0,0
0,0,0,1,168,0,0,0,0
0,0,0,1,168,0,0,0,0
0,0,0,1,168,0,0,0,0
0,0,0,1,168,0,0,0,0
0,0,0,1,168,0,0,0,0
0,0,0,1,168,0,0,0,0
0,0,0,1,168,0,0,0,0
0,0,0,1,168,0,0,0,0
0,0,0,1,168,0,0,0,0
0,0,0,1,168,0,0,0,0
0,0,0,1,168,0,0,0,0
0,0,0,1,168,0,0,0,0
0,0,0,1,168,0,0,0,0
0,0,0,1,168,0,0,0,0
0,0,0,1,168,0,0,0,0
0,0,0,1,168,0,0,0,0
0,0,0,1,168,0,0,0,0
0,0,0,1,168,0,0,0,0
0,0,0,1,168,0,0,0,0
0,0,0,1,168,0,0,0,0
0,0,0,1,168,0,0,0,0
0,0,0,1,168,0,0,0,0
0,0,0,1,168,0,0,0,0
0,0,0,1,168,0,0,0,0
0,0,0,1,168,0,0,0,0
0,0,0,1,168,0,0,0,0
0,0,0,1,168,0,0,0,0
0,0,0,1,168,0,0,0,0
0,0,0,1,168,0,0,0,0
0,0,0,1,168,0,0,0,0
0,0,0,1,168,0,0,0,0
0,0,0,1,168,0,0,0,0
0,0,0,1,168,0,0,0,0
0,0,0,1,168,0,0,0,0
0,0,0,1,168,0,0,0,0
0,0,0,1,168,0,0,0,0
0,0,0,1,168,0,0,0,0
0,0,0,1,168,0,0,0,0
0,0,0,1,168,0,0,0,0
0,0,0,1,168,0,0,0,0
0,0,0,1,168,0,0,0,0
0,0,0,1,168,0,0,0,0
29,10,19,1,46,0,0,0,317
18,7,11,2,46,0,0,0.00651465798045603,307
79,28,51,3,45,0,0,0.00094876660341556,1054
15,13,2,2,4,0,0,0,43
63,25,38,6,11,1,0,0.0005720823798627,1748
177,171,6,3,4,0,0,0,667
31,10,21,2,45,0,0,0,402
56,29,27,2,46,1,0,0,323
80,30,50,3,46,0,0,0,974
11,10,1,1,108,0,0,0,208
58,23,35,4,45,0,0,0,399
28,12,16,3,45,0,0,0,312
95,45,50,2,46,0,0,0,1534
16,6,10,2,46,1,0,0,327
6,3,3,1,145,1,0,0,311
23,10,13,3,45,0,0,0,340
58,22,36,3,46,0,0,0.00142450142450142,702
10,3,7,1,46,0,0,0.00241545893719807,414
45,22,23,3,108,0,0,0.00166112956810631,602
9,5,4,1,108,0,0,0,230
18,10,8,1,108,0,0,0.00531914893617021,188
69,23,46,3,45,0,0,0,708
18,8,10,2,45,0,0,0,346
10,4,6,1,133,0,0,0.000613496932515337,1630
115,75,40,5,4,1,0,0.000909918107370337,1099
3,1,2,1,121,0,0,0,158
121,81,40,6,45,2,0,0,391
73,55,18,2,46,1,0,0,237
28,10,18,3,45,0,0,0,190
16,6,10,2,46,1,0,0,349
52,28,24,4,46,0,0,0,599
9,7,2,1,105,0,0,0,86
24,15,9,2,164,0,0,0,65
4,2,2,1,134,0,0,0,108
6,3,3,1,134,0,0,0,193
52,33,19,1,173,0,0,0,954
6,3,3,1,45,0,0,0,69
120,86,34,5,18,1,0,0,1922
33,22,11,2,106,0,0,0,283
9,6,3,2,18,1,0,0,142
30,11,19,1,101,0,0,0,1118
65,43,22,2,151,0,0,0,1112
90,38,52,3,76,1,0,0,1956
60,16,44,2,108,0,0,0,909
6,3,3,1,173,0,0,0,655
28,14,14,4,11,0,0,0,374
303,177,126,6,25,1,0,0,2265
12,7,5,3,25,1,0,0,323
70,37,33,4,42,0,0,0,879
30,20,10,3,42,0,0,0,331
35,20,15,5,42,0,0,0,706
4,2,2,1,168,0,0,0,68
85,51,34,2,1,0,0,0,1546
16,4,12,1,173,0,0,0,304
9,5,4,1,173,0,0,0,809
28,12,16,1,173,0,0,0,937
4,2,2,1,168,0,0,0,84
57,31,26,2,1,0,0,0,1551
18,9,9,3,11,0,0,0,347
29,5,24,1,173,0,0,0,754
8,4,4,1,173,0,0,0,466
386,256,130,6,14,1,0,0,1908
12,8,4,2,151,0,0,0,181
56,54,2,1,69,1,0,0,1565
17,9,8,2,133,0,0,0,1061
72,37,35,4,11,1,0,0,5550
24,10,14,3,42,0,0,0,475
41,22,19,5,11,0,0,0,729
36,18,18,5,11,0,0,0,2000
184,126,58,10,18,1,0,0,1412
46,23,23,3,11,0,0,0,676
24,11,13,3,160,0,0,0,1128
39,18,21,3,28,0,0,0,928
9,6,3,1,173,0,0,0,397
6,3,3,1,168,0,0,0,122
11,8,3,2,151,0,0,0,277
145,82,63,3,133,0,0,0,686
16,8,8,1,14,0,0,0,1310
26,9,17,3,45,0,0,0,1077
16,8,8,1,83,0,0,0,156
156,124,32,4,27,0,0,0,1378
63,56,7,3,27,0,0,0,493
353,163,190,10,27,0,0,0.00078125,1280
39,18,21,4,11,0,0,0,616
575,238,337,3,42,0,0,0,5857
112,57,55,2,35,1,0,0,1204
4,4,0,1,109,0,0,0,214
51,49,2,1,109,0,0,0,1115
4,2,2,1,174,0,0,0,694
14,7,7,1,133,0,0,0,329
4,2,2,1,116,0,0,0,232
6,3,3,1,133,0,0,0,640
7,3,4,1,133,0,0,0,994
6,3,3,1,133,0,0,0,484
16,8,8,1,133,0,0,0,2944
75,15,60,5,11,0,0,0,2910
6,3,3,1,168,0,0,0,782
26,13,13,2,116,0,0,0,2484
6,3,3,1,168,0,0,0,391
5,4,1,1,139,0,0,0,437
158,74,84,6,11,0,0,0.0015527950310559,644
97,35,62,6,11,0,0,0,842
69,31,38,6,11,0,0,0,385
83,34,49,6,13,0,0,0,607
66,29,37,3,160,0,0,0,90
108,53,55,4,159,0,0,0,424
32,23,9,2,108,0,0,0,1652
20,10,10,2,11,0,0,0,284
3,1,2,1,70,0,0,0,81
112,50,62,7,11,2,0,0,1197
34,17,17,1,173,0,0,0,407
280,170,110,4,6,1,0,0,1032
17,10,7,3,60,0,0,0,530
147,73,74,8,11,0,0,0.000434216239687364,2303
4,2,2,1,168,0,0,0,59
95,34,61,5,11,0,0,0,882
21,19,2,1,155,0,0,0,90
21,14,7,2,45,0,0,0,510
75,47,28,6,11,0,0,0,2459
25,12,13,2,42,0,0,0,3499
6,3,3,1,42,0,0,0.0005175983436853,1932
3,2,1,1,87,0,0,0,247
16,12,4,1,100,0,0,0,726
26,13,13,3,11,0,0,0,219
65,37,28,4,42,0,0,0,4498
6,3,3,1,42,0,0,0,1718
27,15,12,3,42,0,0,0,2366
32,26,6,2,170,1,0,0,650
79,34,45,5,12,0,0,0,2042
3,2,1,1,90,0,0,0,924
45,28,17,4,11,0,0,0,1576
26,13,13,1,46,0,0,0,109
35,17,18,3,11,0,0,0,186
14,7,7,1,46,0,0,0,43
272,136,136,4,11,0,0,0,1545
8,4,4,1,42,0,0,0,1015
18,9,9,2,42,0,0,0,585
50,25,25,1,46,0,0,0,120
40,20,20,4,11,0,0,0,459
18,9,9,1,46,0,0,0,45
156,78,78,5,11,0,0,0,1084
14,7,7,2,42,0,0,0,1005
26,13,13,4,11,0,0,0,735
16,8,8,1,46,0,0,0,44
8,4,4,1,42,0,0,0,742
28,14,14,2,42,0,0,0,2924
193,109,84,9,11,0,0,0,2302
47,23,24,2,46,0,0,0,468
24,12,12,1,173,0,0,0,988
377,217,160,7,7,0,0,0,1171
4,3,1,1,9,0,0,0,185
11,6,5,2,37,0,0,0,503
20,9,11,3,42,0,0,0,1136
36,22,14,4,104,0,0,0,711
15,11,4,1,37,0,0,0,532
6,3,3,1,42,0,0,0,687
52,34,18,4,11,0,0,0.000505050505050505,1980
26,13,13,1,42,0,0,0,1963
8,4,4,2,42,0,0,0,277
23,12,11,2,11,0,0,0,3321
3,2,1,1,37,0,0,0,395
6,3,3,1,42,0,0,0,338
6,3,3,1,42,0,0,0,364
184,92,92,7,11,0,0,0,3837
114,57,57,2,46,0,0,0,457
21,9,12,3,11,0,0,0,901
33,31,2,1,173,0,0,0.0004149377593361,2410
4,2,2,1,104,0,0,0,443
34,17,17,4,11,0,0,0,1427
22,10,12,2,42,0,0,0,2085
26,13,13,3,45,0,0,0,917
6,3,3,1,45,0,0,0,460
8,4,4,1,42,0,0,0,479
60,30,30,4,11,0,0,0,2285
4,2,2,1,168,0,0,0,373
24,12,12,3,11,0,0,0,809
45,22,23,5,42,0,0,0,8272
16,8,8,2,42,0,0,0,755
44,22,22,5,11,0,0,0,1324
30,15,15,4,40,0,0,0,1051
6,3,3,1,42,0,0,0,656
6,3,3,1,42,0,0,0,178
12,6,6,2,11,0,0,0,164
18,9,9,2,42,0,0,0,373
26,13,13,2,42,0,0,0,1119
55,21,34,4,42,0,0,0,1216
6,3,3,1,42,0,0,0,772
6,3,3,1,46,0,0,0,367
152,76,76,1,46,0,0,0,1602
28,14,14,2,42,0,0,0,1208
28,14,14,2,42,0,0,0,2019
20,10,10,2,42,0,0,0,432
4,2,2,1,42,0,0,0,549
6,3,3,1,42,0,0,0,267
16,8,8,1,46,0,0,0,394
43,19,24,5,11,0,0,0,934
6,3,3,1,42,0,0,0,587
12,6,6,2,11,0,0,0,573
18,9,9,3,11,0,0,0,613
7,3,4,1,133,0,0,0,372
14,7,7,2,42,0,0,0,676
6,3,3,1,133,0,0,0,187
49,22,27,6,11,0,0,0,428
48,24,24,4,11,0,0,0,1210
30,15,15,4,11,0,0,0,245
10,5,5,1,173,0,0,0,627
49,25,24,6,11,0,0,0.00101214574898785,988
6,3,3,1,42,0,0,0,255
60,35,25,5,11,0,0,0,667
31,20,11,2,13,0,0,0,792
8,3,5,1,46,0,0,0,1005
28,14,14,3,11,0,0,0,1078
20,10,10,3,11,0,0,0,708
44,22,22,4,11,0,0,0,1737
16,8,8,2,42,0,0,0,721
12,6,6,2,11,0,0,0,119
43,22,21,4,11,0,0,0,806
8,4,4,2,42,0,0,0,348
48,24,24,5,11,0,0,0,994
7,3,4,1,131,0,0,0,1015
20,10,10,3,11,0,0,0,819
32,16,16,2,11,0,0,0,164
12,6,6,2,42,0,0,0,821
36,14,22,2,42,0,0,0,375
20,9,11,2,42,0,0,0,442
38,14,24,3,42,0,0,0,428
13,6,7,2,42,0,0,0,140
49,18,31,4,42,0,0,0,440
8,3,5,1,46,0,0,0,245
71,26,45,5,11,0,0,0,473
8,3,5,1,46,0,0,0,456
871,338,533,11,11,0,0,0,8333
58,29,29,1,46,0,0,0,97
109,41,68,2,46,0,0,0,838
24,12,12,1,46,0,0,0,88
38,15,23,2,42,0,0,0,251
26,13,13,1,46,0,0,0,180
41,15,26,4,42,0,0,0.00210084033613445,476
14,7,7,1,46,0,0,0,88
39,19,20,6,11,0,0,0,469
22,11,11,1,46,0,0,0,157
26,13,13,4,42,0,0,0,199
2,1,1,1,42,0,0,0,115
10,5,5,1,42,0,0,0,977
4,2,2,1,42,0,0,0,475
17,8,9,2,42,0,0,0,152
6,3,3,1,42,0,0,0,510
6,3,3,1,42,0,0,0,735
8,4,4,1,42,0,0,0,786
6,3,3,1,42,0,0,0.00109409190371991,914
12,6,6,2,11,0,0,0,372
34,18,16,4,31,0,0,0,698
8,4,4,1,42,0,0,0,357
26,13,13,3,11,0,0,0,609
18,9,9,1,46,0,0,0,42
59,24,35,4,45,0,0,0,524
26,14,12,3,46,0,0,0,1350
24,12,12,2,56,0,0,0,724
6,4,2,1,161,0,0,0.00115740740740741,864
12,5,7,1,161,0,0,0,474
7,4,3,1,161,0,0,0,187
92,39,53,6,133,0,0,0,829
28,7,21,3,46,0,0,0,444
54,37,17,1,161,0,0,0,366
102,55,47,4,45,0,0,0,382
319,152,167,6,19,1,0,0,3469
638,95,543,7,46,2,0,0,2201
54,26,28,3,45,0,0,0,400
16,7,9,3,46,0,0,0,541
16,3,13,2,46,0,0,0,510
700,83,617,7,45,0,0,0,2470
565,58,507,7,19,1,0,0.0011001100110011,909
29,16,13,4,46,0,0,0,308
139,66,73,7,45,0,0,0,1138
219,67,152,6,46,0,0,0.000839395635142697,3574
8,5,3,1,19,1,0,0,564
18,9,9,1,46,0,0,0,204
111,56,55,3,46,0,0,0,294
14,4,10,1,46,0,0,0,181
125,80,45,5,11,1,0,0,1324
545,405,140,5,18,2,0,0,2034
48,26,22,2,35,1,0,0,645
156,74,82,5,11,1,0,0,1056
3,2,1,1,35,1,0,0,66
84,49,35,4,35,1,0,0,660
277,268,9,2,35,1,0,0,465
3,2,1,1,35,1,0,0,58
5,2,3,2,34,1,0,0,269
0,0,0,1,35,1,0,0,182
9,7,2,1,35,1,0,0,197
3,2,1,1,35,1,0,0,94
0,0,0,1,118,0,0,0,0
0,0,0,1,118,0,0,0,0
4,3,1,2,121,0,0,0,0
6,3,3,1,111,0,0,0,187
2,1,1,1,42,0,0,0,16
0,0,0,1,136,0,0,0,0
35,28,7,5,113,0,0,0,84
0,0,0,1,142,0,0,0,0
44,29,15,5,82,0,0,0,71
0,0,0,1,137,0,0,0,0
7,1,6,2,138,0,0,0,0
0,0,0,1,137,0,0,0,0
0,0,0,1,142,0,0,0,0
10,7,3,3,163,0,0,0,40
87,60,27,13,0,1,0,0,179
28,14,14,3,77,0,0,0,43
205,142,63,13,31,0,0,0,125
20,10,10,2,163,0,0,0,54
157,90,67,23,2,0,0,0,181
2,1,1,2,163,0,0,0,565
6,3,3,2,42,0,0,0,44
0,0,0,2,118,0,0,0,0
22,17,5,3,42,0,0,0,66
7,3,4,2,82,0,0,0,51
0,0,0,2,118,0,0,0,0
0,0,0,1,107,0,0,0,87
766,439,327,35,0,0,0,0,753
0,0,0,1,161,0,0,0,0
7,4,3,3,161,0,0,0,0
250,181,69,8,3,0,0,0,278
8,4,4,2,118,0,0,0,49
110,69,41,7,81,0,0,0,373
37,9,28,3,42,0,0,0,124
98,62,36,8,31,0,0,0,111
3,2,1,2,107,0,0,0,9
2,1,1,1,118,0,0,0,1
0,0,0,1,117,0,0,0,3
0,0,0,1,118,0,0,0,3
0,0,0,1,117,0,0,0,3
0,0,0,1,96,0,0,0,1
0,0,0,1,96,0,0,0,1
0,0,0,1,96,0,0,0,1
0,0,0,1,66,1,0,0,0
0,0,0,1,115,0,0,0,2
17,10,7,3,42,0,0,0,87
204,176,28,10,96,0,0,0,217
30,25,5,3,5,0,0,0,219
890,261,629,32,0,0,0,0,477
0,0,0,1,163,0,0,0,0
101,47,54,15,0,0,0,0,80
4386,3632,754,14,32,0,0,0,3518
0,0,0,1,163,0,0,0,0
2,1,1,3,161,0,0,0,0
5,4,1,1,132,0,0,0,116
11,5,6,3,161,0,0,0,0
0,0,0,1,0,0,0,0,0
0,0,0,1,161,0,0,0,0
0,0,0,1,161,0,0,0,0
481,135,346,14,1,0,0,0.0017921146953405,558
43,23,20,4,96,0,0,0,87
15,9,6,2,42,0,0,0,79
4,3,1,1,118,0,0,0,3
0,0,0,1,118,0,0,0,0
0,0,0,1,118,0,0,0,0
29,12,17,4,42,0,0,0,51
448,301,147,19,3,0,0,0,496
0,0,0,1,163,0,0,0,0
18,10,8,1,112,0,0,0,63
55,51,4,3,93,0,0,0,110
408,255,153,15,2,0,0,0.00201612903225806,496
64,19,45,6,0,0,0,0,288
5,4,1,2,132,0,0,0,121
203,115,88,13,11,1,0,0.00207900207900208,481
141,87,54,17,0,1,0,0,583
8,7,1,2,106,0,0,0,40
782,589,193,21,2,1,0,0,678
501,347,154,14,0,0,0,0,270
0,0,0,1,161,0,0,0,2082
29,15,14,5,106,0,0,0,0
81,15,66,7,41,1,0,0,65
122,113,9,5,42,1,0,0,217
0,0,0,1,0,0,0,0,0
0,0,0,1,0,0,0,0,0
0,0,0,1,118,0,0,0,0
0,0,0,1,118,0,0,0,0
0,0,0,1,85,0,0,0,0
0,0,0,1,118,0,0,0,0
0,0,0,1,118,0,0,0,0
0,0,0,1,118,0,0,0,0
0,0,0,1,118,0,0,0,0
0,0,0,1,85,0,0,0,3
0,0,0,1,118,0,0,0,0
0,0,0,1,118,0,0,0,0
0,0,0,1,118,0,0,0,0
0,0,0,1,118,0,0,0,0
59,35,24,6,23,0,0,0,384
303,204,99,11,42,0,0,0,470
166,84,82,4,33,0,0,0.00395256916996047,253
143,91,52,7,33,0,0,0,220
95,57,38,3,14,0,0,0,1055
31,13,18,2,108,0,0,0,521
6,3,3,1,42,0,0,0,55
6,3,3,1,42,0,0,0,93
21,10,11,3,42,0,0,0,106
4,2,2,1,108,0,0,0,80
9,4,5,2,108,0,0,0,123
4,2,2,1,28,0,0,0,1433
12,3,9,1,66,1,0,0,329
19,5,14,1,106,0,0,0,105
3,2,1,1,100,0,0,0,134
36,27,9,5,7,0,0,0,418
106,53,53,2,90,0,0,0,425
10,5,5,1,108,0,0,0,76
12,2,10,1,131,0,0,0,64
29,17,12,3,86,0,0,0,255
38,24,14,6,10,1,0,0,103
24,13,11,2,10,1,0,0,64
58,43,15,5,27,0,0,0,554
3,2,1,1,25,0,0,0,522
3,2,1,1,120,0,0,0,464
4,3,1,1,168,0,0,0,161
6,1,5,1,39,0,0,0,137
17,12,5,1,108,0,0,0,261
17,5,12,2,161,0,0,0,282
14,7,7,1,46,0,0,0,118
4,2,2,1,168,0,0,0,947
4,2,2,1,168,0,0,0,258
3,2,1,1,49,1,0,0,288
44,41,3,2,25,1,0,0,172
5,4,1,1,162,0,0,0.00431034482758621,232
7,2,5,1,173,0,0,0,80
7,6,1,1,137,0,0,0,99
9,5,4,2,75,0,0,0,118
5,3,2,1,25,0,0,0,108
16,15,1,1,100,0,0,0,176
14,9,5,2,14,0,0,0,358
4,2,2,1,108,0,0,0,69
5,3,2,1,108,0,0,0,102
26,4,22,1,118,0,0,0,66
27,14,13,2,166,0,0,0,59
30,16,14,6,53,0,0,0,117
5,3,2,1,90,0,0,0,56
41,28,13,1,108,0,0,0,451
0,0,0,1,168,0,0,0,0
4,2,2,1,53,0,0,0,99
5,4,1,1,161,0,0,0,50
22,11,11,3,84,1,0,0.004149377593361,482
68,34,34,5,112,0,0,0,121
4,2,2,1,162,0,0,0,192
34,20,14,4,155,0,0,0,172
40,26,14,8,0,0,0,0,457
17,12,5,3,18,1,0,0.0087719298245614,114
18,15,3,2,100,0,0,0,220
62,34,28,4,77,0,0,0,280
88,50,38,13,12,1,0,0,444
0,0,0,1,169,0,0,0,49
17,9,8,3,18,1,0,0,146
10,7,3,3,27,0,0,0,112
13,8,5,2,31,0,0,0,100
63,25,38,6,4,0,0,0,571
8,4,4,3,155,0,0,0,188
46,43,3,3,9,0,0,0,739
16,8,8,2,31,1,0,0,143
18,9,9,2,108,0,0,0,122
7,6,1,1,10,0,0,0,117
21,14,7,5,4,0,0,0,282
18,10,8,2,31,0,0,0,76
14,11,3,2,100,0,0,0,233
22,17,5,3,100,0,0,0,202
10,6,4,2,33,0,0,0,240
22,15,7,2,108,0,0,0,322
25,8,17,1,39,0,0,0.00526315789473684,190
29,18,11,4,1,0,0,0,617
20,11,9,3,25,0,0,0,553
13,8,5,1,108,0,0,0,132
6,3,3,1,53,0,0,0,60
30,5,25,1,108,0,0,0.00420168067226891,238
35,11,24,1,105,0,0,0,60
374,226,148,8,106,0,0,0,1292
4,2,2,1,168,0,0,0,147
755,527,228,8,106,0,0,0,3375
18,15,3,2,161,0,0,0,67
51,30,21,7,31,1,0,0,1324
30,19,11,7,31,1,0,0,509
37,21,16,2,33,0,0,0,296
4,2,2,1,108,0,0,0,92
10,5,5,2,31,0,0,0,185
49,33,16,4,24,1,0,0,259
28,7,21,4,97,1,0,0,304
52,27,25,6,53,1,0,0,357
5,1,4,1,49,1,0,0,110
4,1,3,1,63,0,0,0,108
3,2,1,1,162,0,0,0,82
7,5,2,2,108,0,0,0,40
14,8,6,4,70,0,0,0,70
41,20,21,8,7,1,1,0.00149476831091181,669
8,4,4,2,163,0,0,0,564
8,5,3,1,108,0,0,0,186
170,30,140,8,19,0,0,0,271
0,0,0,1,156,0,0,0,150
25,14,11,2,108,0,0,0,650
12,7,5,2,15,0,0,0,126
17,11,6,3,58,1,0,0,185
12,6,6,2,59,1,0,0,563
22,11,11,3,133,0,0,0,1073
24,9,15,1,154,0,0,0,409
87,53,34,6,4,1,0,0.00235294117647059,1275
112,62,50,3,7,0,1,0,1641
856,275,581,10,4,2,0,0,2091
176,29,147,1,66,1,0,0,1043
8,4,4,1,101,0,0,0,271
44,9,35,5,66,1,0,0,206
65,14,51,4,66,1,0,0,719
170,85,85,13,11,5,0,0,2183
6,3,3,2,66,1,0,0,0
0,0,0,1,66,1,0,0,0
482,254,228,7,4,3,0,0.000923361034164358,2166
259,100,159,8,31,6,0,0,861
57,20,37,6,66,1,0,0,882
4,2,2,1,65,0,0,0,737
0,0,0,1,66,1,0,0,0
6,3,3,1,42,0,0,0,584
7,3,4,1,66,1,0,0,702
7,4,3,1,108,0,0,0,1224
37,19,18,5,25,1,0,0,2120
14,5,9,2,66,1,0,0,2431
20,10,10,3,106,1,0,0,466
14,7,7,1,106,0,0,0,327
13,6,7,2,66,1,0,0,285
18,9,9,3,42,1,0,0,1171
28,15,13,4,42,0,0,0,1308
16,1,15,1,66,1,0,0,179
52,30,22,2,66,2,0,0,339
128,24,104,2,66,1,0,0,1310
11,9,2,1,129,0,0,0,1038
13,6,7,2,66,1,0,0,547
253,75,178,6,7,1,1,0,2320
65,21,44,5,23,4,0,0,782
5,4,1,1,167,0,0,0,177
64,21,43,2,32,0,0,0.000630914826498423,1585
17,10,7,2,70,0,0,0.000628930817610063,1590
49,2,47,1,153,0,0,0,698
0,0,0,1,161,0,0,0,201
11,5,6,1,133,0,0,0,452
20,8,12,5,30,1,0,0.00135685210312076,737
6,3,3,1,130,0,0,0,1964
150,12,138,4,13,1,0,0.00123152709359606,812
39,21,18,2,137,0,0,0,794
6,3,3,1,149,0,0,0,62
0,0,0,1,31,0,0,0,209
0,0,0,1,31,0,0,0,47
6,3,3,1,147,0,0,0,1184
48,25,23,6,106,0,0,0,5281
45,14,31,2,31,1,0,0,1252
5,2,3,1,37,0,0,0,285
52,32,20,5,48,0,0,0,1858
8,2,6,1,103,0,0,0,417
19,7,12,3,30,1,0,0,521
90,46,44,4,137,1,0,0.000960614793467819,1041
30,15,15,3,50,0,0,0,478
29,17,12,5,6,0,0,0.00518134715025907,193
4,2,2,1,87,0,0,0,209
171,116,55,5,59,1,0,0.000535331905781585,1868
8,5,3,1,56,0,0,0,196
37,17,20,5,0,0,0,0,126
66,38,28,1,100,0,0,0,203
24,12,12,1,100,0,0,0,123
12,6,6,1,100,0,0,0,60
18,9,9,1,100,0,0,0,67
8,4,4,1,100,0,0,0,52
10,5,5,1,100,0,0,0,64
34,17,17,1,100,0,0,0,129
34,17,17,1,100,0,0,0,160
16,8,8,1,100,0,0,0,143
18,9,9,1,100,0,0,0,140
6,3,3,1,100,0,0,0,52
7,4,3,1,100,0,0,0,87
43,22,21,1,100,0,0,0,116
38,19,19,1,100,0,0,0,110
172,88,84,1,100,0,0,0,278
129,61,68,6,3,0,0,0,80
68,34,34,1,100,0,0,0,204
35,18,17,1,100,0,0,0,216
27,15,12,1,100,0,0,0,131
10,5,5,1,100,0,0,0,52
38,19,19,1,100,0,0,0,114
16,8,8,1,100,0,0,0,141
14,7,7,1,100,0,0,0,52
19,10,9,1,100,0,0,0,75
6,3,3,1,100,0,0,0,60
6,3,3,1,100,0,0,0,58
21,20,1,2,15,0,0,0,65
0,0,0,1,68,0,0,0,98
0,0,0,1,68,0,0,0,139
0,0,0,1,68,0,0,0,79
0,0,0,1,68,0,0,0,84
0,0,0,1,68,0,0,0,144
0,0,0,1,68,0,0,0,115
0,0,0,1,68,0,0,0,154
0,0,0,1,68,0,0,0,138
0,0,0,1,68,0,0,0,133
0,0,0,1,68,0,0,0,102
0,0,0,1,68,0,0,0,147
0,0,0,1,68,0,0,0,130
0,0,0,1,68,0,0,0,385
0,0,0,1,68,0,0,0,87
0,0,0,1,68,0,0,0,74
0,0,0,1,68,0,0,0,84
0,0,0,1,68,0,0,0,160
0,0,0,1,68,0,0,0,148
0,0,0,1,68,0,0,0,121
0,0,0,1,68,0,0,0,210
0,0,0,1,68,0,0,0,76
0,0,0,1,68,0,0,0,94
0,0,0,1,68,0,0,0,70
22,14,8,1,115,0,0,0,473
129,76,53,2,100,0,0,0,172
0,0,0,1,78,0,0,0,72
0,0,0,1,75,0,0,0,91
0,0,0,1,75,0,0,0,52
0,0,0,1,75,0,0,0,130
10,6,4,1,100,0,0,0,148
0,0,0,1,75,0,0,0,247
32,20,12,1,100,0,0,0,71
203,111,92,1,100,0,0,0,305
26,17,9,1,100,0,0,0,75
0,0,0,1,75,0,0,0,50
58,53,5,3,21,0,0,0.00649350649350649,154
0,0,0,1,75,0,0,0,206
0,0,0,1,75,0,0,0,62
56,28,28,1,100,0,0,0,294
0,0,0,1,75,0,0,0,49
0,0,0,1,75,0,0,0,110
15,9,6,1,100,0,0,0,54
12,6,6,1,100,0,0,0,51
153,141,12,5,64,1,0,0,1037
6,3,3,1,101,0,0,0,63
3,2,1,1,176,0,0,0,57
6,3,3,1,101,0,0,0,749
25,13,12,1,101,0,0,0,652
8,4,4,1,18,0,0,0,465
12,6,6,1,18,0,0,0,485
8,4,4,1,18,0,0,0,793
6,3,3,1,15,0,0,0,1074
17,12,5,1,79,0,0,0,272
87,44,43,1,18,0,0,0,921
9,6,3,1,70,0,0,0,324
38,21,17,3,18,0,0,0,1482
6,3,3,1,18,0,0,0,222
17,8,9,1,18,0,0,0,253
45,22,23,1,18,0,0,0,239
24,12,12,1,18,0,0,0,63
53,23,30,1,117,1,0,0,543
8,4,4,1,121,0,0,0,153
6,3,3,1,18,0,0,0,164
12,6,6,1,18,0,0,0,44
10,5,5,1,18,0,0,0,84
16,8,8,2,11,0,0,0,118
6,3,3,1,18,0,0,0,112
14,7,7,1,18,0,0,0,191
24,12,12,1,18,0,0,0,460
12,6,6,1,18,0,0,0,695
59,34,25,6,47,0,0,0,571
29,13,16,3,47,0,0,0,596
6,3,3,1,18,0,0,0,317
4,2,2,1,122,0,0,0,180
38,15,23,4,47,0,0,0,1689
4,2,2,1,99,0,0,0,201
20,10,10,2,18,0,0,0,526
34,17,17,4,18,0,0,0,496
116,86,30,6,18,0,0,0,572
28,11,17,3,99,1,0,0,161
10,5,5,1,18,0,0,0,348
119,61,58,3,18,0,0,0,1817
6,3,3,1,122,0,0,0,297
22,11,11,1,15,0,0,0,1145
4,2,2,1,15,0,0,0,18
6,3,3,1,14,0,0,0,205
6,3,3,1,11,0,0,0,87
24,12,12,1,18,0,0,0,334
21,11,10,3,18,1,0,0,573
85,60,25,2,91,0,0,0,755
10,6,4,1,18,0,0,0.00057372346528973,1743
0,0,0,1,103,0,0,0,86
0,0,0,1,103,0,0,0,36
317,166,151,3,103,0,0,0,464
18,9,9,1,11,0,0,0,490
19,10,9,1,6,0,0,0,867
6,3,3,1,17,0,0,0,183
10,5,5,1,17,0,0,0,315
12,6,6,2,17,0,0,0,135
9,5,4,1,121,0,0,0,124
16,8,8,1,17,0,0,0,301
14,7,7,1,17,0,0,0,364
6,3,3,1,17,0,0,0,159
6,3,3,1,17,0,0,0,409
730,395,335,13,157,0,0,0,501
23,13,10,2,17,0,0,0.000919963201471941,1087
7,4,3,1,17,0,0,0,62
6,3,3,1,17,0,0,0,62
14,8,6,2,17,0,0,0,171
6,3,3,1,17,0,0,0,80
6,3,3,1,17,0,0,0,95
6,3,3,1,17,0,0,0,78
188,103,85,3,17,0,0,0,2790
10,5,5,1,17,0,0,0,306
39,21,18,2,17,0,0,0,432
8,5,3,1,17,0,0,0,145
7,4,3,1,17,0,0,0,251
181,97,84,2,17,0,0,0,1893
52,26,26,3,14,0,0,0,2141
24,12,12,1,17,0,0,0,350
92,47,45,3,5,0,0,0,1079
10,5,5,1,17,0,0,0,471
6,3,3,1,17,0,0,0,92
109,56,53,3,14,0,0,0,1489
10,5,5,2,5,0,0,0,38
45,26,19,4,13,1,0,0,863
13,7,6,2,17,0,0,0,858
6,3,3,1,94,0,0,0,110
10,5,5,1,94,0,0,0,361
8,4,4,1,17,0,0,0,2011
4,2,2,1,17,0,0,0,388
14,7,7,1,101,0,0,0,360
63,43,20,2,101,0,0,0,543
23,12,11,3,68,0,0,0,232
5,3,2,1,17,0,0,0,370
12,6,6,1,17,0,0,0,461
24,12,12,1,17,0,0,0,1281
8,4,4,1,17,0,0,0,363
10,5,5,1,17,0,0,0,685
19,9,10,1,17,0,0,0,630
8,5,3,1,101,0,0,0,313
19,10,9,1,101,0,0,0,893
25,13,12,1,17,0,0,0,636
6,3,3,1,17,0,0,0,399
151,109,42,5,16,0,0,0,1101
6,3,3,1,108,0,0,0,417
214,120,94,4,17,0,0,0.00123609394313968,809
13,6,7,1,17,0,0,0,239
22,11,11,1,17,0,0,0,403
26,14,12,2,17,0,0,0,315
6,3,3,1,17,0,0,0,232
0,0,0,1,112,0,0,0,3
346,224,122,3,85,2,0,0.00338983050847458,295
8,4,4,2,85,2,0,0,45
54,29,25,3,85,2,0,0,125
0,0,0,1,113,1,0,0,0
0,0,0,1,113,1,0,0,0
23,7,16,2,85,2,0,0,161
12,6,6,2,103,1,0,0,728
13,7,6,1,17,0,0,0,291
10,5,5,1,121,0,0,0,360
18,9,9,2,17,1,0,0,198
25,15,10,2,3,0,0,0,339
139,90,49,1,19,1,0,0,641
57,35,22,1,19,1,0,0,726
73,47,26,2,18,1,0,0,1127
136,122,14,2,18,1,0,0,387
78,39,39,1,19,1,0,0,183
198,95,103,1,19,1,0,0,766
150,77,73,4,19,1,0,0,1254
3,1,2,1,19,1,0,0,62
53,32,21,1,19,1,0,0,468
17,12,5,1,19,1,0,0,194
22,13,9,1,19,1,0,0,245
16,9,7,1,19,1,0,0,365
95,40,55,2,18,1,0,0,521
12,6,6,2,18,1,0,0,1071
8,3,5,1,19,1,0,0,95
319,224,95,1,19,1,0,0.0009000900090009,1111
18,11,7,2,19,2,0,0,1376
106,57,49,1,19,1,0,0,477
50,30,20,3,18,1,0,0,1066
20,11,9,2,19,1,0,0,653
18,9,9,2,19,1,0,0,1172
16,13,3,1,19,1,0,0,282
22,14,8,2,19,1,0,0,658
80,63,17,1,19,1,0,0,530
67,38,29,1,19,1,0,0,579
175,139,36,4,16,1,0,0,812
0,0,0,1,19,1,0,0,424
0,0,0,1,19,1,0,0,44
9,4,5,1,19,1,0,0,155
20,10,10,1,19,1,0,0,747
55,29,26,3,18,1,0,0,1735
352,175,177,1,19,1,0,0,373
6,3,3,1,19,1,0,0,48
64,32,32,3,96,0,0,0,1354
207,61,146,2,102,0,0,0,250
65,36,29,4,102,0,0,0,118
67,37,30,5,66,1,0,0,713
1647,813,834,17,89,1,0,0,1406
139,75,64,5,95,0,0,0,1766
6,3,3,1,96,0,0,0,108
1192,636,556,16,102,0,0,0,471
18,9,9,2,95,0,0,0,463
22,13,9,2,95,0,0,0,154
87,55,32,4,18,0,0,0,2948
8,4,4,2,18,0,0,0,263
57,23,34,3,96,0,0,0,189
24,12,12,2,96,0,0,0,122
8,4,4,1,96,0,0,0,79
8,4,4,1,96,0,0,0,76
24,12,12,1,137,0,0,0,185
20,10,10,2,96,0,0,0,77
24,12,12,2,96,0,0,0,87
30,12,18,1,137,0,0,0,101
34,17,17,2,96,0,0,0,107
8,4,4,1,96,0,0,0,78
24,12,12,3,96,0,0,0,74
50,21,29,3,96,0,0,0,90
10,5,5,1,137,0,0,0,77
8,4,4,1,96,0,0,0,76
18,9,9,2,96,0,0,0,125
10,5,5,1,137,0,0,0,85
22,11,11,2,96,0,0,0,122
26,11,15,4,95,0,0,0,105
10,5,5,1,137,0,0,0,75
10,5,5,1,137,0,0,0,77
22,11,11,2,96,0,0,0,74
18,9,9,1,137,0,0,0,120
10,5,5,1,137,0,0,0,87
10,5,5,1,137,0,0,0,79
18,9,9,1,137,0,0,0,136
16,8,8,2,96,0,0,0,78
10,5,5,1,137,0,0,0,79
332,148,184,16,36,1,0,0,1833
86,43,43,2,96,0,0,0,1550
51,22,29,4,95,0,0,0,466
31,19,12,5,95,0,0,0,119
13,5,8,4,95,0,0,0,41
48,19,29,7,91,0,0,0,195
329,164,165,9,96,1,0,0,2737
5,4,1,1,18,0,0,0,53
25,2,23,2,96,0,0,0,116
49,30,19,4,63,2,0,0,506
62,35,27,4,95,0,0,0,93
30,19,11,3,103,0,0,0,62
222,110,112,3,96,0,0,0,2644
60,30,30,2,96,0,0,0,847
10,5,5,1,122,0,0,0,116
28,14,14,2,90,0,0,0,504
903,443,460,17,70,0,0,0.000259605399792316,3852
16,8,8,1,17,0,0,0,847
14,7,7,1,17,0,0,0.00223713646532438,447
6,3,3,1,17,0,0,0,87
8,4,4,1,17,0,0,0,468
12,6,6,2,114,1,0,0,280
32,16,16,2,16,0,0,0,331
0,0,0,1,168,0,0,0,0
0,0,0,1,168,0,0,0,0
4,2,2,1,101,0,0,0,334
4,2,2,1,101,0,0,0,473
10,5,5,1,17,0,0,0,914
42,21,21,1,17,1,0,0,317
12,6,6,1,17,1,0,0,172
8,4,4,1,17,1,0,0,336
42,21,21,1,17,1,0,0.00165837479270315,603
51,27,24,2,17,2,0,0,926
57,30,27,2,17,2,0,0,1440
14,7,7,1,17,1,0,0,323
32,16,16,2,17,2,0,0,876
167,84,83,1,17,1,0,0.00116686114352392,857
8,4,4,1,17,1,0,0,273
31,16,15,2,17,1,0,0,400
86,42,44,1,17,1,0,0.00588235294117647,170
56,27,29,2,17,1,0,0,366
58,30,28,1,17,1,0,0.00145772594752187,686
8,4,4,1,17,1,0,0,231
14,7,7,2,71,1,0,0.000892060660124889,1121
12,6,6,1,17,0,0,0,484
12,6,6,1,17,0,0,0,434
7,4,3,1,17,0,0,0,145
5,4,1,2,92,0,0,0,287
18,9,9,1,11,0,0,0,351
14,7,7,2,12,0,0,0,325
22,11,11,2,12,0,0,0,405
17,9,8,1,17,0,0,0,460
5,3,2,1,22,1,0,0,233
12,6,6,2,11,0,0,0,486
44,23,21,2,16,0,0,0,574
53,26,27,1,16,0,0,0,505
74,47,27,2,16,0,0,0,810
4,2,2,1,16,0,0,0,152
6,3,3,1,101,0,0,0,507
6,3,3,1,16,0,0,0,218
8,4,4,1,16,0,0,0,59
18,9,9,1,16,0,0,0,1872
36,18,18,1,16,0,0,0,748
20,10,10,1,16,0,0,0,539
6,3,3,1,16,0,0,0,183
24,12,12,1,16,0,0,0,664
42,21,21,1,16,0,0,0.00150829562594268,663
14,7,7,1,16,0,0,0,168
36,18,18,1,16,0,0,0,1597
7,4,3,1,16,0,0,0,114
10,5,5,1,16,0,0,0,818
12,6,6,1,16,0,0,0,1158
14,7,7,1,16,0,0,0,1752
13,7,6,1,16,0,0,0,559
7,4,3,1,101,0,0,0,475
16,8,8,1,16,0,0,0,274
6,3,3,1,16,0,0,0,251
42,21,21,1,16,0,0,0,410
5,2,3,1,16,0,0,0,187
14,7,7,1,16,0,0,0,1038
14,8,6,1,16,0,0,0,697
10,5,5,1,16,0,0,0,862
10,5,5,1,16,0,0,0,97
8,4,4,1,16,0,0,0,392
7,4,3,1,16,0,0,0,164
14,7,7,1,16,0,0,0,689
6,3,3,1,16,0,0,0,391
8,4,4,1,16,0,0,0,222
7,4,3,1,15,0,0,0,383
15,8,7,1,16,0,0,0,697
6,3,3,1,16,0,0,0.00549450549450549,364
8,4,4,1,16,0,0,0.00497512437810945,402
25,18,7,2,16,0,0,0.00779220779220779,385
3,2,1,1,16,0,0,0.0149253731343284,201
16,8,8,1,16,0,0,0,362
53,27,26,1,16,0,0,0,1099
8,4,4,1,16,0,0,0,112
6,3,3,1,16,0,0,0,86
6,3,3,1,16,0,0,0,163
14,8,6,1,16,0,0,0,377
6,3,3,1,16,0,0,0,165
18,9,9,3,16,1,0,0.00249376558603491,401
14,7,7,1,16,0,0,0.00221729490022173,451
20,10,10,2,16,0,0,0.00233918128654971,855
16,8,8,2,101,1,0,0,242
8,4,4,1,16,0,0,0,52
8,4,4,1,16,0,0,0,361
16,8,8,1,16,0,0,0,210
11,6,5,1,16,0,0,0,270
4,2,2,1,16,0,0,0,303
10,5,5,1,16,0,0,0,126
14,7,7,1,16,0,0,0,112
8,4,4,1,16,0,0,0,203
6,3,3,1,16,0,0,0,129
6,3,3,1,16,0,0,0,190
8,4,4,1,16,0,0,0,141
6,3,3,1,16,0,0,0,83
8,4,4,1,16,0,0,0,89
7,4,3,1,16,0,0,0,340
10,5,5,1,16,0,0,0,152
20,10,10,2,101,0,0,0,791
6,3,3,1,101,0,0,0,288
6,3,3,1,101,0,0,0,299
6,3,3,1,101,0,0,0,566
61,4,57,1,1,0,0,0,322
32,16,16,1,16,0,0,0,330
7,4,3,1,15,0,0,0,322
43,24,19,1,15,0,0,0,323
7,4,3,1,15,0,0,0,116
8,4,4,1,15,0,0,0,540
200,127,73,1,129,1,0,0,218
63,32,31,1,15,0,0,0,754
44,24,20,1,78,0,0,0,127
6,3,3,1,101,0,0,0,461
8,4,4,1,15,0,0,0,1053
6,3,3,1,15,0,0,0,572
12,6,6,2,15,1,0,0,294
6,3,3,1,151,1,0,0,202
0,0,0,1,78,0,0,0,39
16,7,9,1,78,0,0,0,78
139,75,64,3,77,0,0,0,206
13,6,7,1,101,0,0,0,461
37,20,17,2,101,1,0,0.000576701268742791,1734
25,13,12,2,15,0,0,0,411
6,3,3,1,15,0,0,0,119
23,12,11,1,15,0,0,0,634
20,13,7,2,15,1,0,0,276
29,15,14,1,15,0,0,0,330
10,5,5,1,15,0,0,0,329
6,3,3,1,15,0,0,0,153
4,2,2,1,15,0,0,0,59
12,6,6,1,15,0,0,0,160
8,4,4,1,15,0,0,0,67
6,3,3,1,15,0,0,0,115
54,27,27,1,15,0,0,0,909
13,7,6,1,15,0,0,0,128
6,3,3,1,15,0,0,0,130
8,4,4,1,15,0,0,0,83
11,6,5,1,121,0,0,0,392
11,6,5,1,15,0,0,0,200
9,5,4,1,15,0,0,0,62
16,8,8,1,15,0,0,0,237
6,3,3,1,15,0,0,0,300
6,3,3,1,15,0,0,0,203
6,3,3,1,15,0,0,0,100
15,8,7,1,15,0,0,0,153
20,10,10,1,15,0,0,0,179
12,6,6,1,15,0,0,0.00167224080267559,598
8,4,4,1,15,0,0,0,307
8,4,4,1,15,0,0,0,150
10,5,5,1,15,0,0,0,121
12,6,6,1,15,0,0,0,525
14,7,7,1,15,0,0,0,149
12,6,6,1,15,0,0,0,63
8,4,4,1,15,0,0,0,368
10,5,5,1,15,0,0,0,75
13,7,6,1,15,0,0,0,392
11,6,5,1,15,0,0,0,416
15,8,7,1,15,0,0,0,243
6,3,3,1,15,0,0,0,97
8,4,4,1,15,0,0,0,54
14,7,7,1,15,0,0,0,306
6,3,3,1,15,0,0,0,137
146,92,54,5,12,0,0,0.000831946755407654,1202
6,3,3,1,14,0,0,0,238
6,3,3,1,14,0,0,0,154
6,3,3,1,14,0,0,0,135
118,70,48,3,14,0,0,0,3135
18,9,9,2,14,0,0,0,557
11,6,5,3,14,0,0,0,295
10,5,5,1,164,0,0,0,1291
4,2,2,1,140,0,0,0,423
6,3,3,1,14,0,0,0,351
99,53,46,5,2,0,0,0,4067
58,27,31,1,15,0,0,0,1361
12,6,6,2,14,0,0,0,168
34,17,17,2,14,0,0,0,1296
28,15,13,2,14,0,0,0,897
19,11,8,1,15,0,0,0,572
14,7,7,1,15,0,0,0,372
8,4,4,1,15,0,0,0,317
20,10,10,1,15,0,0,0,696
14,7,7,1,15,0,0,0,678
16,8,8,1,15,0,0,0,474
16,8,8,1,15,0,0,0,413
8,4,4,1,15,0,0,0,1292
6,3,3,1,15,0,0,0,1905
12,6,6,1,15,0,0,0,161
18,9,9,1,15,0,0,0,385
11,6,5,1,15,0,0,0.00588235294117647,170
16,9,7,1,15,0,0,0.00602409638554217,166
15,7,8,1,101,0,0,0,739
14,7,7,1,101,0,0,0,480
4,2,2,1,101,0,0,0,182
6,3,3,1,101,0,0,0,270
11,6,5,1,101,0,0,0,516
7,4,3,1,14,0,0,0,1084
4,2,2,1,14,0,0,0,498
18,7,11,1,27,0,0,0,692
18,9,9,1,13,0,0,0,669
0,0,0,1,11,0,0,0,0
0,0,0,1,11,0,0,0,0
0,0,0,1,11,0,0,0,0
0,0,0,1,11,0,0,0,0
0,0,0,1,11,0,0,0,0
0,0,0,1,11,0,0,0,0
0,0,0,1,11,0,0,0,0
0,0,0,1,11,0,0,0,0
0,0,0,1,11,0,0,0,0
14,7,7,1,14,0,0,0,1384
4,2,2,1,14,0,0,0,327
4,2,2,1,14,0,0,0,661
6,3,3,1,14,0,0,0,507
8,4,4,1,14,0,0,0,387
4,2,2,1,14,0,0,0,482
6,3,3,1,14,0,0,0,280
4,2,2,1,14,0,0,0,33
5,3,2,1,14,0,0,0,2045
6,3,3,1,14,0,0,0,487
4,2,2,1,14,0,0,0,53
6,3,3,1,14,0,0,0,76
6,3,3,1,14,0,0,0,62
6,3,3,1,14,0,0,0,87
6,3,3,1,14,0,0,0,68
6,3,3,1,14,0,0,0,107
17,9,8,1,14,0,0,0,807
6,3,3,1,14,0,0,0,209
25,14,11,2,84,0,0,0,751
6,3,3,1,14,0,0,0,290
16,8,8,1,144,0,0,0,197
22,11,11,1,144,0,0,0,207
10,5,5,1,144,0,0,0,36
32,11,21,1,95,0,0,0,280
17,9,8,1,50,0,0,0,161
6,3,3,1,14,0,0,0,627
15,8,7,1,14,0,0,0,520
0,0,0,1,117,1,0,0,96
0,0,0,1,117,1,0,0,34
77,43,34,4,7,0,0,0.000554938956714761,1802
0,0,0,1,134,0,0,0,0
106,80,26,5,6,2,0,0,304
4,1,3,1,134,0,0,0,36
0,0,0,1,53,0,0,0,50
0,0,0,1,53,0,0,0,72
8,4,4,2,13,0,0,0,469
0,0,0,1,53,0,0,0,34
0,0,0,1,53,0,0,0,40
28,14,14,3,11,0,0,0,697
54,51,3,1,25,0,0,0,559
12,6,6,2,14,0,0,0,223
6,3,3,1,14,0,0,0,519
8,4,4,1,14,0,0,0,743
14,7,7,2,0,1,0,0,148
30,18,12,2,0,1,0,0,255
35,22,13,2,25,0,0,0,1056
6,3,3,1,14,0,0,0,760
4,2,2,1,14,0,0,0,281
40,20,20,1,10,0,0,0,976
4,2,2,1,10,0,0,0,349
4,2,2,1,14,0,0,0,318
8,4,4,1,3,0,0,0,430
10,5,5,1,14,0,0,0,184
31,16,15,1,14,0,0,0,763
16,8,8,1,14,0,0,0,194
8,4,4,1,14,0,0,0,253
18,9,9,1,14,0,0,0,207
14,7,7,1,14,0,0,0,296
12,6,6,1,10,0,0,0,386
18,9,9,1,14,0,0,0,634
238,129,109,4,14,1,0,0,2600
30,12,18,1,111,0,0,0,159
6,3,3,1,24,0,0,0,451
15,8,7,1,24,0,0,0,206
19,11,8,2,24,0,0,0,549
14,7,7,1,24,0,0,0,250
14,7,7,1,24,0,0,0,266
9,5,4,1,24,0,0,0,369
6,3,3,1,24,0,0,0,316
14,7,7,1,24,0,0,0,330
10,5,5,1,24,0,0,0,592
9,4,5,1,24,0,0,0,562
12,7,5,1,14,0,0,0,471
30,15,15,1,14,0,0,0,559
4,2,2,1,13,0,0,0,167
4,2,2,1,13,0,0,0,104
6,3,3,1,13,0,0,0,249
10,5,5,1,13,0,0,0,441
14,7,7,1,13,0,0,0,866
14,7,7,1,13,0,0,0,404
10,5,5,1,13,0,0,0,448
18,9,9,1,13,0,0,0,897
6,3,3,1,13,0,0,0,254
10,5,5,1,13,0,0,0,829
28,14,14,1,13,0,0,0,1281
10,5,5,1,13,0,0,0,1301
9,4,5,1,13,0,0,0,232
16,8,8,1,13,0,0,0,1771
24,12,12,1,13,0,0,0,1210
10,5,5,1,13,0,0,0,618
39,20,19,1,13,0,0,0,1182
4,2,2,1,13,0,0,0,139
14,8,6,1,13,0,0,0,160
6,3,3,1,13,0,0,0,254
32,16,16,1,13,0,0,0,389
6,3,3,1,13,0,0,0,166
4,2,2,1,13,0,0,0,70
6,3,3,1,13,0,0,0,330
4,2,2,1,13,0,0,0,111
22,11,11,1,13,0,0,0,1239
32,16,16,1,13,0,0,0,868
10,5,5,1,3,0,0,0,294
12,6,6,1,101,0,0,0,493
25,12,13,1,13,0,0,0,456
296,148,148,1,13,0,0,0,2590
7,4,3,1,13,0,0,0,244
58,31,27,3,13,0,0,0,789
9,5,4,1,101,0,0,0,500
15,9,6,1,101,0,0,0,485
4,2,2,1,101,0,0,0,132
6,3,3,1,101,0,0,0,383
28,14,14,1,101,0,0,0,1042
6,3,3,1,101,0,0,0,343
8,4,4,1,101,0,0,0,339
14,8,6,2,101,0,0,0,766
8,4,4,1,13,0,0,0,157
63,49,14,4,103,1,0,0,2161
7,6,1,1,109,1,0,0,367
0,0,0,1,109,1,0,0,132
0,0,0,1,109,1,0,0,48
6,3,3,1,111,0,0,0,494
64,31,33,1,109,1,0,0,510
77,54,23,4,109,3,0,0,838
3,2,1,1,109,1,0,0,288
28,18,10,2,1,0,0,0,1147
7,4,3,1,122,0,0,0,241
13,7,6,1,122,0,0,0,613
26,13,13,1,10,0,0,0,306
11,6,5,1,12,0,0,0,416
12,6,6,1,12,0,0,0,228
7,4,3,1,12,0,0,0,281
4,2,2,1,72,0,0,0,43
5,3,2,1,101,0,0,0,1085
88,44,44,1,12,0,0,0,319
70,35,35,1,12,0,0,0,1077
64,32,32,1,12,0,0,0,152
12,6,6,1,12,0,0,0,227
8,4,4,1,12,0,0,0,43
90,45,45,1,12,0,0,0,707
119,60,59,1,12,0,0,0,186
6,3,3,1,12,0,0,0,48
92,46,46,1,12,0,0,0,320
12,6,6,1,12,0,0,0,168
16,8,8,1,12,0,0,0,215
198,99,99,1,12,0,0,0,660
72,36,36,1,12,0,0,0,282
86,43,43,1,12,0,0,0,2550
100,50,50,1,12,0,0,0,2827
14,7,7,1,12,0,0,0,604
8,4,4,1,12,0,0,0,354
12,6,6,1,12,0,0,0,2243
6,3,3,1,12,0,0,0,1134
102,51,51,1,12,0,0,0,1746
9,5,4,1,122,0,0,0,525
36,23,13,3,26,0,0,0,423
4,2,2,1,21,0,0,0,80
6,3,3,1,101,0,0,0,308
20,12,8,2,21,0,0,0,234
6,4,2,1,25,0,0,0,139
209,145,64,10,18,0,0,0.00133689839572193,748
10,5,5,1,11,0,0,0,723
18,11,7,2,159,0,0,0,573
26,13,13,1,3,1,0,0.00102459016393443,976
11,6,5,1,101,0,0,0.00265957446808511,376
6,3,3,1,11,0,0,0,337
6,3,3,1,27,0,0,0,2016
6,3,3,1,101,0,0,0,395
120,63,57,4,11,0,0,0,941
61,42,19,4,73,0,0,0,135
6,3,3,1,101,0,0,0,616
42,29,13,1,42,0,0,0,783
90,87,3,1,65,0,0,0.00366300366300366,273
14,8,6,2,31,0,0,0.00114155251141553,876
6,3,3,1,65,0,0,0.00260416666666667,384
9,8,1,1,65,0,0,0.00421940928270042,237
14,6,8,1,101,0,0,0.00144092219020173,694
9,8,1,1,154,0,0,0,67
49,32,17,6,108,0,0,0,73
22,11,11,4,14,0,0,0,153
10,5,5,1,10,0,0,0,202
227,166,61,6,11,1,0,0,932
8,4,4,1,11,0,0,0,684
8,4,4,1,11,0,0,0,274
16,9,7,1,11,0,0,0,240
8,4,4,1,11,0,0,0,902
6,3,3,1,11,0,0,0,440
14,7,7,1,11,0,0,0,133
12,6,6,1,11,0,0,0,223
6,3,3,1,11,0,0,0,599
11,6,5,1,50,0,0,0,175
10,5,5,1,11,0,0,0,397
6,3,3,1,11,0,0,0,256
70,35,35,1,10,0,0,0,3413
14,7,7,1,11,0,0,0,516
7,4,3,1,121,0,0,0,856
4,2,2,1,11,0,0,0,36
36,18,18,1,11,0,0,0.000737463126843658,1356
6,3,3,1,11,0,0,0,546
38,19,19,1,11,0,0,0,371
12,6,6,1,11,0,0,0,630
6,3,3,1,10,0,0,0,182
12,6,6,1,101,0,0,0,1462
6,3,3,1,101,0,0,0,146
4,2,2,1,101,0,0,0,282
5,3,2,1,101,0,0,0,399
14,7,7,1,121,0,0,0,252
6,3,3,1,10,0,0,0,1638
10,5,5,1,18,0,0,0,146
4,2,2,1,18,0,0,0,175
13,7,6,1,18,0,0,0,344
4,2,2,1,18,0,0,0,781
4,2,2,1,18,0,0,0,98
6,3,3,1,11,0,0,0,647
18,9,9,2,1,0,0,0,584
6,3,3,1,11,0,0,0,438
6,3,3,1,101,0,0,0,315
12,6,6,1,11,0,0,0,466
25,16,9,2,11,0,0,0,665
20,10,10,1,11,0,0,0,167
8,4,4,1,11,0,0,0,72
6,3,3,1,11,0,0,0,230
4,2,2,1,11,0,0,0,315
38,19,19,1,11,0,0,0,1322
0,0,0,1,104,0,0,0,0
3,1,2,1,104,0,0,0,155
4,2,2,1,56,0,0,0,297
4,2,2,1,104,0,0,0,700
126,68,58,3,115,0,0,0,749
65,38,27,2,103,0,0,0,1509
92,68,24,3,104,0,0,0,369
5,1,4,1,104,0,0,0,187
8,4,4,1,173,0,0,0,89
80,40,40,2,101,0,0,0,936
16,8,8,1,173,0,0,0,207
428,233,195,12,82,5,0,0,4675
62,11,51,2,9,0,0,0,430
154,77,77,3,101,0,0,0,2181
16,8,8,1,173,0,0,0,196
30,15,15,1,1,0,0,0,397
51,26,25,1,1,0,0,0,410
17,12,5,2,1,0,0,0,194
6,3,3,1,1,0,0,0,112
18,9,9,2,93,0,0,0,215
8,4,4,1,72,0,0,0,1372
32,16,16,1,10,0,0,0,577
26,16,10,3,40,2,0,0,2500
10,5,5,2,102,0,0,0,172
6,3,3,1,10,0,0,0,150
23,12,11,2,10,0,0,0,422
76,38,38,1,10,0,0,0,928
10,5,5,1,10,0,0,0,348
0,0,0,1,138,0,0,0,0
15,8,7,1,10,0,0,0,242
16,10,6,2,100,0,0,0,573
12,6,6,1,101,0,0,0,1221
8,4,4,1,10,0,0,0,311
4,2,2,1,10,0,0,0,53
12,6,6,1,10,0,0,0,364
8,4,4,1,10,0,0,0,346
12,6,6,1,10,0,0,0,463
6,3,3,1,10,0,0,0,228
6,3,3,1,10,0,0,0,203
7,4,3,1,10,0,0,0,104
7,4,3,1,10,0,0,0,139
16,8,8,1,10,0,0,0,460
4,2,2,1,10,0,0,0,54
6,3,3,1,10,0,0,0,109
8,4,4,1,10,0,0,0,138
12,6,6,1,10,0,0,0,846
8,4,4,1,10,0,0,0,506
40,20,20,1,10,0,0,0,591
