CODECHURN,LOCADDED,LOCDELETED,REVISIONS,AGE,BUGFIXES,REFACTORINGS,ERROR_DENSITY,LOC
26,25,1,2,1,0,0,0.00952380952380952,105
49,39,10,2,1,0,0,0.00396825396825397,252
0,0,0,1,1,0,0,0,43
0,0,0,1,1,0,0,0,861
0,0,0,1,1,0,0,0,578
0,0,0,1,1,0,0,0.0212765957446809,47
0,0,0,1,1,0,0,0,45
8,5,3,1,1,0,0,0.0107142857142857,280
30,19,11,2,1,0,0,0.0394736842105263,76
65,38,27,1,48,0,0,0,133
0,0,0,1,48,0,0,0,45
0,0,0,1,48,0,0,0,57
0,0,0,1,48,0,0,0,451
0,0,0,1,48,0,0,0,71
0,0,0,1,48,0,0,0,148
139,101,38,1,48,0,0,0,253
0,0,0,1,48,0,0,0,66
0,0,0,1,48,0,0,0,555
50,26,24,1,48,0,0,0,53
64,34,30,1,48,0,0,0,97
77,47,30,1,48,0,0,0,67
0,0,0,1,48,0,0,0,67
0,0,0,1,48,0,0,0,135
57,30,27,1,48,0,0,0,142
39,21,18,1,48,0,0,0,53
49,26,23,1,48,0,0,0,159
106,57,49,1,48,0,0,0,302
48,26,22,1,48,0,0,0,55
98,55,43,1,48,0,0,0,362
40,22,18,1,48,0,0,0,58
59,31,28,1,48,0,0,0,118
55,29,26,1,48,0,0,0,141
56,30,26,1,48,0,0,0,87
52,28,24,1,48,0,0,0,119
44,24,20,1,48,0,0,0,35
46,25,21,1,48,0,0,0,37
44,24,20,1,48,0,0,0,73
82,43,39,1,48,0,0,0,221
58,35,23,1,48,0,0,0,113
38,21,17,1,48,0,0,0,46
40,22,18,1,48,0,0,0,51
52,28,24,1,48,0,0,0,91
69,37,32,1,48,0,0,0,134
56,34,22,1,48,0,0,0,110
0,0,0,1,48,0,0,0,448
67,44,23,1,48,0,0,0,86
58,35,23,1,48,0,0,0,89
127,99,28,1,48,0,0,0,379
75,40,35,1,48,0,0,0,169
36,20,16,1,48,0,0,0,37
40,22,18,1,48,0,0,0,38
38,21,17,1,48,0,0,0,40
38,21,17,1,48,0,0,0,38
40,22,18,1,48,0,0,0,66
48,26,22,1,48,0,0,0,98
40,22,18,1,48,0,0,0,70
52,28,24,1,48,0,0,0,174
44,26,18,1,48,0,0,0,51
207,132,75,1,48,0,0,0,160
112,72,40,1,48,0,0,0,151
0,0,0,1,48,0,0,0,107
874,828,46,1,48,0,0,0,859
0,0,0,1,48,0,0,0,0
0,0,0,1,48,0,0,0,0
0,0,0,1,48,0,0,0,0
0,0,0,1,48,0,0,0,0
0,0,0,1,48,0,0,0,0
0,0,0,1,48,0,0,0,0
71,44,27,1,48,0,0,0,307
0,0,0,1,48,0,0,0,254
0,0,0,1,48,0,0,0,383
61,36,25,1,48,0,0,0,47
62,33,29,1,48,0,0,0,99
54,30,24,1,48,0,0,0,132
66,35,31,1,48,0,0,0,198
99,39,60,1,48,0,0,0,55
38,21,17,1,48,0,0,0,38
68,35,33,1,48,0,0,0,103
60,34,26,1,48,0,0,0,48
164,116,48,1,48,0,0,0,242
0,0,0,1,48,0,0,0,293
279,144,135,1,48,0,0,0,160
0,0,0,1,48,0,0,0,151
0,0,0,1,48,0,0,0,59
38,21,17,1,48,0,0,0,45
74,41,33,1,48,0,0,0,95
36,20,16,1,48,0,0,0,24
45,26,19,1,48,0,0,0,151
59,33,26,1,48,0,0,0,158
140,71,69,1,48,0,0,0,385
44,24,20,1,48,0,0,0,57
48,26,22,1,48,0,0,0,58
39,21,18,1,48,0,0,0,120
123,64,59,1,48,0,0,0,357
193,91,102,1,48,0,0,0,225
76,40,36,1,48,0,0,0,234
68,40,28,1,48,0,0,0,213
36,20,16,1,48,0,0,0,26
44,24,20,1,48,0,0,0,122
55,31,24,1,48,0,0,0,38
352,214,138,1,48,0,0,0,466
44,24,20,1,48,0,0,0,65
92,51,41,1,48,0,0,0,193
61,33,28,1,48,0,0,0,344
64,35,29,1,48,0,0,0,153
66,35,31,1,48,0,0,0,287
97,53,44,1,48,0,0,0,485
176,105,71,1,48,0,0,0,664
36,20,16,1,48,0,0,0,168
10,5,5,1,48,0,0,0,180
78,41,37,1,48,0,0,0,462
51,26,25,1,48,0,0,0,272
0,0,0,1,48,0,0,0,0
0,0,0,1,48,0,0,0,0
0,0,0,1,48,0,0,0,0
0,0,0,1,48,0,0,0,0
40,22,18,1,48,0,0,0,63
36,20,16,1,48,0,0,0,158
36,20,16,1,48,0,0,0,131
40,22,18,1,48,0,0,0,667
36,20,16,1,48,0,0,0,60
104,54,50,1,48,0,0,0,785
40,22,18,1,48,0,0,0,54
78,46,32,1,48,0,0,0,130
156,87,69,1,48,0,0,0,98
158,88,70,1,48,0,0,0,99
0,0,0,1,48,0,0,0,503
78,40,38,1,48,0,0,0,503
45,24,21,1,48,0,0,0,503
46,24,22,1,48,0,0,0,503
49,26,23,1,48,0,0,0,503
46,24,22,1,48,0,0,0,503
47,24,23,1,48,0,0,0,503
47,24,23,1,48,0,0,0,503
52,27,25,1,48,0,0,0,503
46,24,22,1,48,0,0,0,503
46,24,22,1,48,0,0,0,503
46,24,22,1,48,0,0,0,503
46,24,22,1,48,0,0,0,503
49,26,23,1,48,0,0,0,503
49,26,23,1,48,0,0,0,503
45,24,21,1,48,0,0,0,503
46,24,22,1,48,0,0,0,503
47,25,22,1,48,0,0,0,504
78,40,38,1,48,0,0,0,503
45,24,21,1,48,0,0,0,503
642,322,320,1,48,0,0,0,503
45,24,21,1,48,0,0,0,503
45,24,21,1,48,0,0,0,503
76,39,37,1,48,0,0,0,503
45,24,21,1,48,0,0,0,503
45,24,21,1,48,0,0,0,503
48,25,23,1,48,0,0,0,503
77,40,37,1,48,0,0,0,503
45,24,21,1,48,0,0,0,503
45,24,21,1,48,0,0,0,503
46,24,22,1,48,0,0,0,503
45,24,21,1,48,0,0,0,503
46,24,22,1,48,0,0,0,503
49,26,23,1,48,0,0,0,503
47,25,22,1,48,0,0,0,503
81,42,39,1,48,0,0,0,503
70,36,34,1,48,0,0,0,503
77,40,37,1,48,0,0,0,503
46,24,22,1,48,0,0,0,503
90,46,44,1,48,0,0,0,503
45,24,21,1,48,0,0,0,503
76,39,37,1,48,0,0,0,503
45,24,21,1,48,0,0,0,503
139,71,68,1,48,0,0,0,503
45,24,21,1,48,0,0,0,503
45,24,21,1,48,0,0,0,503
45,24,21,1,48,0,0,0,503
45,24,21,1,48,0,0,0,503
148,75,73,1,48,0,0,0,503
193,98,95,1,48,0,0,0,503
105,54,51,1,48,0,0,0,503
46,24,22,1,48,0,0,0,503
75,39,36,1,48,0,0,0,503
45,24,21,1,48,0,0,0,503
47,27,20,1,48,0,0,0,91
50,31,19,1,48,0,0,0,186
36,20,16,1,48,0,0,0,26
36,20,16,1,48,0,0,0,26
36,20,16,1,48,0,0,0,26
36,20,16,1,48,0,0,0,27
36,20,16,1,48,0,0,0,26
38,21,17,1,48,0,0,0,29
38,21,17,1,48,0,0,0,31
100,70,30,1,48,0,0,0,224
75,39,36,1,48,0,0,0,213
36,20,16,1,48,0,0,0,139
30,17,13,1,48,0,0,0,149
0,0,0,1,1,0,0,0,0
0,0,0,1,1,0,0,0,0
0,0,0,1,1,0,0,0,0
0,0,0,1,1,0,0,0,0
0,0,0,1,1,0,0,0,0
0,0,0,1,1,0,0,0,0
0,0,0,1,1,0,0,0,0
0,0,0,1,1,0,0,0,0
0,0,0,1,1,0,0,0,0
0,0,0,1,1,0,0,0,0
0,0,0,1,1,0,0,0,0
0,0,0,1,1,0,0,0,0
0,0,0,1,1,0,0,0,0
0,0,0,1,1,0,0,0,0
0,0,0,1,1,0,0,0,0
0,0,0,1,1,0,0,0,0
0,0,0,1,1,0,0,0,0
0,0,0,1,1,0,0,0,0
0,0,0,1,1,0,0,0,0
0,0,0,1,1,0,0,0,0
0,0,0,1,1,0,0,0,0
0,0,0,1,1,0,0,0,0
0,0,0,1,1,0,0,0,0
0,0,0,1,1,0,0,0,0
0,0,0,1,1,0,0,0,0
0,0,0,1,1,0,0,0,0
0,0,0,1,1,0,0,0,0
0,0,0,1,1,0,0,0,0
0,0,0,1,1,0,0,0,0
0,0,0,1,1,0,0,0,0
0,0,0,1,1,0,0,0,0
0,0,0,1,1,0,0,0,0
0,0,0,1,1,0,0,0,0
0,0,0,1,1,0,0,0,0
0,0,0,1,1,0,0,0,0
0,0,0,1,1,0,0,0,0
0,0,0,1,1,0,0,0,0
0,0,0,1,1,0,0,0,0
0,0,0,1,1,0,0,0,0
0,0,0,1,1,0,0,0,0
0,0,0,1,1,0,0,0,0
0,0,0,1,1,0,0,0,0
0,0,0,1,1,0,0,0,0
0,0,0,1,1,0,0,0,0
0,0,0,1,1,0,0,0,0
0,0,0,1,1,0,0,0,0
0,0,0,1,1,0,0,0,0
0,0,0,1,1,0,0,0,0
0,0,0,1,1,0,0,0,0
0,0,0,1,1,0,0,0,0
0,0,0,1,1,0,0,0,0
0,0,0,1,1,0,0,0,0
0,0,0,1,1,0,0,0,0
0,0,0,1,1,0,0,0,0
0,0,0,1,1,0,0,0,0
0,0,0,1,1,0,0,0,0
0,0,0,1,1,0,0,0,0
0,0,0,1,1,0,0,0,0
0,0,0,1,1,0,0,0,0
0,0,0,1,1,0,0,0,0
0,0,0,1,1,0,0,0,0
0,0,0,1,1,0,0,0,0
0,0,0,1,1,0,0,0,0
0,0,0,1,1,0,0,0,0
0,0,0,1,1,0,0,0,0
0,0,0,1,1,0,0,0,0
0,0,0,1,1,0,0,0,0
0,0,0,1,1,0,0,0,0
0,0,0,1,1,0,0,0,0
0,0,0,1,1,0,0,0,0
0,0,0,1,1,0,0,0,0
26,22,4,1,1,0,0,0,195
79,66,13,3,1,2,0,0,559
4,2,2,1,1,0,0,0,148
0,0,0,1,1,0,0,0,0
0,0,0,1,1,0,0,0,0
0,0,0,1,1,0,0,0,0
0,0,0,1,1,0,0,0,0
0,0,0,1,1,0,0,0,0
0,0,0,1,1,0,0,0,0
0,0,0,1,1,0,0,0,0
0,0,0,1,1,0,0,0,0
0,0,0,1,1,0,0,0,0
0,0,0,1,1,0,0,0,0
0,0,0,1,1,0,0,0,0
0,0,0,1,1,0,0,0,0
0,0,0,1,1,0,0,0,0
0,0,0,1,1,0,0,0,0
0,0,0,1,1,0,0,0,0
0,0,0,1,1,0,0,0,0
0,0,0,1,1,0,0,0,0
15,8,7,1,1,0,0,0,339
0,0,0,1,1,0,0,0.00970873786407767,103
674,269,405,1,1,0,0,0.00137835975189524,1451
9,7,2,1,1,0,0,0,95
20,14,6,1,1,0,0,0,79
0,0,0,1,1,0,0,0,72
0,0,0,1,1,0,0,0,84
0,0,0,1,1,0,0,0,66
18,10,8,1,1,0,0,0,75
0,0,0,1,1,0,0,0,289
1116,767,349,4,1,2,0,0.00168350168350168,1188
6,3,3,1,1,0,0,0,72
50,37,13,1,1,0,0,0,173
6,3,3,1,1,0,0,0,179
11,7,4,1,1,0,0,0,76
6,3,3,1,1,0,0,0,234
0,0,0,1,1,0,0,0,241
9,6,3,1,1,0,0,0,74
0,0,0,1,1,0,0,0,145
0,0,0,1,1,0,0,0,76
8,5,3,1,1,0,0,0,469
0,0,0,1,1,0,0,0,0
0,0,0,1,1,0,0,0,0
0,0,0,1,1,0,0,0,0
0,0,0,1,1,0,0,0,0
0,0,0,1,1,0,0,0,0
0,0,0,1,1,0,0,0,0
0,0,0,1,1,0,0,0,0
0,0,0,1,1,0,0,0,0
0,0,0,1,1,0,0,0,0
0,0,0,1,1,0,0,0,0
0,0,0,1,1,0,0,0,0
0,0,0,1,1,0,0,0,0
0,0,0,1,1,0,0,0,0
0,0,0,1,1,0,0,0,0
0,0,0,1,1,0,0,0,0
0,0,0,1,1,0,0,0,0
0,0,0,1,1,0,0,0,0
0,0,0,1,1,0,0,0,0
0,0,0,1,1,0,0,0,0
0,0,0,1,1,0,0,0,0
0,0,0,1,1,0,0,0,0
0,0,0,1,1,0,0,0,0
0,0,0,1,1,0,0,0,0
0,0,0,1,1,0,0,0,0
0,0,0,1,1,0,0,0,0
0,0,0,1,1,0,0,0,0
0,0,0,1,1,0,0,0,0
0,0,0,1,1,0,0,0,0
0,0,0,1,1,0,0,0,0
0,0,0,1,1,0,0,0,0
0,0,0,1,1,0,0,0,0
0,0,0,1,1,0,0,0,0
0,0,0,1,1,0,0,0,0
0,0,0,1,1,0,0,0,0
0,0,0,1,1,0,0,0,0
0,0,0,1,1,0,0,0,0
0,0,0,1,1,0,0,0,0
0,0,0,1,1,0,0,0,0
0,0,0,1,1,0,0,0,0
0,0,0,1,1,0,0,0,0
0,0,0,1,1,0,0,0,0
0,0,0,1,1,0,0,0,0
0,0,0,1,1,0,0,0,0
0,0,0,1,1,0,0,0,0
0,0,0,1,1,0,0,0,0
0,0,0,1,1,0,0,0,0
0,0,0,1,1,0,0,0,0
0,0,0,1,1,0,0,0,0
0,0,0,1,1,0,0,0,0
0,0,0,1,1,0,0,0,0
0,0,0,1,1,0,0,0,0
0,0,0,1,1,0,0,0,0
0,0,0,1,1,0,0,0,0
0,0,0,1,1,0,0,0,0
0,0,0,1,1,0,0,0,0
0,0,0,1,1,0,0,0,0
0,0,0,1,1,0,0,0,0
0,0,0,1,1,0,0,0,0
0,0,0,1,1,0,0,0,0
0,0,0,1,1,0,0,0,0
0,0,0,1,1,0,0,0,0
0,0,0,1,1,0,0,0,0
0,0,0,1,1,0,0,0,0
0,0,0,1,1,0,0,0,0
0,0,0,1,1,0,0,0,0
0,0,0,1,1,0,0,0,0
0,0,0,1,1,0,0,0,0
0,0,0,1,1,0,0,0,0
0,0,0,1,1,0,0,0,0
0,0,0,1,1,0,0,0,0
0,0,0,1,1,0,0,0,0
0,0,0,1,1,0,0,0,0
0,0,0,1,1,0,0,0,0
0,0,0,1,1,0,0,0,0
0,0,0,1,1,0,0,0,0
0,0,0,1,1,0,0,0,0
0,0,0,1,1,0,0,0,0
0,0,0,1,1,0,0,0,0
0,0,0,1,1,0,0,0,0
0,0,0,1,1,0,0,0,0
0,0,0,1,1,0,0,0,0
0,0,0,1,1,0,0,0,0
0,0,0,1,1,0,0,0,0
0,0,0,1,1,0,0,0,0
0,0,0,1,1,0,0,0,0
0,0,0,1,1,0,0,0,0
0,0,0,1,1,0,0,0,0
0,0,0,1,1,0,0,0,0
0,0,0,1,1,0,0,0,0
0,0,0,1,1,0,0,0,0
0,0,0,1,1,0,0,0,0
0,0,0,1,1,0,0,0,0
0,0,0,1,1,0,0,0,0
0,0,0,1,1,0,0,0,0
0,0,0,1,1,0,0,0,0
0,0,0,1,1,0,0,0,0
0,0,0,1,1,0,0,0,0
0,0,0,1,1,0,0,0,0
0,0,0,1,1,0,0,0,0
0,0,0,1,1,0,0,0,0
0,0,0,1,1,0,0,0,0
0,0,0,1,1,0,0,0,0
0,0,0,1,1,0,0,0,0
0,0,0,1,1,0,0,0,0
0,0,0,1,1,0,0,0,0
0,0,0,1,1,0,0,0,0
0,0,0,1,1,0,0,0,0
0,0,0,1,1,0,0,0,0
0,0,0,1,1,0,0,0,0
0,0,0,1,1,0,0,0,0
0,0,0,1,1,0,0,0,0
0,0,0,1,1,0,0,0,0
0,0,0,1,1,0,0,0,0
0,0,0,1,1,0,0,0,0
0,0,0,1,1,0,0,0,0
0,0,0,1,1,0,0,0,0
0,0,0,1,1,0,0,0,0
0,0,0,1,1,0,0,0,0
0,0,0,1,1,0,0,0,0
0,0,0,1,1,0,0,0,0
0,0,0,1,1,0,0,0,0
0,0,0,1,1,0,0,0,0
0,0,0,1,1,0,0,0,0
0,0,0,1,1,0,0,0,0
0,0,0,1,1,0,0,0,0
0,0,0,1,1,0,0,0,0
0,0,0,1,1,0,0,0,0
0,0,0,1,1,0,0,0,0
0,0,0,1,1,0,0,0,0
0,0,0,1,1,0,0,0,0
0,0,0,1,1,0,0,0,0
0,0,0,1,1,0,0,0,0
0,0,0,1,1,0,0,0,0
0,0,0,1,1,0,0,0,0
0,0,0,1,1,0,0,0,0
0,0,0,1,1,0,0,0,0
0,0,0,1,1,0,0,0,0
0,0,0,1,1,0,0,0,0
0,0,0,1,1,0,0,0,0
0,0,0,1,1,0,0,0,0
0,0,0,1,1,0,0,0,0
0,0,0,1,1,0,0,0,0
0,0,0,1,1,0,0,0,0
0,0,0,1,1,0,0,0,0
0,0,0,1,1,0,0,0,0
0,0,0,1,1,0,0,0,0
0,0,0,1,1,0,0,0,0
0,0,0,1,1,0,0,0,0
0,0,0,1,1,0,0,0,0
0,0,0,1,1,0,0,0,0
0,0,0,1,1,0,0,0,0
0,0,0,1,1,0,0,0,0
0,0,0,1,1,0,0,0,0
0,0,0,1,1,0,0,0,0
0,0,0,1,1,0,0,0,0
0,0,0,1,1,0,0,0,0
0,0,0,1,1,0,0,0,0
0,0,0,1,1,0,0,0,0
0,0,0,1,1,0,0,0,0
0,0,0,1,1,0,0,0,0
0,0,0,1,1,0,0,0,0
0,0,0,1,1,0,0,0,0
0,0,0,1,1,0,0,0,0
0,0,0,1,1,0,0,0,0
0,0,0,1,1,0,0,0,0
0,0,0,1,1,0,0,0,0
0,0,0,1,1,0,0,0,0
0,0,0,1,1,0,0,0,0
0,0,0,1,1,0,0,0,0
0,0,0,1,1,0,0,0,0
0,0,0,1,1,0,0,0,0
0,0,0,1,1,0,0,0,0
0,0,0,1,1,0,0,0,0
0,0,0,1,1,0,0,0,0
0,0,0,1,1,0,0,0,0
0,0,0,1,1,0,0,0,0
0,0,0,1,1,0,0,0,0
0,0,0,1,1,0,0,0,0
0,0,0,1,1,0,0,0,0
0,0,0,1,1,0,0,0,0
0,0,0,1,1,0,0,0,0
0,0,0,1,1,0,0,0,0
0,0,0,1,1,0,0,0,0
0,0,0,1,1,0,0,0,0
0,0,0,1,1,0,0,0,0
0,0,0,1,1,0,0,0,0
0,0,0,1,1,0,0,0,0
0,0,0,1,1,0,0,0,0
0,0,0,1,1,0,0,0,0
0,0,0,1,1,0,0,0,0
0,0,0,1,1,0,0,0,0
0,0,0,1,1,0,0,0,0
0,0,0,1,1,0,0,0,0
0,0,0,1,1,0,0,0,0
0,0,0,1,1,0,0,0,0
0,0,0,1,1,0,0,0,0
0,0,0,1,1,0,0,0,0
0,0,0,1,1,0,0,0,0
0,0,0,1,1,0,0,0,0
0,0,0,1,1,0,0,0,0
0,0,0,1,1,0,0,0,0
0,0,0,1,1,0,0,0,0
0,0,0,1,1,0,0,0,0
0,0,0,1,1,0,0,0,0
0,0,0,1,1,0,0,0,0
0,0,0,1,1,0,0,0,0
0,0,0,1,1,0,0,0,0
0,0,0,1,1,0,0,0,0
0,0,0,1,1,0,0,0,0
0,0,0,1,1,0,0,0,0
0,0,0,1,1,0,0,0,0
0,0,0,1,1,0,0,0,0
0,0,0,1,1,0,0,0,0
0,0,0,1,1,0,0,0,0
0,0,0,1,1,0,0,0,0
0,0,0,1,1,0,0,0,0
0,0,0,1,1,0,0,0,0
13,7,6,1,1,0,0,0,200
0,0,0,1,1,0,0,0.00290697674418605,344
8,4,4,1,1,0,0,0,677
13,9,4,1,1,0,0,0,379
22,14,8,1,1,0,0,0,96
0,0,0,1,1,0,0,0,0
0,0,0,1,1,0,0,0,0
0,0,0,1,1,0,0,0,0
0,0,0,1,1,0,0,0,209
1054,924,130,1,1,0,0,0,1163
0,0,0,1,1,0,0,0,181
0,0,0,1,1,0,0,0,96
9,6,3,1,1,0,0,0,86
15,7,8,1,1,0,0,0,906
9,4,5,1,1,0,0,0,1199
0,0,0,1,1,0,0,0,416
0,0,0,1,1,0,0,0,154
42,33,9,1,1,0,0,0,210
27,17,10,1,1,0,0,0,1269
16,11,5,1,1,0,0,0,254
19,10,9,1,1,0,0,0,467
167,80,87,1,1,0,0,0.00284900284900285,351
8,4,4,1,1,0,0,0,288
11,5,6,1,1,0,0,0,155
242,110,132,2,1,0,0,0.00107296137339056,932
62,29,33,1,1,0,0,0,200
11,8,3,1,1,0,0,0,140
11,8,3,1,1,0,0,0,159
0,0,0,1,1,0,0,0,163
116,66,50,1,1,0,0,0,1452
120,103,17,1,1,0,0,0.00125944584382872,794
155,86,69,3,0,0,0,0.00112359550561798,890
9,5,4,1,1,0,0,0.00847457627118644,118
35,14,21,1,1,0,0,0,298
6,3,3,1,1,0,0,0,116
18,9,9,1,1,0,0,0.0040650406504065,246
12,6,6,1,1,0,0,0,200
7,3,4,1,1,0,0,0,202
3,2,1,1,1,0,0,0,223
7,3,4,1,1,0,0,0,449
7,3,4,1,1,0,0,0,461
7,3,4,1,1,0,0,0,520
5,3,2,1,1,0,0,0,362
7,4,3,1,1,0,0,0,301
5,3,2,1,1,0,0,0,301
7,3,4,1,1,0,0,0,459
3,2,1,1,1,0,0,0,301
3,2,1,1,1,0,0,0,231
3,2,1,1,1,0,0,0,237
3,2,1,1,1,0,0,0,254
5,3,2,1,1,0,0,0,297
15,7,8,1,1,0,0,0,328
7,3,4,1,1,0,0,0,351
7,3,4,1,1,0,0,0,382
7,3,4,1,1,0,0,0,403
7,3,4,1,1,0,0,0,403
15,2,13,1,1,0,0,0,317
3,0,3,1,1,0,0,0,279
168,98,70,1,1,0,0,0.0023094688221709,433
369,344,25,1,1,0,0,0.00273224043715847,732
215,189,26,1,1,0,0,0,448
205,140,65,1,1,0,0,0,677
0,0,0,1,1,0,0,0,172
0,0,0,1,1,0,0,0,333
0,0,0,1,1,0,0,0,462
0,0,0,1,1,0,0,0,487
0,0,0,1,1,0,0,0,372
0,0,0,1,1,0,0,0,199
210,172,38,1,1,0,0,0,424
167,149,18,1,1,0,0,0,740
183,163,20,1,1,0,0,0,248
12,6,6,1,1,0,0,0,154
61,57,4,1,1,0,0,0.00671140939597315,149
0,0,0,1,1,0,0,0,529
8,4,4,1,1,0,0,0,115
0,0,0,1,1,0,0,0,0
131,67,64,1,1,0,0,0,544
97,81,16,1,1,0,0,0,364
31,6,25,1,1,0,0,0,95
90,59,31,1,1,0,0,0,159
69,35,34,1,1,0,0,0,455
38,31,7,1,1,0,0,0,250
0,0,0,1,1,0,0,0,272
9,5,4,1,1,0,0,0,113
42,34,8,1,1,0,0,0,261
0,0,0,1,1,0,0,0,376
0,0,0,1,1,0,0,0,258
20,13,7,1,1,0,0,0,242
0,0,0,1,1,0,0,0,0
0,0,0,1,1,0,0,0,187
0,0,0,1,1,0,0,0,317
0,0,0,1,1,0,0,0,166
0,0,0,1,1,0,0,0,307
0,0,0,1,1,0,0,0,282
0,0,0,1,1,0,0,0,213
0,0,0,1,1,0,0,0,67
0,0,0,1,1,0,0,0.00233644859813084,428
0,0,0,1,1,0,0,0,329
0,0,0,1,1,0,0,0,240
0,0,0,1,1,0,0,0,288
101,36,65,1,1,0,0,0,208
0,0,0,1,1,0,0,0,184
0,0,0,1,1,0,0,0,98
0,0,0,1,1,0,0,0,136
36,27,9,1,1,0,0,0,192
0,0,0,1,1,0,0,0,324
0,0,0,1,1,0,0,0,0
0,0,0,1,1,0,0,0,105
0,0,0,1,1,0,0,0,107
0,0,0,1,1,0,0,0,448
0,0,0,1,1,0,0,0,425
0,0,0,1,1,0,0,0,825
106,60,46,1,1,0,0,0,521
64,14,50,1,1,0,0,0,275
162,149,13,1,1,0,0,0,434
0,0,0,1,1,0,0,0,220
16,10,6,1,1,0,0,0,478
0,0,0,1,1,0,0,0,282
11,6,5,1,1,0,0,0,130
0,0,0,1,1,0,0,0,0
0,0,0,1,1,0,0,0,0
1098,890,208,1,1,0,0,0.000569476082004556,1756
9,5,4,1,1,0,0,0,66
18,4,14,1,1,0,0,0.00408163265306122,245
13,7,6,1,1,0,0,0,305
17,13,4,1,1,0,0,0,66
39,20,19,1,1,0,0,0,972
9,4,5,1,1,0,0,0,92
41,15,26,1,1,0,0,0.0012987012987013,770
9,4,5,1,1,0,0,0,92
7,3,4,1,1,0,0,0,569
17,13,4,1,1,0,0,0,66
27,14,13,1,1,0,0,0,384
34,9,25,1,1,0,0,0.00210970464135021,474
0,0,0,1,1,0,0,0,282
0,0,0,1,1,0,0,0,90
28,22,6,1,1,0,0,0,593
22,19,3,1,1,0,0,0,210
8,5,3,1,1,0,0,0,412
57,33,24,1,1,0,0,0,120
47,27,20,1,1,0,0,0,238
15,7,8,1,1,0,0,0.00189393939393939,528
8,4,4,1,1,0,0,0,193
14,7,7,1,1,0,0,0,223
12,5,7,1,1,0,0,0,277
0,0,0,1,1,0,0,0,66
0,0,0,1,1,0,0,0,0
832,344,488,1,1,0,0,0.000612745098039216,1632
0,0,0,1,1,0,0,0,0
10,5,5,1,1,0,0,0,616
0,0,0,1,1,0,0,0.00325732899022801,307
104,33,71,1,1,0,0,0,116
14,4,10,1,1,0,0,0,94
0,0,0,1,1,0,0,0,0
7,4,3,1,1,0,0,0,131
19,4,15,1,1,0,0,0,110
8,4,4,1,1,0,0,0,56
15,12,3,1,1,0,0,0.00380228136882129,263
9,5,4,1,1,0,0,0,66
0,0,0,1,1,0,0,0,0
0,0,0,1,1,0,0,0,0
0,0,0,1,1,0,0,0,0
15,10,5,1,1,0,0,0,70
0,0,0,1,1,0,0,0,125
0,0,0,1,1,0,0,0,266
0,0,0,1,1,0,0,0,115
0,0,0,1,1,0,0,0,103
0,0,0,1,1,0,0,0,122
0,0,0,1,1,0,0,0,294
57,18,39,1,1,0,0,0,149
0,0,0,1,1,0,0,0,253
0,0,0,1,1,0,0,0,98
0,0,0,1,1,0,0,0,260
11,6,5,1,1,0,0,0,66
15,8,7,1,1,0,0,0,159
0,0,0,1,1,0,0,0,0
48,36,12,1,1,0,0,0,164
7,3,4,1,1,0,0,0,406
7,3,4,1,1,0,0,0,393
10,5,5,1,1,0,0,0,153
11,8,3,1,1,0,0,0,352
20,16,4,1,1,0,0,0,175
7,3,4,1,1,0,0,0,136
6,3,3,1,1,0,0,0,289
11,6,5,1,1,0,0,0,67
37,15,22,1,1,0,0,0,218
8,4,4,1,1,0,0,0,309
15,9,6,1,1,0,0,0,432
52,3,49,1,1,0,0,0,142
195,149,46,1,1,0,0,0,471
216,63,153,1,1,0,0,0,151
215,115,100,1,1,0,0,0,291
24,12,12,1,1,0,0,0,353
0,0,0,1,1,0,0,0,142
0,0,0,1,1,0,0,0,0
72,47,25,1,1,0,0,0,656
46,41,5,1,1,0,0,0,101
45,24,21,1,1,0,0,0,233
43,20,23,1,1,0,0,0,387
0,0,0,1,1,0,0,0,247
0,0,0,1,1,0,0,0,530
0,0,0,1,1,0,0,0,174
0,0,0,1,1,0,0,0.00284900284900285,351
0,0,0,1,1,0,0,0,210
23,17,6,1,1,0,0,0,474
66,31,35,2,1,1,0,0,599
11,6,5,1,1,0,0,0,66
12,9,3,1,1,0,0,0,341
13,9,4,1,1,0,0,0,336
9,4,5,1,1,0,0,0,122
0,0,0,1,1,0,0,0,335
0,0,0,1,1,0,0,0,335
0,0,0,1,1,0,0,0,410
0,0,0,1,1,0,0,0,143
0,0,0,1,1,0,0,0,139
22,11,11,1,1,0,0,0,533
10,4,6,1,1,0,0,0,542
0,0,0,1,1,0,0,0,128
0,0,0,1,1,0,0,0,187
12,5,7,1,1,0,0,0,137
0,0,0,1,1,0,0,0,162
67,45,22,1,1,0,0,0,216
0,0,0,1,1,0,0,0,719
0,0,0,1,1,0,0,0,445
0,0,0,1,1,0,0,0,124
0,0,0,1,1,0,0,0,151
9,5,4,1,1,0,0,0,126
0,0,0,1,1,0,0,0,483
129,117,12,1,1,0,0,0,709
12,5,7,1,1,0,0,0,564
7,3,4,1,1,0,0,0,587
12,5,7,1,1,0,0,0,567
39,13,26,1,1,0,0,0,487
11,6,5,1,1,0,0,0,66
92,78,14,1,1,0,0,0.00172117039586919,581
297,294,3,1,1,0,0,0,882
16,11,5,1,1,0,0,0,71
50,34,16,1,1,0,0,0,200
22,16,6,1,1,0,0,0,220
6,3,3,1,1,0,0,0,273
0,0,0,1,1,0,0,0,308
42,29,13,1,1,0,0,0,287
0,0,0,1,1,0,0,0,400
0,0,0,1,1,0,0,0,318
123,85,38,1,1,0,0,0,446
42,30,12,1,1,0,0,0,191
14,7,7,1,1,0,0,0,270
17,7,10,1,1,0,0,0,195
34,13,21,1,1,0,0,0,485
23,7,16,1,1,0,0,0,135
10,5,5,1,1,0,0,0,181
40,18,22,1,1,0,0,0,209
18,9,9,1,1,0,0,0,164
14,8,6,1,1,0,0,0,199
32,20,12,1,1,0,0,0,529
379,214,165,1,1,0,0,0,975
535,378,157,4,1,0,0,0.00101729399796541,983
221,184,37,1,1,0,0,0,597
46,14,32,1,1,0,0,0,453
495,388,107,1,1,0,0,0,2080
65,54,11,1,1,0,0,0,830
1451,688,763,1,1,0,0,0,1642
11,7,4,1,1,0,0,0,195
70,62,8,1,1,0,0,0,335
24,20,4,1,1,0,0,0,110
160,155,5,1,1,0,0,0,452
35,30,5,1,1,0,0,0,244
40,10,30,1,1,0,0,0,357
21,17,4,1,1,0,0,0,117
0,0,0,1,1,0,0,0,0
224,160,64,1,1,0,0,0,400
7540,4322,3218,1,1,0,0,0.00128342245989305,9350
6,3,3,1,1,0,0,0,189
8,4,4,1,1,0,0,0,219
8,4,4,1,1,0,0,0.00293255131964809,341
43,16,27,1,1,0,0,0,352
0,0,0,1,1,0,0,0,0
386,292,94,1,1,0,0,0,637
223,132,91,1,1,0,0,0,424
0,0,0,1,1,0,0,0,188
3738,1976,1762,1,1,0,0,0.000512120177534995,5858
48,24,24,1,1,0,0,0,137
0,0,0,1,1,0,0,0,123
0,0,0,1,1,0,0,0,0
908,504,404,1,1,0,0,0.000505050505050505,1980
0,0,0,1,1,0,0,0,77
295,7,288,1,1,0,0,0,61
22,18,4,1,1,0,0,0,87
17,8,9,1,1,0,0,0,69
24,21,3,1,1,0,0,0,90
0,0,0,1,1,0,0,0,396
253,159,94,1,1,0,0,0,656
365,240,125,1,1,0,0,0,711
335,242,93,1,1,0,0,0.00114155251141553,876
0,0,0,1,1,0,0,0,0
304,182,122,1,1,0,0,0.00116279069767442,860
1299,10,1289,1,1,0,0,0,52
0,0,0,1,1,0,0,0.00112676056338028,1775
2511,1521,990,1,1,0,0,0.00100874243443174,2974
140,43,97,1,1,0,0,0,517
1922,1377,545,2,1,1,0,0.000382995021064726,2611
2102,1507,595,1,1,0,0,0.00134734572891404,3711
0,0,0,1,1,0,0,0,0
164,133,31,1,1,0,0,0,473
84,9,75,1,1,0,0,0,52
0,0,0,1,1,0,0,0,98
127,3,124,1,1,0,0,0,57
0,0,0,1,1,0,0,0,0
84,9,75,1,1,0,0,0,49
0,0,0,1,1,0,0,0.0105263157894737,95
127,3,124,1,1,0,0,0,53
0,0,0,1,1,0,0,0,0
84,9,75,1,1,0,0,0,51
0,0,0,1,1,0,0,0,97
127,3,124,1,1,0,0,0,56
0,0,0,1,1,0,0,0,0
15,10,5,1,1,0,0,0,50
0,0,0,1,1,0,0,0,46
16,12,4,1,1,0,0,0,53
55,14,41,1,1,0,0,0,101
0,0,0,1,1,0,0,0,0
300,8,292,1,1,0,0,0,53
0,0,0,1,1,0,0,0,97
174,150,24,1,1,0,0,0,206
99,93,6,1,1,0,0,0,159
260,31,229,1,1,0,0,0,202
177,114,63,1,1,0,0,0,257
0,0,0,1,1,0,0,0,0
11,7,4,1,1,0,0,0,48
0,0,0,1,1,0,0,0,46
16,12,4,1,1,0,0,0,53
0,0,0,1,1,0,0,0,0
148,8,140,1,1,0,0,0,49
0,0,0,1,1,0,0,0.0106382978723404,94
295,3,292,1,1,0,0,0,53
0,0,0,1,1,0,0,0,0
179,33,146,1,1,0,0,0,146
144,34,110,1,1,0,0,0,169
107,32,75,1,1,0,0,0,87
107,45,62,1,1,0,0,0.00352112676056338,284
45,30,15,1,1,0,0,0,245
77,46,31,1,1,0,0,0,268
1685,1304,381,1,1,0,0,0.000440334654337296,4542
201,135,66,1,1,0,0,0,572
318,286,32,1,1,0,0,0,1260
123,106,17,1,1,0,0,0,385
90,82,8,1,1,0,0,0.00337268128161889,593
368,333,35,1,1,0,0,0,1235
54,28,26,1,1,0,0,0,974
268,128,140,1,1,0,0,0,721
18,12,6,1,1,0,0,0,142
24,8,16,1,1,0,0,0,273
0,0,0,1,1,0,0,0,445
16,13,3,1,1,0,0,0,161
28,15,13,1,1,0,0,0.00589970501474926,339
14,9,5,1,1,0,0,0,215
16,10,6,1,1,0,0,0,190
22,11,11,1,1,0,0,0,210
8,4,4,1,1,0,0,0,104
0,0,0,1,1,0,0,0,343
0,0,0,1,1,0,0,0,314
0,0,0,1,1,0,0,0,168
0,0,0,1,1,0,0,0,308
0,0,0,1,1,0,0,0.00636942675159236,157
0,0,0,1,1,0,0,0,341
334,247,87,1,1,0,0,0.000947867298578199,1055
324,160,164,1,1,0,0,0.00204498977505112,489
0,0,0,1,1,0,0,0,61
56,53,3,1,1,0,0,0,169
8,4,4,1,1,0,0,0,465
62,52,10,1,1,0,0,0,176
0,0,0,1,1,0,0,0,133
0,0,0,1,1,0,0,0,124
200,98,102,1,1,0,0,0.00735294117647059,272
126,46,80,1,1,0,0,0,238
153,98,55,1,1,0,0,0,786
9,6,3,1,1,0,0,0,134
284,40,244,4,1,0,0,0.0029673590504451,337
0,0,0,3,1,0,0,0,230
467,316,151,6,1,1,0,0.00221729490022173,902
0,0,0,3,1,0,0,0,70
0,0,0,3,1,0,0,0,79
0,0,0,3,1,0,0,0,79
0,0,0,3,1,0,0,0,501
41,14,27,4,1,0,0,0,135
15,8,7,2,1,1,0,0,435
525,154,371,5,1,0,0,0.000935453695042095,1069
484,111,373,7,1,1,0,0,228
299,177,122,4,1,0,0,0,371
17,10,7,3,1,0,0,0,96
42,20,22,1,1,0,0,0,923
45,7,38,1,1,0,0,0.00186567164179104,536
18,9,9,1,1,0,0,0,793
12,5,7,1,1,0,0,0.0014792899408284,676
22,12,10,1,1,0,0,0.00514579759862779,583
17,8,9,1,1,0,0,0.00212765957446809,470
19,9,10,1,1,0,0,0.000879507475813544,1137
8,4,4,1,1,0,0,0.00350877192982456,285
16,10,6,1,1,0,0,0,181
31,27,4,1,1,0,0,0,317
70,56,14,2,1,0,0,0,713
12,8,4,1,1,0,0,0,82
103,64,39,2,1,0,0,0,802
12,8,4,1,1,0,0,0,177
12,6,6,1,1,0,0,0.00267379679144385,374
132,64,68,1,1,0,0,0,809
22,11,11,1,1,0,0,0,317
412,218,194,1,1,0,0,0,1451
87,34,53,1,1,0,0,0,434
178,115,63,1,1,0,0,0,827
128,31,97,1,1,0,0,0.000900900900900901,1110
68,17,51,1,1,0,0,0.00194931773879142,513
142,88,54,1,1,0,0,0.0031104199066874,643
0,0,0,1,1,0,0,0.00249687890137328,801
0,0,0,1,1,0,0,0,154
46,11,35,1,1,0,0,0,350
32,15,17,1,1,0,0,0,150
36,33,3,1,1,0,0,0,389
8,4,4,1,1,0,0,0,426
6,3,3,1,1,0,0,0,948
8,4,4,1,1,0,0,0,328
21,10,11,1,1,0,0,0.00288184438040346,347
203,7,196,1,1,0,0,0,549
11,6,5,1,1,0,0,0,425
28,15,13,2,1,1,0,0.001085776330076,921
10,5,5,1,1,0,0,0,288
14,7,7,2,1,0,0,0,219
105,57,48,1,1,0,0,0,421
22,14,8,1,1,0,0,0,787
14,11,3,1,1,0,0,0.00147058823529412,680
8,4,4,1,1,0,0,0,212
26,13,13,2,1,0,0,0,321
8,4,4,1,1,0,0,0,367
9,4,5,1,1,0,0,0,208
40,37,3,1,1,0,0,0,215
6,3,3,1,1,0,0,0,300
22,11,11,1,1,0,0,0,439
37,29,8,1,1,0,0,0.00354609929078014,282
43,37,6,2,1,0,0,0.00302114803625378,331
112,69,43,2,1,0,0,0,437
10,5,5,1,1,0,0,0,132
6,3,3,1,1,0,0,0,176
6,3,3,1,1,0,0,0,75
21,13,8,1,1,0,0,0,278
0,0,0,1,1,0,0,0.00396825396825397,252
10,5,5,1,1,0,0,0,623
0,0,0,1,1,0,0,0,0
8,4,4,1,1,0,0,0,97
6,3,3,1,1,0,0,0,275
63,30,33,3,1,2,0,0.00314465408805031,318
14,7,7,1,1,0,0,0.0029940119760479,334
6,3,3,1,1,0,0,0,1185
621,371,250,1,1,0,0,0.00547302580140735,1279
7,4,3,1,1,0,0,0,164
8,4,4,1,1,0,0,0.004149377593361,241
278,263,15,1,1,0,0,0.00163934426229508,1220
28,17,11,1,1,0,0,0,130
18,15,3,1,1,0,0,0,266
435,317,118,1,1,0,0,0,491
0,0,0,1,1,0,0,0.00257731958762887,388
889,604,285,2,1,1,0,0.00113765642775882,879
0,0,0,1,1,0,0,0,274
37,32,5,1,1,0,0,0,123
31,28,3,1,1,0,0,0,201
9,5,4,1,1,0,0,0.00819672131147541,122
0,0,0,1,1,0,0,0,96
10,6,4,1,1,0,0,0,103
141,107,34,1,1,0,0,0.00373134328358209,536
0,0,0,1,1,0,0,0.00558659217877095,179
6,3,3,1,1,0,0,0,256
18,14,4,1,1,0,0,0,182
6,3,3,1,1,0,0,0,263
0,0,0,1,1,0,0,0,110
131,98,33,2,1,0,0,0,318
492,333,159,1,1,0,0,0.00165289256198347,605
97,28,69,1,1,0,0,0,823
135,76,59,2,0,0,0,0,1157
97,54,43,1,1,0,0,0,682
78,72,6,1,1,0,0,0,274
24,18,6,1,1,0,0,0,328
8,4,4,1,1,0,0,0.0151515151515152,66
0,0,0,1,1,0,0,0,117
35,31,4,1,1,0,0,0,487
80,62,18,2,1,0,0,0,672
849,484,365,3,1,0,0,0.000896057347670251,2232
14,7,7,1,1,0,0,0,135
53,39,14,2,1,0,0,0,344
8,4,4,1,1,0,0,0,132
11,6,5,1,1,0,0,0,1100
8,4,4,1,1,0,0,0,192
75,58,17,1,1,0,0,0,558
54,29,25,1,1,0,0,0.00330760749724366,907
10,5,5,1,1,0,0,0,128
1390,1287,103,1,1,0,0,0,2145
30,25,5,1,1,0,0,0,191
7,4,3,1,1,0,0,0,149
10,5,5,1,1,0,0,0,144
4,2,2,1,1,0,0,0,188
9,5,4,1,1,0,0,0,142
10,5,5,1,1,0,0,0,258
19,11,8,1,1,0,0,0,407
80,40,40,1,1,0,0,0,307
10,5,5,1,1,0,0,0,123
12,3,9,1,1,0,0,0,156
0,0,0,1,1,0,0,0.00255102040816327,784
0,0,0,1,1,0,0,0,68
0,0,0,1,1,0,0,0,86
0,0,0,1,1,0,0,0,79
0,0,0,1,1,0,0,0,206
0,0,0,1,1,0,0,0,161
0,0,0,1,1,0,0,0,87
0,0,0,1,1,0,0,0,84
0,0,0,1,1,0,0,0,482
0,0,0,1,1,0,0,0,113
0,0,0,1,1,0,0,0,249
0,0,0,1,1,0,0,0.00287769784172662,695
0,0,0,1,1,0,0,0,297
0,0,0,1,1,0,0,0.0108695652173913,276
0,0,0,1,1,0,0,0,202
0,0,0,1,1,0,0,0,95
0,0,0,1,1,0,0,0,219
0,0,0,1,1,0,0,0,152
0,0,0,1,1,0,0,0.00261780104712042,382
0,0,0,1,1,0,0,0,96
0,0,0,1,1,0,0,0,186
0,0,0,1,1,0,0,0,201
0,0,0,1,1,0,0,0,136
0,0,0,1,1,0,0,0,657
0,0,0,1,1,0,0,0,185
0,0,0,1,1,0,0,0,285
0,0,0,1,1,0,0,0.00371747211895911,269
0,0,0,1,1,0,0,0,392
0,0,0,1,1,0,0,0.00613496932515337,163
0,0,0,1,1,0,0,0.00238095238095238,420
0,0,0,1,1,0,0,0,640
0,0,0,1,1,0,0,0,99
0,0,0,1,1,0,0,0,73
0,0,0,1,1,0,0,0,215
10,5,5,1,1,0,0,0,315
24,12,12,1,1,0,0,0,241
72,35,37,1,1,0,0,0.0031055900621118,322
6,3,3,1,1,0,0,0,140
0,0,0,1,1,0,0,0,192
79,8,71,1,1,0,0,0,58
6,3,3,1,1,0,0,0,127
6,3,3,1,1,0,0,0,252
12,9,3,1,1,0,0,0,123
9,5,4,2,1,0,0,0,150
45,30,15,5,0,0,0,0,84
0,0,0,3,1,0,0,0,164
8,4,4,2,1,0,0,0,196
9,3,6,4,1,0,0,0,174
19,9,10,2,1,0,0,0,286
50,42,8,3,1,0,0,0,183
39,18,21,5,1,0,0,0,498
32,11,21,3,1,0,0,0,76
23,11,12,2,1,0,0,0,95
47,23,24,2,1,0,0,0,167
8,4,4,2,1,0,0,0,156
44,28,16,1,1,0,0,0.00179533213644524,557
7,3,4,1,1,0,0,0,146
26,17,9,1,1,0,0,0,402
148,109,39,1,1,0,0,0.00395256916996047,253
0,0,0,1,1,0,0,0,122
17,11,6,1,1,0,0,0,146
35,22,13,1,1,0,0,0,101
6,3,3,1,1,0,0,0,125
0,0,0,1,1,0,0,0,0
83,50,33,1,1,0,0,0,210
264,123,141,1,1,0,0,0,290
136,40,96,1,1,0,0,0,739
42,35,7,1,1,0,0,0,141
19,10,9,1,1,0,0,0,212
49,24,25,1,1,0,0,0,172
288,180,108,1,1,0,0,0.00187441424554827,1067
127,77,50,1,1,0,0,0,378
722,528,194,1,1,0,0,0.000577700751010976,1731
340,165,175,1,1,0,0,0,840
210,136,74,1,1,0,0,0.00591715976331361,338
14,7,7,1,1,0,0,0,87
0,0,0,1,1,0,0,0,0
42,10,32,1,1,0,0,0,320
26,3,23,1,1,0,0,0,113
40,35,5,1,1,0,0,0.00258397932816537,387
329,163,166,1,1,0,0,0.0028169014084507,355
33,25,8,1,1,0,0,0,97
39,27,12,1,1,0,0,0,105
31,23,8,1,1,0,0,0,108
29,22,7,1,1,0,0,0,98
29,22,7,1,1,0,0,0,98
30,22,8,1,1,0,0,0,111
64,28,36,1,1,0,0,0,105
30,22,8,1,1,0,0,0,98
64,40,24,1,1,0,0,0.0062111801242236,161
77,35,42,1,1,0,0,0,134
0,0,0,1,1,0,0,0.00444444444444444,225
0,0,0,1,1,0,0,0,0
99,83,16,1,1,0,0,0.0238095238095238,126
143,71,72,1,1,0,0,0,143
21,12,9,1,1,0,0,0,69
38,26,12,1,1,0,0,0,68
9,6,3,1,1,0,0,0,111
33,26,7,1,1,0,0,0,211
120,64,56,1,1,0,0,0,183
55,30,25,1,1,0,0,0,114
19,8,11,1,1,0,0,0,169
24,11,13,1,1,0,0,0,146
19,7,12,1,1,0,0,0,89
62,20,42,1,1,0,0,0,130
88,49,39,1,1,0,0,0,119
0,0,0,1,1,0,0,0.00286123032904149,699
0,0,0,1,1,0,0,0,296
0,0,0,1,1,0,0,0.00390625,256
0,0,0,1,1,0,0,0,133
156,143,13,1,1,0,0,0,556
76,45,31,1,1,0,0,0,240
0,0,0,1,1,0,0,0,142
8,4,4,1,1,0,0,0,246
61,39,22,1,1,0,0,0,126
0,0,0,1,1,0,0,0,267
0,0,0,1,1,0,0,0,339
10,6,4,1,1,0,0,0,330
132,122,10,1,1,0,0,0.00209643605870021,477
667,455,212,1,1,0,0,0,692
0,0,0,1,1,0,0,0,429
0,0,0,1,1,0,0,0,77
35,29,6,1,1,0,0,0,220
26,22,4,1,1,0,0,0,99
81,55,26,1,1,0,0,0,245
156,107,49,1,1,0,0,0,2177
394,310,84,1,1,0,0,0.0025706940874036,778
12,6,6,1,1,0,0,0,219
259,245,14,1,1,0,0,0,854
12,6,6,1,1,0,0,0,208
12,9,3,1,1,0,0,0,186
12,7,5,1,1,0,0,0,109
15,6,9,1,1,0,0,0,224
11,5,6,1,1,0,0,0,135
8,4,4,1,1,0,0,0,88
17,8,9,1,1,0,0,0,260
0,0,0,1,1,0,0,0,261
0,0,0,1,1,0,0,0,301
0,0,0,1,1,0,0,0,159
0,0,0,1,1,0,0,0,68
0,0,0,1,1,0,0,0,281
0,0,0,1,1,0,0,0,383
0,0,0,1,1,0,0,0,186
0,0,0,1,1,0,0,0,172
0,0,0,1,1,0,0,0,117
10,5,5,2,1,0,0,0,221
0,0,0,1,1,0,0,0,115
0,0,0,1,1,0,0,0,183
0,0,0,1,1,0,0,0,131
0,0,0,1,1,0,0,0,105
0,0,0,1,1,0,0,0,684
0,0,0,1,1,0,0,0,178
0,0,0,1,1,0,0,0,60
0,0,0,1,1,0,0,0,81
0,0,0,1,1,0,0,0,84
0,0,0,1,1,0,0,0,53
0,0,0,1,1,0,0,0,63
7,4,3,2,1,0,0,0,54
0,0,0,1,1,0,0,0,61
0,0,0,1,1,0,0,0,90
0,0,0,1,1,0,0,0,67
0,0,0,1,1,0,0,0,103
0,0,0,1,1,0,0,0,113
0,0,0,1,1,0,0,0,60
0,0,0,1,1,0,0,0,63
0,0,0,1,1,0,0,0.0050251256281407,199
0,0,0,1,1,0,0,0.0175438596491228,114
0,0,0,1,1,0,0,0,334
0,0,0,1,1,0,0,0,59
0,0,0,1,1,0,0,0,256
0,0,0,1,1,0,0,0,60
0,0,0,1,1,0,0,0,89
0,0,0,1,1,0,0,0,60
0,0,0,1,1,0,0,0,147
0,0,0,1,1,0,0,0,201
0,0,0,1,1,0,0,0,63
23,13,10,1,1,0,0,0,213
8,4,4,1,1,0,0,0,399
12,8,4,1,1,0,0,0,235
12,6,6,1,1,0,0,0,122
8,4,4,2,1,0,0,0,134
9,5,4,1,1,0,0,0,624
8,4,4,1,1,0,0,0,97
8,4,4,1,1,0,0,0,94
54,30,24,1,1,0,0,0,193
16,8,8,3,1,0,0,0,263
6,3,3,1,1,0,0,0,190
8,4,4,1,1,0,0,0,82
59,45,14,2,0,0,0,0.0024390243902439,410
125,87,38,2,1,1,0,0,623
32,15,17,1,1,0,0,0,119
102,91,11,1,1,0,0,0,443
164,106,58,1,1,0,0,0,685
0,0,0,1,1,0,0,0,0
149,117,32,2,1,1,0,0.00458015267175573,655
346,212,134,2,1,0,0,0.00214132762312634,467
12,8,4,1,1,0,0,0,135
32,17,15,1,1,0,0,0,245
431,323,108,1,1,0,0,0.00159362549800797,2510
87,83,4,1,1,0,0,0,366
36,30,6,1,1,0,0,0,344
51,21,30,1,1,0,0,0.000967117988394584,1034
0,0,0,1,1,0,0,0,108
0,0,0,1,1,0,0,0,106
0,0,0,1,1,0,0,0,110
0,0,0,1,1,0,0,0,495
6,3,3,1,1,0,0,0,214
127,55,72,1,1,0,0,0,762
1,0,1,1,1,0,0,0,317
10,5,5,1,1,0,0,0.00168634064080944,593
14,10,4,1,1,0,0,0,123
8,4,4,1,1,0,0,0,337
0,0,0,1,1,0,0,0,232
198,152,46,1,1,0,0,0.0014903129657228,671
0,0,0,1,1,0,0,0,0
158,133,25,1,1,0,0,0,826
18,11,7,1,1,0,0,0,118
105,76,29,1,1,0,0,0.00139470013947001,717
0,0,0,1,1,0,0,0,0
12,6,6,1,1,0,0,0,601
168,138,30,1,1,0,0,0.000868809730668983,1151
65,46,19,1,1,0,0,0.0024390243902439,410
24,13,11,1,1,0,0,0,268
214,116,98,1,1,0,0,0,325
6,3,3,1,1,0,0,0,152
0,0,0,1,1,0,0,0,0
31,17,14,1,1,0,0,0,97
29,13,16,1,1,0,0,0,201
164,82,82,1,1,0,0,0,3697
0,0,0,1,1,0,0,0,0
0,0,0,1,1,0,0,0,0
0,0,0,1,1,0,0,0,0
0,0,0,1,1,0,0,0,0
0,0,0,1,1,0,0,0,0
0,0,0,3,1,0,0,0,99
0,0,0,3,1,0,0,0,159
0,0,0,3,1,0,0,0,3616
0,0,0,3,1,0,0,0,323
0,0,0,3,1,0,0,0,231
16,8,8,2,1,1,0,0,191
27,7,20,1,1,0,0,0,264
6,3,3,1,1,0,0,0,341
87,50,37,1,1,0,0,0,412
10,5,5,1,1,0,0,0,222
6,3,3,1,1,0,0,0,235
28,19,9,1,1,0,0,0.00495049504950495,202
67,64,3,1,1,0,0,0.00319488817891374,313
34,31,3,1,1,0,0,0,554
0,0,0,1,1,0,0,0,94
0,0,0,1,1,0,0,0,112
0,0,0,1,1,0,0,0,248
0,0,0,1,1,0,0,0,210
0,0,0,1,1,0,0,0,220
0,0,0,1,1,0,0,0,134
6,3,3,1,1,0,0,0,163
0,0,0,1,1,0,0,0,111
61,8,53,1,1,0,0,0,257
57,49,8,2,1,1,0,0.00317460317460317,315
8,4,4,1,1,0,0,0,123
8,4,4,1,1,0,0,0,173
15,12,3,1,1,0,0,0,176
0,0,0,1,1,0,0,0,0
0,0,0,1,1,0,0,0,0
0,0,0,1,1,0,0,0,0
0,0,0,1,1,0,0,0,0
381,350,31,1,1,0,0,0,1913
16,11,5,1,1,0,0,0,183
217,141,76,1,1,0,0,0,542
292,264,28,1,1,0,0,0.00330760749724366,907
78,70,8,1,1,0,0,0,379
136,129,7,1,1,0,0,0,584
14,7,7,1,1,0,0,0,451
62,50,12,1,1,0,0,0,1634
29,17,12,1,1,0,0,0,724
288,195,93,1,1,0,0,0.00236742424242424,2112
0,0,0,1,1,0,0,0,219
0,0,0,1,1,0,0,0,113
320,290,30,1,1,0,0,0.00251730648206419,1589
10,5,5,1,1,0,0,0,219
75,11,64,1,1,0,0,0,676
0,0,0,1,1,0,0,0,104
0,0,0,1,1,0,0,0,184
0,0,0,1,1,0,0,0,80
75,62,13,1,1,0,0,0,482
0,0,0,1,1,0,0,0.00625,320
73,39,34,1,1,0,0,0,969
1090,705,385,1,1,0,0,0.00110741971207087,1806
0,0,0,1,1,0,0,0,0
19,10,9,1,1,0,0,0.00221238938053097,452
319,182,137,1,1,0,0,0.0029585798816568,338
10,6,4,1,1,0,0,0,412
87,46,41,1,1,0,0,0,551
183,107,76,1,1,0,0,0,395
0,0,0,1,1,0,0,0,103
0,0,0,1,1,0,0,0.00261096605744125,383
0,0,0,1,1,0,0,0,428
0,0,0,1,1,0,0,0,338
207,139,68,2,1,1,0,0,367
12,6,6,1,1,0,0,0,198
44,40,4,1,1,0,0,0,362
432,273,159,1,1,0,0,0.00242424242424242,825
0,0,0,1,1,0,0,0.00390625,256
0,0,0,1,1,0,0,0,105
668,609,59,1,1,0,0,0,952
0,0,0,1,1,0,0,0,145
0,0,0,1,1,0,0,0,386
213,73,140,1,1,0,0,0,375
0,0,0,1,1,0,0,0,219
0,0,0,1,1,0,0,0,334
461,250,211,1,1,0,0,0,1966
0,0,0,1,1,0,0,0,728
18,13,5,2,0,0,0,0,279
121,67,54,2,0,0,0,0,731
792,425,367,1,1,0,0,0,1303
172,70,102,1,1,0,0,0,691
0,0,0,1,1,0,0,0,86
0,0,0,1,1,0,0,0,125
0,0,0,1,1,0,0,0.00255102040816327,392
867,592,275,1,1,0,0,0.0031813361611877,943
0,0,0,1,1,0,0,0.0031201248049922,641
8,5,3,1,1,0,0,0,441
17,8,9,1,1,0,0,0.00529100529100529,189
0,0,0,1,1,0,0,0,187
0,0,0,1,1,0,0,0,505
86,23,63,1,1,0,0,0,465
0,0,0,1,1,0,0,0,211
7,4,3,1,1,0,0,0,134
40,23,17,1,1,0,0,0,370
22,12,10,1,1,0,0,0,200
170,158,12,1,1,0,0,0,477
75,20,55,1,1,0,0,0,337
648,550,98,2,0,0,0,0.0006265664160401,1596
49,25,24,1,1,0,0,0,340
67,34,33,1,1,0,0,0,257
8,4,4,1,1,0,0,0,155
48,24,24,1,1,0,0,0,360
39,32,7,1,1,0,0,0,123
137,48,89,1,1,0,0,0,565
8,4,4,1,1,0,0,0,208
24,13,11,1,1,0,0,0,182
125,38,87,1,1,0,0,0,198
114,39,75,1,1,0,0,0,201
176,70,106,1,1,0,0,0.00182481751824818,548
81,40,41,1,1,0,0,0.00380228136882129,263
287,147,140,1,1,0,0,0.00257400257400257,777
8,5,3,1,1,0,0,0,79
30,18,12,1,1,0,0,0,220
43,23,20,1,1,0,0,0,181
0,0,0,1,1,0,0,0,103
71,44,27,1,1,0,0,0,706
10,5,5,1,1,0,0,0,477
16,9,7,1,1,0,0,0,333
111,64,47,3,1,2,0,0.00491159135559921,1018
104,9,95,1,1,0,0,0.00704225352112676,142
0,0,0,1,1,0,0,0,72
0,0,0,1,1,0,0,0,95
27,18,9,1,1,0,0,0,229
6,3,3,1,1,0,0,0,130
6,3,3,1,1,0,0,0,178
0,0,0,1,1,0,0,0,0
0,0,0,1,1,0,0,0,0
0,0,0,1,1,0,0,0,189
0,0,0,1,1,0,0,0,113
24,5,19,1,1,0,0,0,232
19,10,9,1,1,0,0,0,291
12,6,6,1,1,0,0,0,494
14,7,7,1,1,0,0,0,368
357,259,98,2,1,0,0,0,1648
8,4,4,1,1,0,0,0,77
8,4,4,1,1,0,0,0,191
6,3,3,1,1,0,0,0,209
0,0,0,1,1,0,0,0,68
6,3,3,1,1,0,0,0,64
0,0,0,1,1,0,0,0,81
22,8,14,1,1,0,0,0,619
19,9,10,1,1,0,0,0,271
6,3,3,1,1,0,0,0,155
25,7,18,1,1,0,0,0.00251889168765743,397
6,3,3,1,1,0,0,0,319
6,3,3,1,1,0,0,0,205
6,3,3,1,1,0,0,0,194
6,3,3,1,1,0,0,0,132
6,3,3,1,1,0,0,0,124
6,3,3,1,1,0,0,0.00625,160
6,3,3,1,1,0,0,0,129
857,414,443,1,1,0,0,0,785
246,26,220,1,1,0,0,0,171
0,0,0,1,1,0,0,0.00597609561752988,502
156,93,63,1,1,0,0,0,277
98,71,27,1,1,0,0,0,167
164,141,23,1,1,0,0,0,325
184,141,43,1,1,0,0,0,769
12,6,6,1,1,0,0,0,439
1666,987,679,2,0,1,0,0.00189393939393939,1056
555,514,41,1,1,0,0,0,691
19,9,10,1,1,0,0,0,271
313,289,24,3,1,2,0,0,965
185,177,8,1,1,0,0,0.00325732899022801,307
0,0,0,1,1,0,0,0,511
0,0,0,1,1,0,0,0,105
168,21,147,1,1,0,0,0.00204498977505112,489
0,0,0,1,1,0,0,0.00160128102481986,1249
103,54,49,1,1,0,0,0,845
143,136,7,1,1,0,0,0,650
0,0,0,1,1,0,0,0,73
0,0,0,1,1,0,0,0,122
0,0,0,1,1,0,0,0,198
0,0,0,1,1,0,0,0,295
0,0,0,1,1,0,0,0,68
0,0,0,1,1,0,0,0,64
0,0,0,1,1,0,0,0,64
0,0,0,1,1,0,0,0.010752688172043,93
0,0,0,1,1,0,0,0,102
0,0,0,1,1,0,0,0,71
0,0,0,1,1,0,0,0,64
0,0,0,1,1,0,0,0,64
0,0,0,1,1,0,0,0,64
0,0,0,1,1,0,0,0,64
0,0,0,1,1,0,0,0,64
0,0,0,1,1,0,0,0,64
0,0,0,1,1,0,0,0,73
0,0,0,1,1,0,0,0,85
0,0,0,1,1,0,0,0,79
0,0,0,1,1,0,0,0,79
0,0,0,1,1,0,0,0,73
0,0,0,1,1,0,0,0,76
0,0,0,1,1,0,0,0,77
0,0,0,1,1,0,0,0,73
0,0,0,1,1,0,0,0,73
0,0,0,1,1,0,0,0,77
0,0,0,1,1,0,0,0,78
0,0,0,1,1,0,0,0,74
0,0,0,1,1,0,0,0,72
0,0,0,1,1,0,0,0,80
0,0,0,1,1,0,0,0,70
0,0,0,1,1,0,0,0,68
0,0,0,1,1,0,0,0,79
0,0,0,1,1,0,0,0,83
0,0,0,1,1,0,0,0,86
129,79,50,1,1,0,0,0.000627746390458255,1593
19,12,7,1,1,0,0,0,213
19,14,5,1,1,0,0,0,334
450,425,25,1,1,0,0,0.00134408602150538,744
14,7,7,1,1,0,0,0,163
17,9,8,1,1,0,0,0,402
26,20,6,1,1,0,0,0,920
33,30,3,1,1,0,0,0,155
10,5,5,1,1,0,0,0,88
227,160,67,1,1,0,0,0,1115
10,5,5,1,1,0,0,0,88
369,232,137,1,1,0,0,0,720
2,1,1,1,1,0,0,0,84
14,6,8,1,1,0,0,0,146
0,0,0,1,1,0,0,0.00158982511923688,629
7,4,3,2,0,1,0,0,522
8,3,5,1,1,0,0,0,213
0,0,0,1,1,0,0,0,358
718,345,373,1,1,0,0,0,1127
8,4,4,1,1,0,0,0,130
175,121,54,1,1,0,0,0,742
14,6,8,1,1,0,0,0,112
8,7,1,1,1,0,0,0,88
8,4,4,1,1,0,0,0,91
54,36,18,1,1,0,0,0,121
48,25,23,1,1,0,0,0,225
0,0,0,1,1,0,0,0,181
0,0,0,1,1,0,0,0,179
31,15,16,1,1,0,0,0,98
59,13,46,1,1,0,0,0,218
158,91,67,1,1,0,0,0,315
17,8,9,1,1,0,0,0,115
27,18,9,1,1,0,0,0,148
14,7,7,1,1,0,0,0,120
8,4,4,1,1,0,0,0,90
11,7,4,1,1,0,0,0,93
16,13,3,1,1,0,0,0,186
8,4,4,1,1,0,0,0,90
7,3,4,1,1,0,0,0,123
0,0,0,1,1,0,0,0,181
183,123,60,1,1,0,0,0,894
9,4,5,1,1,0,0,0,90
45,8,37,1,1,0,0,0,119
8,4,4,1,1,0,0,0,131
4,2,2,1,1,0,0,0,166
4,3,1,1,1,0,0,0,86
7,3,4,1,1,0,0,0,128
26,10,16,1,1,0,0,0,234
14,6,8,1,1,0,0,0,93
21,11,10,1,1,0,0,0.0102040816326531,98
35,14,21,1,1,0,0,0,194
0,0,0,1,1,0,0,0,0
28,25,3,1,1,0,0,0,155
65,58,7,1,1,0,0,0,167
8,4,4,1,1,0,0,0,85
9,4,5,1,1,0,0,0,215
9,4,5,1,1,0,0,0,227
9,4,5,1,1,0,0,0,63
29,26,3,1,1,0,0,0,99
16,5,11,1,1,0,0,0,88
0,0,0,1,1,0,0,0,122
86,79,7,1,1,0,0,0,350
0,0,0,1,1,0,0,0,322
0,0,0,1,1,0,0,0,97
0,0,0,1,1,0,0,0.0037593984962406,266
0,0,0,1,1,0,0,0,312
0,0,0,1,1,0,0,0,176
0,0,0,1,1,0,0,0,139
9,4,5,1,1,0,0,0,97
9,4,5,1,1,0,0,0,95
0,0,0,1,1,0,0,0,98
8,4,4,1,1,0,0,0,131
28,22,6,1,1,0,0,0,164
0,0,0,1,1,0,0,0,0
20,10,10,1,1,0,0,0,97
0,0,0,1,1,0,0,0,0
0,0,0,1,1,0,0,0,144
0,0,0,1,1,0,0,0,0
11,5,6,1,1,0,0,0,103
0,0,0,1,1,0,0,0,164
0,0,0,1,1,0,0,0.00423728813559322,236
0,0,0,1,1,0,0,0,0
69,54,15,1,1,0,0,0,216
62,40,22,1,1,0,0,0,416
45,33,12,1,1,0,0,0.00175131348511384,571
6,3,3,1,1,0,0,0,108
8,4,4,1,1,0,0,0,131
0,0,0,1,1,0,0,0,295
9,5,4,1,1,0,0,0,64
27,14,13,1,1,0,0,0,243
18,9,9,1,1,0,0,0,513
11,5,6,1,1,0,0,0,149
37,29,8,1,1,0,0,0,213
94,56,38,1,1,0,0,0,843
0,0,0,1,1,0,0,0,93
26,22,4,1,1,0,0,0,184
53,34,19,1,1,0,0,0,182
131,127,4,1,1,0,0,0.00253485424588086,789
0,0,0,1,1,0,0,0,68
58,18,40,1,1,0,0,0.000859845227858985,1163
13,5,8,1,1,0,0,0,521
59,36,23,1,1,0,0,0.00472813238770686,423
38,32,6,1,1,0,0,0,111
0,0,0,1,1,0,0,0,314
23,19,4,1,1,0,0,0.00134952766531714,741
31,27,4,1,1,0,0,0.00277777777777778,360
23,16,7,1,1,0,0,0,273
584,532,52,1,1,0,0,0.00303582270795386,1647
152,119,33,1,1,0,0,0.00138888888888889,720
128,108,20,2,1,1,0,0.00279329608938547,358
0,0,0,1,1,0,0,0,95
29,7,22,1,1,0,0,0,94
57,49,8,1,1,0,0,0.00393700787401575,254
39,36,3,1,1,0,0,0.00483091787439614,207
85,36,49,1,1,0,0,0,577
9,4,5,1,1,0,0,0.00190114068441065,526
29,24,5,1,1,0,0,0.00555555555555556,180
69,20,49,1,1,0,0,0,324
16,8,8,2,1,1,0,0,174
0,0,0,1,1,0,0,0.00677966101694915,295
158,127,31,1,1,0,0,0.0072992700729927,274
14,5,9,1,1,0,0,0,133
10,5,5,1,1,0,0,0,112
84,60,24,1,1,0,0,0,153
7,4,3,1,1,0,0,0,75
0,0,0,1,1,0,0,0,268
32,16,16,1,1,0,0,0,312
18,11,7,1,1,0,0,0,101
0,0,0,1,1,0,0,0,0
546,371,175,1,1,0,0,0,544
14,7,7,1,1,0,0,0,126
0,0,0,1,1,0,0,0,475
460,290,170,1,1,0,0,0,460
913,530,383,1,1,0,0,0.00112359550561798,890
218,177,41,1,1,0,0,0,430
10,6,4,1,1,0,0,0,147
171,166,5,1,1,0,0,0.00381679389312977,262
0,0,0,1,1,0,0,0.00160513643659711,1246
0,0,0,1,1,0,0,0.00216216216216216,925
885,496,389,1,1,0,0,0.00113765642775882,879
650,358,292,1,1,0,0,0,516
0,0,0,1,1,0,0,0.00198019801980198,505
537,283,254,1,1,0,0,0.00151285930408472,661
0,0,0,1,1,0,0,0,0
16,8,8,1,1,0,0,0,124
325,188,137,1,1,0,0,0,367
563,322,241,1,1,0,0,0,800
10,7,3,1,1,0,0,0,266
573,373,200,1,1,0,0,0,683
1664,1378,286,1,1,0,0,0.00161812297734628,1854
238,174,64,1,1,0,0,0,380
179,90,89,1,1,0,0,0,404
27,14,13,1,1,0,0,0,155
10,5,5,1,1,0,0,0,123
0,0,0,1,1,0,0,0,141
12,7,5,1,1,0,0,0,401
368,224,144,1,1,0,0,0,394
632,437,195,1,1,0,0,0.00286532951289398,698
90,47,43,1,1,0,0,0,246
0,0,0,1,1,0,0,0,361
800,667,133,1,1,0,0,0,997
0,0,0,1,1,0,0,0,224
0,0,0,1,1,0,0,0,0
0,0,0,1,1,0,0,0,72
0,0,0,1,1,0,0,0,422
0,0,0,1,1,0,0,0,258
7,4,3,1,1,0,0,0,71
18,10,8,1,1,0,0,0,183
0,0,0,1,1,0,0,0.00212539851222104,941
0,0,0,1,1,0,0,0,70
0,0,0,1,1,0,0,0,185
18,14,4,1,1,0,0,0.00467289719626168,214
24,16,8,1,1,0,0,0,391
22,18,4,1,1,0,0,0,71
26,18,8,1,1,0,0,0,238
491,405,86,1,1,0,0,0.00189393939393939,528
21,16,5,1,1,0,0,0,112
43,30,13,1,1,0,0,0,91
1188,1082,106,1,1,0,0,0.00279329608938547,1432
35,14,21,1,1,0,0,0,173
6,3,3,1,1,0,0,0,386
0,0,0,1,1,0,0,0,71
0,0,0,1,1,0,0,0,115
0,0,0,1,1,0,0,0,87
0,0,0,1,1,0,0,0,46
17,9,8,1,1,0,0,0,136
8,4,4,1,1,0,0,0,196
52,46,6,1,1,0,0,0,296
7,3,4,1,1,0,0,0,75
18,9,9,1,1,0,0,0,206
8,4,4,1,1,0,0,0,134
0,0,0,1,1,0,0,0,0
111,104,7,1,1,0,0,0.0013262599469496,754
8,4,4,1,1,0,0,0,128
10,6,4,1,1,0,0,0,184
0,0,0,1,1,0,0,0,71
0,0,0,1,1,0,0,0,219
0,0,0,1,1,0,0,0,106
0,0,0,1,1,0,0,0,615
9,4,5,1,1,0,0,0,74
48,43,5,1,1,0,0,0,169
8,4,4,1,1,0,0,0,70
0,0,0,1,1,0,0,0,64
7,4,3,1,1,0,0,0,74
147,92,55,1,1,0,0,0.00402414486921529,497
96,21,75,1,1,0,0,0,440
0,0,0,1,1,0,0,0,222
175,111,64,1,1,0,0,0.003584229390681,558
14,8,6,1,1,0,0,0.0104166666666667,96
7,4,3,1,1,0,0,0,76
13,10,3,1,1,0,0,0,85
41,27,14,1,1,0,0,0,100
39,26,13,1,1,0,0,0,102
37,25,12,1,1,0,0,0,100
30,25,5,1,1,0,0,0,98
12,9,3,1,1,0,0,0,85
0,0,0,1,1,0,0,0,149
7,4,3,1,1,0,0,0,73
125,97,28,1,1,0,0,0,218
206,110,96,1,1,0,0,0,336
0,0,0,1,1,0,0,0,1539
346,311,35,1,1,0,0,0,400
6,3,3,1,1,0,0,0,73
17,10,7,1,1,0,0,0,131
17,8,9,1,1,0,0,0,160
16,9,7,1,1,0,0,0,173
23,14,9,1,1,0,0,0,289
55,30,25,1,1,0,0,0,134
9,5,4,1,1,0,0,0,266
6,3,3,1,1,0,0,0,369
11,6,5,1,1,0,0,0.00735294117647059,136
12,9,3,1,1,0,0,0,87
693,508,185,1,1,0,0,0.000594000594000594,3367
130,104,26,1,1,0,0,0,261
0,0,0,1,1,0,0,0,61
136,99,37,1,1,0,0,0,316
146,124,22,1,1,0,0,0,815
98,47,51,1,1,0,0,0,256
124,70,54,1,1,0,0,0,422
0,0,0,1,1,0,0,0,462
0,0,0,1,1,0,0,0,289
0,0,0,1,1,0,0,0,136
0,0,0,1,1,0,0,0,253
6,3,3,1,1,0,0,0,163
8,5,3,1,1,0,0,0,85
8,4,4,1,1,0,0,0,167
29,25,4,1,1,0,0,0,169
0,0,0,1,1,0,0,0,139
288,282,6,1,1,0,0,0,645
18,10,8,1,1,0,0,0.00332778702163062,601
10,6,4,1,1,0,0,0,222
79,45,34,1,1,0,0,0,127
7,4,3,1,1,0,0,0,71
0,0,0,1,1,0,0,0,165
8,5,3,1,1,0,0,0,75
8,4,4,1,1,0,0,0,170
0,0,0,1,1,0,0,0,912
0,0,0,1,1,0,0,0,503
604,402,202,1,1,0,0,0.000954653937947494,2095
8,4,4,1,1,0,0,0,79
8,4,4,1,1,0,0,0.00180505415162455,554
126,121,5,1,1,0,0,0.00413223140495868,484
