CODECHURN,LOCADDED,LOCDELETED,REVISIONS,AGE,BUGFIXES,REFACTORINGS,ERROR_DENSITY,LOC
13,7,6,1,81,0,0,0,959
10,5,5,1,81,0,0,0,626
8,4,4,1,81,0,0,0,1458
4,2,2,1,50,0,0,0,592
6,3,3,1,50,0,0,0,372
57,28,29,2,5,0,0,0,804
22,13,9,3,2,0,0,0,313
2,1,1,1,14,0,0,0,36
3,3,0,2,48,0,0,0,2714
228,168,60,1,52,0,0,0,206
11,11,0,1,51,0,0,0,344
3,3,0,1,64,1,0,0,1951
0,0,0,1,53,0,0,0,133
2,2,0,1,53,0,0,0,189
238,238,0,1,53,0,0,0,11183
226,1,225,1,53,0,0,0,3239
3,3,0,1,64,1,0,0,2484
6,5,1,1,37,0,0,0,52
10,5,5,1,17,0,0,0,6773
5,5,0,1,12,0,0,0,86
447,220,227,2,34,0,0,0,1630
2528,1979,549,1,38,0,0,0,1995
0,0,0,1,38,0,0,0,0
0,0,0,1,38,0,0,0,0
0,0,0,1,38,0,0,0,103
0,0,0,1,38,0,0,0,92
0,0,0,1,38,0,0,0,112
41,30,11,1,38,0,0,0,668
58,47,11,1,38,0,0,0,1059
50,7,43,1,38,0,0,0,100
0,0,0,1,38,0,0,0,53
1,0,1,1,38,0,0,0,369
28,28,0,1,38,0,0,0,4683
323,173,150,1,38,0,0,0,928
0,0,0,1,38,0,0,0,1511
0,0,0,1,38,0,0,0,11
0,0,0,1,38,0,0,0,2146
0,0,0,1,38,0,0,0,86
0,0,0,1,38,0,0,0,660
0,0,0,1,38,0,0,0,429
0,0,0,1,38,0,0,0,592
0,0,0,1,38,0,0,0,424
0,0,0,1,38,0,0,0,792
0,0,0,1,38,0,0,0,67
0,0,0,1,38,0,0,0,20
0,0,0,1,38,0,0,0,8
0,0,0,2,38,0,0,0.000247463499133878,8082
0,0,0,1,38,0,0,0,27
0,0,0,1,38,0,0,0.00166389351081531,601
0,0,0,1,38,0,0,0.00364298724954463,549
2,1,1,2,38,0,0,0.00446428571428571,224
0,0,0,1,38,0,0,0.00320512820512821,312
0,0,0,1,38,0,0,0.00307692307692308,325
0,0,0,1,38,0,0,0,28
0,0,0,1,38,0,0,0.00255102040816327,392
0,0,0,1,38,0,0,0,1067
0,0,0,1,38,0,0,0,3774
0,0,0,1,38,0,0,0,236
0,0,0,1,38,0,0,0,287
0,0,0,1,38,0,0,0,246
0,0,0,1,38,0,0,0,175
0,0,0,1,38,0,0,0,79
0,0,0,1,38,0,0,0,16
0,0,0,1,38,0,0,0,3896
0,0,0,1,38,0,0,0,451
0,0,0,1,38,0,0,0,45
0,0,0,1,38,0,0,0,85
0,0,0,1,38,0,0,0,46
0,0,0,1,38,0,0,0,73
0,0,0,1,38,0,0,0,1074
0,0,0,1,38,0,0,0,63
0,0,0,1,38,0,0,0,1800
0,0,0,1,38,0,0,0,741
0,0,0,1,38,0,0,0,619
0,0,0,1,38,0,0,0,224
0,0,0,1,38,0,0,0,136
0,0,0,1,38,0,0,0,150
0,0,0,1,38,0,0,0,135
0,0,0,1,38,0,0,0,260
0,0,0,1,38,0,0,0,688
0,0,0,1,38,0,0,0,51
0,0,0,1,38,0,0,0,29
0,0,0,1,38,0,0,0,198
0,0,0,1,38,0,0,0,1988
0,0,0,1,38,0,0,0,451
0,0,0,1,38,0,0,0,31
0,0,0,1,38,0,0,0,173
0,0,0,1,38,0,0,0,836
0,0,0,1,38,0,0,0,69
0,0,0,1,38,0,0,0,295
0,0,0,1,38,0,0,0,11
0,0,0,1,38,0,0,0,271
2,1,1,2,38,0,0,0,1330
2,1,1,2,38,0,0,0,144
2,1,1,2,38,0,0,0,797
2,1,1,2,38,0,0,0,630
0,0,0,1,38,0,0,0,1653
2,1,1,2,38,0,0,0,688
2,1,1,2,38,0,0,0,117
0,0,0,1,38,0,0,0,261
2,1,1,2,38,0,0,0,1007
0,0,0,1,38,0,0,0,16
2,1,1,2,38,0,0,0,201
2,1,1,2,38,0,0,0,516
0,0,0,1,38,0,0,0,375
0,0,0,1,38,0,0,0,407
2,1,1,2,38,0,0,0,243
2,1,1,2,38,0,0,0,473
2,1,1,2,38,0,0,0,645
2,1,1,2,38,0,0,0,363
2,1,1,2,38,0,0,0,1417
2,2,0,2,38,0,0,0,376
0,0,0,1,38,0,0,0,326
0,0,0,1,38,0,0,0,145
2,1,1,2,38,0,0,0,657
0,0,0,1,38,0,0,0,5
2,1,1,2,38,0,0,0,1815
2,1,1,2,38,0,0,0,232
2,1,1,2,38,0,0,0,80
2,1,1,2,38,0,0,0,251
2,1,1,2,38,0,0,0,86
0,0,0,1,38,0,0,0,65
2,1,1,2,38,0,0,0,547
2,1,1,2,38,0,0,0,341
0,0,0,1,38,0,0,0,1236
2,1,1,2,38,0,0,0,1938
2,1,1,2,38,0,0,0,201
2,1,1,2,38,0,0,0,186
2,1,1,2,38,0,0,0,107
0,0,0,1,38,0,0,0,19
0,0,0,1,38,0,0,0,299
0,0,0,1,38,0,0,0,218
0,0,0,1,38,0,0,0,157
4,2,2,2,37,1,0,0,1094
4,2,2,2,37,1,0,0,1583
4,2,2,2,37,1,0,0,282
6,3,3,2,37,1,0,0,509
4,2,2,2,37,1,0,0,672
4,2,2,2,37,1,0,0,104
24,22,2,2,38,1,0,0,646
4,2,2,2,37,1,0,0,205
4,2,2,2,37,1,0,0,84
0,0,0,1,38,0,0,0,282
10,8,2,2,37,1,0,0,361
3,2,1,2,38,0,0,0,382
0,0,0,1,38,0,0,0,686
0,0,0,1,38,0,0,0,386
0,0,0,1,38,0,0,0,529
0,0,0,1,38,0,0,0,1419
3,2,1,2,38,0,0,0,382
0,0,0,1,38,0,0,0,686
0,0,0,2,38,0,0,0,149
0,0,0,2,38,0,0,0,79
0,0,0,2,38,0,0,0,423
0,0,0,1,38,0,0,0,441
0,0,0,2,38,0,0,0,1736
0,0,0,2,38,0,0,0,331
0,0,0,1,38,0,0,0,623
0,0,0,1,38,0,0,0,318
0,0,0,1,38,0,0,0,11
0,0,0,1,38,0,0,0,94
0,0,0,1,38,0,0,0,1368
0,0,0,1,38,0,0,0,115
0,0,0,1,38,0,0,0,329
0,0,0,1,38,0,0,0,55
0,0,0,2,38,0,0,0,1233
0,0,0,1,38,0,0,0,128
0,0,0,2,38,0,0,0,61
0,0,0,2,38,0,0,0,329
0,0,0,1,38,0,0,0,1357
0,0,0,2,38,0,0,0,318
0,0,0,2,38,0,0,0,269
0,0,0,1,38,0,0,0,824
0,0,0,1,38,0,0,0,336
0,0,0,1,38,0,0,0,155
0,0,0,1,38,0,0,0,79
0,0,0,1,38,0,0,0,110
0,0,0,1,38,0,0,0,781
0,0,0,1,38,0,0,0,274
0,0,0,1,38,0,0,0,521
0,0,0,1,38,0,0,0,1141
0,0,0,1,38,0,0,0,444
0,0,0,1,38,0,0,0,2299
0,0,0,1,38,0,0,0,358
0,0,0,1,38,0,0,0,3
0,0,0,1,38,0,0,0,2
0,0,0,1,38,0,0,0,83
0,0,0,2,38,0,0,0,141
0,0,0,2,38,0,0,0,669
0,0,0,2,38,0,0,0,140
0,0,0,2,38,0,0,0,29
0,0,0,2,38,0,0,0,539
0,0,0,2,38,0,0,0,129
0,0,0,2,38,0,0,0,87
0,0,0,2,38,0,0,0,346
0,0,0,2,38,0,0,0,114
0,0,0,2,38,0,0,0,60
0,0,0,2,38,0,0,0,77
0,0,0,2,38,0,0,0,323
0,0,0,2,38,0,0,0,400
0,0,0,2,38,0,0,0,25
0,0,0,1,38,0,0,0,48
0,0,0,1,38,0,0,0,376
0,0,0,1,38,0,0,0,146
0,0,0,1,38,0,0,0,3
0,0,0,1,38,0,0,0,13
0,0,0,1,38,0,0,0,6
0,0,0,1,38,0,0,0,46
0,0,0,1,38,0,0,0,669
0,0,0,1,38,0,0,0,103
0,0,0,1,38,0,0,0,58
0,0,0,1,38,0,0,0,62
0,0,0,1,38,0,0,0,640
0,0,0,1,38,0,0,0,233
0,0,0,1,38,0,0,0,101
0,0,0,1,38,0,0,0,15
0,0,0,1,38,0,0,0,57
0,0,0,1,38,0,0,0,316
0,0,0,1,38,0,0,0,100
0,0,0,1,38,0,0,0,85
0,0,0,2,38,0,0,0,120
0,0,0,1,38,0,0,0,194
0,0,0,2,38,0,0,0,74
0,0,0,1,38,0,0,0,170
0,0,0,2,38,0,0,0,45
0,0,0,1,38,0,0,0,151
2,1,1,2,38,0,0,0,963
0,0,0,1,38,0,0,0,113
0,0,0,2,38,0,0,0,95
0,0,0,1,38,0,0,0,170
0,0,0,2,38,0,0,0,69
0,0,0,1,38,0,0,0,168
0,0,0,2,38,0,0,0,132
0,0,0,1,38,0,0,0,156
0,0,0,2,38,0,0,0,44
0,0,0,1,38,0,0,0,166
0,0,0,2,38,0,0,0,75
0,0,0,1,38,0,0,0,11
0,0,0,2,38,0,0,0,270
0,0,0,1,38,0,0,0,158
0,0,0,2,38,0,0,0,669
1,1,0,2,38,0,0,0,378
0,0,0,2,38,0,0,0,66
0,0,0,2,38,0,0,0,198
0,0,0,2,38,0,0,0,170
0,0,0,2,38,0,0,0,253
0,0,0,2,38,0,0,0,360
0,0,0,2,38,0,0,0,292
0,0,0,2,38,0,0,0,355
0,0,0,2,38,0,0,0,176
0,0,0,2,38,0,0,0,165
0,0,0,2,38,0,0,0,81
0,0,0,2,38,0,0,0,241
0,0,0,2,38,0,0,0,131
0,0,0,2,38,0,0,0,94
0,0,0,2,38,0,0,0,128
0,0,0,2,38,0,0,0,22
0,0,0,2,38,0,0,0,75
0,0,0,1,38,0,0,0,70
0,0,0,1,38,0,0,0,331
0,0,0,1,38,0,0,0,307
0,0,0,1,38,0,0,0,40
0,0,0,1,38,0,0,0,294
0,0,0,1,38,0,0,0,288
0,0,0,1,38,0,0,0,130
0,0,0,1,38,0,0,0,151
0,0,0,1,38,0,0,0,131
0,0,0,1,38,0,0,0,31
0,0,0,1,38,0,0,0,33
0,0,0,1,38,0,0,0,22
0,0,0,1,38,0,0,0,18
0,0,0,1,38,0,0,0,80
0,0,0,1,38,0,0,0,369
0,0,0,1,38,0,0,0,28
0,0,0,1,38,0,0,0,565
0,0,0,1,38,0,0,0,1006
0,0,0,1,38,0,0,0,549
0,0,0,1,38,0,0,0,131
0,0,0,1,38,0,0,0,259
0,0,0,1,38,0,0,0,275
0,0,0,1,38,0,0,0,286
0,0,0,1,38,0,0,0,546
0,0,0,1,38,0,0,0,90
0,0,0,1,38,0,0,0,79
3,2,1,2,38,0,0,0,2335
0,0,0,1,38,0,0,0,61
0,0,0,1,38,0,0,0,123
0,0,0,1,38,0,0,0,65
0,0,0,1,38,0,0,0,47
0,0,0,1,38,0,0,0,40
0,0,0,1,38,0,0,0,269
0,0,0,1,38,0,0,0,152
0,0,0,1,38,0,0,0,57
0,0,0,1,38,0,0,0,64
2,1,1,2,38,0,0,0,3634
0,0,0,1,38,0,0,0,1994
0,0,0,1,38,0,0,0,50
0,0,0,1,38,0,0,0,585
0,0,0,1,38,0,0,0,124
0,0,0,1,38,0,0,0,40
0,0,0,2,38,0,0,0,2807
0,0,0,1,38,0,0,0,39
0,0,0,1,38,0,0,0,109
0,0,0,1,38,0,0,0,312
0,0,0,1,38,0,0,0,41
0,0,0,1,38,0,0,0,19
0,0,0,1,38,0,0,0,133
0,0,0,1,38,0,0,0,67
0,0,0,1,38,0,0,0,121
0,0,0,1,38,0,0,0,62
0,0,0,1,38,0,0,0,74
0,0,0,1,38,0,0,0,96
0,0,0,1,38,0,0,0,412
0,0,0,1,38,0,0,0,23
0,0,0,1,38,0,0,0,28
0,0,0,1,38,0,0,0,0
0,0,0,1,38,0,0,0,0
0,0,0,1,38,0,0,0,881
0,0,0,1,38,0,0,0,2111
0,0,0,1,38,0,0,0,8
0,0,0,1,38,0,0,0,6
0,0,0,1,38,0,0,0,1466
0,0,0,1,38,0,0,0,981
0,0,0,1,38,0,0,0,2452
0,0,0,1,38,0,0,0,498
0,0,0,1,38,0,0,0,56
0,0,0,2,38,0,0,0,2649
0,0,0,1,38,0,0,0,56
0,0,0,1,38,0,0,0,1494
0,0,0,1,38,0,0,0,679
0,0,0,1,38,0,0,0,162
0,0,0,1,38,0,0,0,165
0,0,0,1,38,0,0,0,101
0,0,0,1,38,0,0,0,981
0,0,0,1,38,0,0,0,956
0,0,0,1,38,0,0,0,758
0,0,0,1,38,0,0,0,930
0,0,0,1,38,0,0,0,1242
0,0,0,1,38,0,0,0,148
0,0,0,1,38,0,0,0,1017
0,0,0,1,38,0,0,0,1612
0,0,0,1,38,0,0,0,105
0,0,0,1,38,0,0,0,77
0,0,0,1,38,0,0,0,198
0,0,0,1,38,0,0,0,112
0,0,0,1,38,0,0,0,105
0,0,0,1,38,0,0,0,158
0,0,0,1,38,0,0,0,987
0,0,0,1,38,0,0,0,1018
0,0,0,1,38,0,0,0,1474
0,0,0,1,38,0,0,0,858
0,0,0,1,38,0,0,0,1111
0,0,0,1,38,0,0,0,982
0,0,0,1,38,0,0,0,1110
0,0,0,1,38,0,0,0,1549
3,2,1,2,38,0,0,0,382
0,0,0,1,38,0,0,0,686
0,0,0,1,38,0,0,0,103
0,0,0,1,38,0,0,0,93
0,0,0,1,38,0,0,0,115
0,0,0,1,38,0,0,0,123
0,0,0,1,38,0,0,0,1590
0,0,0,1,38,0,0,0,322
0,0,0,1,38,0,0,0,261
0,0,0,1,38,0,0,0,374
0,0,0,1,38,0,0,0,1592
0,0,0,1,38,0,0,0,90
0,0,0,1,38,0,0,0,492
0,0,0,1,38,0,0,0,169
0,0,0,1,38,0,0,0,233
0,0,0,1,38,0,0,0,652
0,0,0,1,38,0,0,0,1646
0,0,0,1,38,0,0,0,4
0,0,0,1,38,0,0,0,13
0,0,0,2,38,0,0,0,108
0,0,0,1,38,0,0,0,6
0,0,0,1,38,0,0,0,1
0,0,0,2,38,0,0,0,245
0,0,0,2,38,0,0,0,319
0,0,0,2,38,0,0,0,278
0,0,0,2,38,0,0,0,188
0,0,0,1,38,0,0,0,97
0,0,0,1,38,0,0,0,86
0,0,0,1,38,0,0,0,233
0,0,0,1,38,0,0,0,83
0,0,0,1,38,0,0,0,45
0,0,0,1,38,0,0,0,283
0,0,0,1,38,0,0,0,109
0,0,0,1,38,0,0,0,166
0,0,0,1,38,0,0,0,10
0,0,0,2,38,0,0,0,31
0,0,0,2,38,0,0,0,550
0,0,0,2,38,0,0,0,356
0,0,0,2,38,0,0,0,315
0,0,0,2,38,0,0,0,294
0,0,0,1,38,0,0,0,341
0,0,0,1,38,0,0,0,293
0,0,0,1,38,0,0,0,600
0,0,0,1,38,0,0,0,197
0,0,0,1,38,0,0,0,191
0,0,0,1,38,0,0,0,192
0,0,0,1,38,0,0,0,0
0,0,0,1,38,0,0,0,175
0,0,0,1,38,0,0,0,13
0,0,0,1,38,0,0,0,114
0,0,0,1,38,0,0,0,125
0,0,0,1,38,0,0,0,4402
0,0,0,1,38,0,0,0,5115
0,0,0,1,38,0,0,0,2612
0,0,0,1,38,0,0,0,329
0,0,0,1,38,0,0,0,49
0,0,0,1,38,0,0,0,44
0,0,0,1,38,0,0,0,355
0,0,0,1,38,0,0,0,90
0,0,0,1,38,0,0,0,2020
0,0,0,1,38,0,0,0,122
0,0,0,1,38,0,0,0,2093
0,0,0,1,38,0,0,0,768
0,0,0,2,38,0,0,0,1047
0,0,0,1,38,0,0,0,31
0,0,0,1,38,0,0,0,365
0,0,0,1,38,0,0,0,52
0,0,0,1,38,0,0,0,49
0,0,0,1,38,0,0,0,77
0,0,0,1,38,0,0,0,75
0,0,0,1,38,0,0,0,72
0,0,0,1,38,0,0,0,1128
0,0,0,1,38,0,0,0,5287
0,0,0,1,38,0,0,0,628
0,0,0,1,38,0,0,0,59
0,0,0,1,38,0,0,0,219
0,0,0,1,38,0,0,0,529
0,0,0,1,38,0,0,0,19
2,1,1,2,38,0,0,0,491
0,0,0,1,38,0,0,0,332
0,0,0,1,38,0,0,0,189
0,0,0,1,38,0,0,0,34
0,0,0,1,38,0,0,0,33
0,0,0,1,38,0,0,0,34
0,0,0,1,38,0,0,0,34
0,0,0,1,38,0,0,0,152
0,0,0,1,38,0,0,0,34
0,0,0,1,38,0,0,0,73
0,0,0,1,38,0,0,0,539
0,0,0,1,38,0,0,0,34
0,0,0,1,38,0,0,0,320
0,0,0,1,38,0,0,0,40
0,0,0,1,38,0,0,0,55
0,0,0,1,38,0,0,0,40
0,0,0,1,38,0,0,0,49
0,0,0,1,38,0,0,0,106
0,0,0,1,38,0,0,0,684
0,0,0,1,38,0,0,0,600
0,0,0,1,38,0,0,0,246
0,0,0,1,38,0,0,0,101
0,0,0,2,38,0,0,0,194
0,0,0,1,38,0,0,0,845
0,0,0,1,38,0,0,0,274
0,0,0,1,38,0,0,0,654
0,0,0,1,38,0,0,0,4
0,0,0,1,38,0,0,0,11
0,0,0,1,38,0,0,0,3
0,0,0,1,38,0,0,0,0
0,0,0,1,38,0,0,0,3
0,0,0,1,38,0,0,0,181
0,0,0,1,38,0,0,0,2
0,0,0,1,38,0,0,0,0
0,0,0,1,38,0,0,0,2
0,0,0,1,38,0,0,0,31
0,0,0,1,38,0,0,0,142
0,0,0,1,38,0,0,0,43
0,0,0,1,38,0,0,0,128
0,0,0,1,38,0,0,0,355
0,0,0,1,38,0,0,0,373
0,0,0,1,38,0,0,0,9
0,0,0,1,38,0,0,0,6
0,0,0,1,38,0,0,0,9
0,0,0,1,38,0,0,0,9
0,0,0,1,38,0,0,0,9
0,0,0,1,38,0,0,0,17
0,0,0,1,38,0,0,0,5
0,0,0,1,38,0,0,0,5
0,0,0,1,38,0,0,0,5
0,0,0,1,38,0,0,0,5
0,0,0,1,38,0,0,0,17
0,0,0,1,38,0,0,0,9
0,0,0,1,38,0,0,0,10
0,0,0,1,38,0,0,0,9
0,0,0,1,38,0,0,0,14
0,0,0,1,38,0,0,0,5
0,0,0,1,38,0,0,0,13
0,0,0,1,38,0,0,0,0
2,1,1,2,38,0,0,0,563
0,0,0,1,38,0,0,0,819
0,0,0,1,38,0,0,0,106
0,0,0,1,38,0,0,0,712
0,0,0,1,38,0,0,0,437
0,0,0,1,38,0,0,0,86
0,0,0,1,38,0,0,0,225
0,0,0,1,38,0,0,0,94
0,0,0,1,38,0,0,0,721
0,0,0,2,38,0,0,0,1876
2,1,1,2,38,0,0,0,1268
0,0,0,1,38,0,0,0,535
0,0,0,1,38,0,0,0,936
0,0,0,1,38,0,0,0,855
0,0,0,1,38,0,0,0,1829
5,5,0,2,38,0,0,0,743
2,1,1,2,38,0,0,0,746
2,1,1,2,38,0,0,0,730
0,0,0,1,38,0,0,0,18
0,0,0,1,38,0,0,0,94
0,0,0,1,38,0,0,0,192
0,0,0,1,38,0,0,0,129
0,0,0,1,38,0,0,0,20
0,0,0,1,38,0,0,0,1535
0,0,0,1,38,0,0,0,1930
0,0,0,1,38,0,0,0,196
0,0,0,1,38,0,0,0,178
0,0,0,1,38,0,0,0,155
0,0,0,1,38,0,0,0,170
0,0,0,1,38,0,0,0,978
0,0,0,1,38,0,0,0,1370
0,0,0,1,38,0,0,0,104
0,0,0,1,38,0,0,0,174
0,0,0,1,38,0,0,0,152
0,0,0,1,38,0,0,0,93
0,0,0,1,38,0,0,0,843
0,0,0,1,38,0,0,0,120
0,0,0,1,38,0,0,0,161
0,0,0,1,38,0,0,0,128
0,0,0,1,38,0,0,0,163
0,0,0,1,38,0,0,0,699
0,0,0,2,38,0,0,0,1043
0,0,0,1,38,0,0,0,180
0,0,0,1,38,0,0,0,185
0,0,0,1,38,0,0,0,112
0,0,0,1,38,0,0,0,105
0,0,0,1,38,0,0,0,35
0,0,0,1,38,0,0,0,63
0,0,0,1,38,0,0,0,44
0,0,0,1,38,0,0,0,717
0,0,0,1,38,0,0,0,185
0,0,0,1,38,0,0,0,10
0,0,0,1,38,0,0,0,43
0,0,0,1,38,0,0,0,4
0,0,0,1,38,0,0,0,14
0,0,0,1,38,0,0,0,12
0,0,0,1,38,0,0,0,14
0,0,0,1,38,0,0,0,10
0,0,0,1,38,0,0,0,14
0,0,0,1,38,0,0,0,14
0,0,0,1,38,0,0,0,14
0,0,0,1,38,0,0,0,270
0,0,0,1,38,0,0,0,196
0,0,0,1,38,0,0,0,1600
0,0,0,1,38,0,0,0,111
0,0,0,1,38,0,0,0,283
0,0,0,1,38,0,0,0,277
0,0,0,1,38,0,0,0,609
0,0,0,1,38,0,0,0,799
0,0,0,1,38,0,0,0,236
0,0,0,1,38,0,0,0,620
2,1,1,2,38,0,0,0,137
0,0,0,1,38,0,0,0,774
0,0,0,1,38,0,0,0,517
0,0,0,1,38,0,0,0,233
0,0,0,1,38,0,0,0,153
0,0,0,1,38,0,0,0,129
0,0,0,1,38,0,0,0,449
0,0,0,1,38,0,0,0,148
0,0,0,1,38,0,0,0,91
4,0,4,2,38,0,0,0,198
0,0,0,1,38,0,0,0,219
0,0,0,1,38,0,0,0,58
0,0,0,1,38,0,0,0,110
0,0,0,1,38,0,0,0,183
0,0,0,1,38,0,0,0,830
0,0,0,1,38,0,0,0,139
0,0,0,1,38,0,0,0,1873
0,0,0,1,38,0,0,0,416
0,0,0,1,38,0,0,0,580
0,0,0,1,38,0,0,0,165
0,0,0,1,38,0,0,0,106
0,0,0,1,38,0,0,0,377
0,0,0,1,38,0,0,0,112
0,0,0,1,38,0,0,0,171
0,0,0,1,38,0,0,0,195
0,0,0,1,38,0,0,0,300
0,0,0,1,38,0,0,0,63
0,0,0,1,38,0,0,0,61
0,0,0,1,38,0,0,0,120
0,0,0,1,38,0,0,0,63
0,0,0,1,38,0,0,0,274
0,0,0,1,38,0,0,0,51
0,0,0,1,38,0,0,0,63
0,0,0,1,38,0,0,0,62
0,0,0,1,38,0,0,0,189
0,0,0,1,38,0,0,0,312
0,0,0,1,38,0,0,0,107
0,0,0,1,38,0,0,0,53
0,0,0,1,38,0,0,0,173
0,0,0,1,38,0,0,0,326
0,0,0,1,38,0,0,0,72
0,0,0,1,38,0,0,0,333
0,0,0,1,38,0,0,0,255
0,0,0,1,38,0,0,0,585
0,0,0,1,38,0,0,0,9
0,0,0,1,38,0,0,0,13
0,0,0,1,38,0,0,0,18
0,0,0,1,38,0,0,0,30
0,0,0,1,38,0,0,0,120
0,0,0,1,38,0,0,0,12
0,0,0,1,38,0,0,0,21
0,0,0,1,38,0,0,0,26
0,0,0,1,38,0,0,0,19
0,0,0,1,38,0,0,0,27
0,0,0,1,38,0,0,0,21
0,0,0,1,38,0,0,0,23
0,0,0,1,38,0,0,0,34
0,0,0,1,38,0,0,0,7
0,0,0,1,38,0,0,0,21
0,0,0,1,38,0,0,0,39
0,0,0,1,38,0,0,0,36
0,0,0,1,38,0,0,0,2501
0,0,0,1,38,0,0,0,173
0,0,0,1,38,0,0,0,603
0,0,0,1,38,0,0,0,51
0,0,0,1,38,0,0,0,1776
0,0,0,1,38,0,0,0,214
0,0,0,1,38,0,0,0,8
0,0,0,1,38,0,0,0,6
0,0,0,1,38,0,0,0,30
0,0,0,1,38,0,0,0,12
0,0,0,1,38,0,0,0,8
0,0,0,1,38,0,0,0,122
0,0,0,1,38,0,0,0,20
0,0,0,1,38,0,0,0,30
0,0,0,1,38,0,0,0,954
2,1,1,2,38,0,0,0,2281
0,0,0,1,38,0,0,0,294
0,0,0,1,38,0,0,0,260
0,0,0,1,38,0,0,0,136
0,0,0,1,38,0,0,0,265
0,0,0,1,38,0,0,0,2632
0,0,0,1,38,0,0,0,274
0,0,0,1,38,0,0,0,591
0,0,0,1,38,0,0,0,879
0,0,0,1,38,0,0,0,18
0,0,0,1,38,0,0,0,3
0,0,0,1,38,0,0,0,5
0,0,0,1,38,0,0,0,6
0,0,0,1,38,0,0,0,2
0,0,0,1,38,0,0,0,4
0,0,0,1,38,0,0,0,10
0,0,0,1,38,0,0,0,4
0,0,0,1,38,0,0,0,10
0,0,0,2,38,0,0,0,859
0,0,0,2,38,0,0,0,230
0,0,0,1,38,0,0,0,1877
0,0,0,1,38,0,0,0,31
0,0,0,1,38,0,0,0,520
0,0,0,1,38,0,0,0,18
0,0,0,1,38,0,0,0,793
0,0,0,1,38,0,0,0,362
0,0,0,1,38,0,0,0,3035
0,0,0,1,38,0,0,0,144
0,0,0,1,38,0,0,0,423
0,0,0,1,38,0,0,0,1
0,0,0,1,38,0,0,0,193
0,0,0,1,38,0,0,0,1374
0,0,0,1,38,0,0,0,424
0,0,0,1,38,0,0,0,741
0,0,0,1,38,0,0,0,81
0,0,0,1,38,0,0,0,598
0,0,0,1,38,0,0,0,18
0,0,0,1,38,0,0,0,13
0,0,0,1,38,0,0,0,108
0,0,0,1,38,0,0,0,29
0,0,0,1,38,0,0,0,23
0,0,0,1,38,0,0,0,25
0,0,0,1,38,0,0,0,42
0,0,0,1,38,0,0,0,22
0,0,0,1,38,0,0,0,21
0,0,0,1,38,0,0,0,14
0,0,0,1,38,0,0,0,19
0,0,0,1,38,0,0,0,8
0,0,0,1,38,0,0,0,8
0,0,0,1,38,0,0,0,8
0,0,0,1,38,0,0,0,30
0,0,0,1,38,0,0,0,26
0,0,0,1,38,0,0,0,59
0,0,0,1,38,0,0,0,58
0,0,0,1,38,0,0,0,47
0,0,0,1,38,0,0,0,675
0,0,0,1,38,0,0,0,681
0,0,0,1,38,0,0,0,566
0,0,0,1,38,0,0,0,239
0,0,0,1,38,0,0,0,56
0,0,0,1,38,0,0,0,10
0,0,0,1,38,0,0,0,783
0,0,0,1,38,0,0,0,312
0,0,0,1,38,0,0,0,347
0,0,0,1,38,0,0,0,1829
0,0,0,1,38,0,0,0,111
0,0,0,1,38,0,0,0,8
0,0,0,1,38,0,0,0,80
0,0,0,1,38,0,0,0,8
0,0,0,1,38,0,0,0,124
0,0,0,1,38,0,0,0,1140
0,0,0,1,38,0,0,0,325
0,0,0,1,38,0,0,0,742
0,0,0,1,38,0,0,0,867
0,0,0,1,38,0,0,0,151
0,0,0,1,38,0,0,0,37
0,0,0,1,38,0,0,0,136
0,0,0,1,38,0,0,0,12
0,0,0,1,38,0,0,0,6
0,0,0,1,38,0,0,0,5
0,0,0,1,38,0,0,0,7
4,3,1,2,38,0,0,0,1766
0,0,0,1,38,0,0,0,192
6,6,0,2,38,0,0,0,884
0,0,0,1,38,0,0,0,155
0,0,0,1,38,0,0,0,208
0,0,0,1,38,0,0,0,195
96,9,87,1,38,0,0,0,197
3,1,2,1,38,0,0,0,337
0,0,0,1,38,0,0,0,50
0,0,0,1,38,0,0,0,25
0,0,0,1,38,0,0,0,64
0,0,0,1,38,0,0,0,31
0,0,0,1,38,0,0,0,21
0,0,0,1,38,0,0,0,16
0,0,0,1,38,0,0,0,9
0,0,0,1,38,0,0,0,11
0,0,0,1,38,0,0,0,27
0,0,0,1,38,0,0,0,25
0,0,0,1,38,0,0,0,9
0,0,0,1,38,0,0,0,18
0,0,0,1,38,0,0,0,21
0,0,0,1,38,0,0,0,12
0,0,0,1,38,0,0,0,924
0,0,0,1,38,0,0,0,4875
0,0,0,1,38,0,0,0,1306
0,0,0,1,38,0,0,0,1365
0,0,0,1,38,0,0,0,462
0,0,0,1,38,0,0,0,352
0,0,0,1,38,0,0,0,132
0,0,0,1,38,0,0,0,421
0,0,0,1,38,0,0,0,28
0,0,0,1,38,0,0,0,797
0,0,0,1,38,0,0,0,12
0,0,0,1,38,0,0,0,11
0,0,0,1,38,0,0,0,12
0,0,0,1,38,0,0,0,19
0,0,0,1,38,0,0,0,887
0,0,0,1,38,0,0,0,237
0,0,0,1,38,0,0,0,1779
0,0,0,1,38,0,0,0,68
0,0,0,1,38,0,0,0,45
0,0,0,1,38,0,0,0,2
0,0,0,1,38,0,0,0,248
0,0,0,1,38,0,0,0,204
0,0,0,1,38,0,0,0,635
0,0,0,1,38,0,0,0,257
0,0,0,1,38,0,0,0,209
0,0,0,1,38,0,0,0,128
0,0,0,1,38,0,0,0,381
0,0,0,1,38,0,0,0,540
0,0,0,1,38,0,0,0,464
0,0,0,1,38,0,0,0,143
0,0,0,1,38,0,0,0,146
0,0,0,1,38,0,0,0,60
0,0,0,1,38,0,0,0,456
0,0,0,1,38,0,0,0,328
0,0,0,1,38,0,0,0,49
0,0,0,1,38,0,0,0,18
0,0,0,1,38,0,0,0,19655
0,0,0,2,38,0,0,0,1777
4,2,2,2,38,0,0,0,1966
0,0,0,1,38,0,0,0,81
0,0,0,1,38,0,0,0,148
0,0,0,1,38,0,0,0,75
0,0,0,1,38,0,0,0,190
0,0,0,1,38,0,0,0,103
0,0,0,1,38,0,0,0,93
0,0,0,1,38,0,0,0,88
0,0,0,1,38,0,0,0,95
0,0,0,1,38,0,0,0,132
0,0,0,1,38,0,0,0,66
0,0,0,2,38,0,0,0,100
0,0,0,1,38,0,0,0,10
0,0,0,1,38,0,0,0,794
0,0,0,1,38,0,0,0,435
0,0,0,1,38,0,0,0,39
0,0,0,1,38,0,0,0,1188
0,0,0,1,38,0,0,0,1
0,0,0,1,38,0,0,0,1
0,0,0,1,38,0,0,0,10
0,0,0,1,38,0,0,0,15
0,0,0,1,38,0,0,0,10
0,0,0,1,38,0,0,0,9
0,0,0,1,38,0,0,0,14
0,0,0,1,38,0,0,0,51
0,0,0,1,38,0,0,0,106
0,0,0,1,38,0,0,0,13
0,0,0,1,38,0,0,0,165
0,0,0,1,38,0,0,0,38
0,0,0,1,38,0,0,0,7
0,0,0,1,38,0,0,0,875
0,0,0,1,38,0,0,0,481
0,0,0,1,38,0,0,0,170
0,0,0,1,38,0,0,0,72
0,0,0,1,38,0,0,0,407
0,0,0,1,38,0,0,0,265
0,0,0,1,38,0,0,0,327
0,0,0,1,38,0,0,0,4
0,0,0,1,38,0,0,0,6
0,0,0,1,38,0,0,0,391
0,0,0,1,38,0,0,0,49
0,0,0,1,38,0,0,0,319
0,0,0,1,38,0,0,0,111
0,0,0,1,38,0,0,0,3
0,0,0,1,38,0,0,0,616
0,0,0,1,38,0,0,0,111
0,0,0,1,38,0,0,0,10
0,0,0,1,38,0,0,0,3
0,0,0,1,38,0,0,0,1066
103,52,51,1,38,0,0,0,2411
25,8,17,1,38,0,0,0,1521
186,146,40,1,38,0,0,0,3115
612,395,217,1,38,0,0,0,4956
3,3,0,1,38,0,0,0,996
0,0,0,1,38,0,0,0,0
0,0,0,1,38,0,0,0,0
0,0,0,1,38,0,0,0,0
0,0,0,1,38,0,0,0,0
0,0,0,1,38,0,0,0,0
0,0,0,1,38,0,0,0,0
0,0,0,1,38,0,0,0,0
0,0,0,1,38,0,0,0,0
0,0,0,1,38,0,0,0,0
0,0,0,1,38,0,0,0,0
0,0,0,1,38,0,0,0,0
0,0,0,1,38,0,0,0,0
0,0,0,1,38,0,0,0,0
0,0,0,1,38,0,0,0,0
0,0,0,1,38,0,0,0,0
9,5,4,1,38,0,0,0,1836
0,0,0,1,38,0,0,0,0
0,0,0,1,38,0,0,0,0
0,0,0,1,38,0,0,0,0
0,0,0,1,38,0,0,0,0
0,0,0,1,38,0,0,0,0
0,0,0,1,38,0,0,0,0
0,0,0,1,38,0,0,0,0
0,0,0,1,38,0,0,0,0
0,0,0,1,38,0,0,0,0
0,0,0,1,38,0,0,0,0
0,0,0,1,38,0,0,0,0
0,0,0,1,38,0,0,0,0
0,0,0,1,38,0,0,0,0
0,0,0,1,38,0,0,0,0
0,0,0,1,38,0,0,0,0
0,0,0,1,38,0,0,0,0
0,0,0,1,38,0,0,0,0
0,0,0,1,38,0,0,0,0
0,0,0,1,38,0,0,0,0
0,0,0,1,38,0,0,0,0
0,0,0,1,38,0,0,0,0
0,0,0,1,38,0,0,0,0
0,0,0,1,38,0,0,0,0
0,0,0,1,38,0,0,0,0
0,0,0,1,38,0,0,0,0
0,0,0,1,38,0,0,0,0
0,0,0,1,38,0,0,0,0
0,0,0,1,38,0,0,0,0
0,0,0,1,38,0,0,0,0
0,0,0,1,38,0,0,0,0
0,0,0,1,38,0,0,0,0
0,0,0,1,38,0,0,0,0
0,0,0,1,38,0,0,0,0
0,0,0,1,38,0,0,0,0
0,0,0,1,38,0,0,0,0
0,0,0,1,38,0,0,0,0
0,0,0,1,38,0,0,0,0
0,0,0,1,38,0,0,0,0
0,0,0,1,38,0,0,0,0
0,0,0,1,38,0,0,0,0
0,0,0,1,38,0,0,0,0
0,0,0,1,38,0,0,0,0
0,0,0,1,38,0,0,0,0
0,0,0,1,38,0,0,0,0
0,0,0,1,38,0,0,0,0
0,0,0,1,38,0,0,0,0
0,0,0,1,38,0,0,0,0
0,0,0,1,38,0,0,0,0
0,0,0,1,38,0,0,0,0
0,0,0,1,38,0,0,0,0
0,0,0,1,38,0,0,0,0
0,0,0,1,38,0,0,0,0
0,0,0,1,38,0,0,0,0
0,0,0,1,38,0,0,0,0
0,0,0,1,38,0,0,0,0
0,0,0,1,38,0,0,0,0
0,0,0,1,38,0,0,0,63
0,0,0,1,38,0,0,0,0
0,0,0,1,38,0,0,0,0
0,0,0,1,38,0,0,0,0
0,0,0,1,38,0,0,0,0
0,0,0,1,38,0,0,0,0
0,0,0,1,38,0,0,0,0
0,0,0,1,38,0,0,0,0
0,0,0,1,38,0,0,0,0
0,0,0,1,38,0,0,0,0
0,0,0,1,38,0,0,0,0
0,0,0,1,38,0,0,0,0
0,0,0,1,38,0,0,0,0
0,0,0,1,38,0,0,0,0
0,0,0,1,38,0,0,0,0
0,0,0,1,38,0,0,0,0
0,0,0,1,38,0,0,0,152
0,0,0,1,38,0,0,0,0
0,0,0,1,38,0,0,0,0
0,0,0,1,38,0,0,0,0
0,0,0,1,38,0,0,0,0
0,0,0,1,38,0,0,0,0
0,0,0,1,38,0,0,0,0
0,0,0,1,38,0,0,0,0
0,0,0,1,38,0,0,0,0
0,0,0,1,38,0,0,0,0
0,0,0,1,38,0,0,0,0
0,0,0,1,38,0,0,0,0
0,0,0,1,38,0,0,0,0
0,0,0,1,38,0,0,0,0
0,0,0,1,38,0,0,0,0
0,0,0,1,38,0,0,0,0
55,38,17,1,38,0,0,0,63
0,0,0,1,38,0,0,0,0
2,1,1,1,38,0,0,0,144
0,0,0,1,38,0,0,0,0
0,0,0,1,38,0,0,0,0
0,0,0,1,38,0,0,0,0
0,0,0,1,38,0,0,0,0
0,0,0,1,38,0,0,0,0
0,0,0,1,38,0,0,0,0
0,0,0,1,38,0,0,0,0
0,0,0,1,38,0,0,0,0
0,0,0,1,38,0,0,0,0
0,0,0,1,38,0,0,0,0
0,0,0,1,38,0,0,0,0
0,0,0,1,38,0,0,0,0
0,0,0,1,38,0,0,0,0
0,0,0,1,38,0,0,0,0
0,0,0,1,38,0,0,0,0
0,0,0,1,38,0,0,0,0
0,0,0,1,38,0,0,0,0
0,0,0,1,38,0,0,0,0
0,0,0,1,38,0,0,0,0
0,0,0,1,38,0,0,0,0
0,0,0,1,38,0,0,0,0
0,0,0,1,38,0,0,0,0
0,0,0,1,38,0,0,0,0
0,0,0,1,38,0,0,0,0
0,0,0,1,38,0,0,0,0
0,0,0,1,38,0,0,0,0
0,0,0,1,38,0,0,0,0
0,0,0,1,38,0,0,0,0
0,0,0,1,38,0,0,0,0
0,0,0,1,38,0,0,0,0
0,0,0,1,38,0,0,0,0
0,0,0,1,38,0,0,0,0
0,0,0,1,38,0,0,0,0
0,0,0,1,38,0,0,0,0
0,0,0,1,38,0,0,0,0
0,0,0,1,38,0,0,0,0
0,0,0,1,38,0,0,0,0
0,0,0,1,38,0,0,0,0
0,0,0,1,38,0,0,0,0
391,10,381,1,38,0,0,0,1049
0,0,0,1,38,0,0,0,188
0,0,0,1,38,0,0,0,0
2,1,1,1,38,0,0,0,86
0,0,0,1,38,0,0,0,0
0,0,0,1,38,0,0,0,0
0,0,0,1,38,0,0,0,0
0,0,0,1,38,0,0,0,0
0,0,0,1,38,0,0,0,0
0,0,0,1,38,0,0,0,0
0,0,0,1,38,0,0,0,0
0,0,0,1,38,0,0,0,0
0,0,0,1,38,0,0,0,0
0,0,0,1,38,0,0,0,0
0,0,0,1,38,0,0,0,0
0,0,0,1,38,0,0,0,0
0,0,0,1,38,0,0,0,0
0,0,0,1,38,0,0,0,0
0,0,0,1,38,0,0,0,0
0,0,0,1,38,0,0,0,0
0,0,0,1,38,0,0,0,0
0,0,0,1,38,0,0,0,0
0,0,0,1,38,0,0,0,0
0,0,0,1,38,0,0,0,0
0,0,0,1,38,0,0,0,0
0,0,0,1,38,0,0,0,0
0,0,0,1,38,0,0,0,0
0,0,0,1,38,0,0,0,0
0,0,0,1,38,0,0,0,0
0,0,0,1,38,0,0,0,0
0,0,0,1,38,0,0,0,0
0,0,0,1,38,0,0,0,0
0,0,0,1,38,0,0,0,0
0,0,0,1,38,0,0,0,0
0,0,0,1,38,0,0,0,0
0,0,0,1,38,0,0,0,0
0,0,0,1,38,0,0,0,0
0,0,0,1,38,0,0,0,0
0,0,0,1,38,0,0,0,0
0,0,0,1,38,0,0,0,0
0,0,0,1,38,0,0,0,0
0,0,0,1,38,0,0,0,0
0,0,0,1,38,0,0,0,0
0,0,0,1,38,0,0,0,0
0,0,0,1,38,0,0,0,0
0,0,0,1,38,0,0,0,0
0,0,0,1,38,0,0,0,0
0,0,0,1,38,0,0,0,0
0,0,0,1,38,0,0,0,121
0,0,0,2,38,0,0,0,376
0,0,0,1,38,0,0,0,0
0,0,0,1,38,0,0,0,0
0,0,0,1,38,0,0,0,0
0,0,0,1,38,0,0,0,0
0,0,0,1,38,0,0,0,0
0,0,0,1,38,0,0,0,0
0,0,0,1,38,0,0,0,0
0,0,0,1,38,0,0,0,0
0,0,0,1,38,0,0,0,0
0,0,0,1,38,0,0,0,0
0,0,0,1,38,0,0,0,0
0,0,0,1,38,0,0,0,0
0,0,0,1,38,0,0,0,0
0,0,0,1,38,0,0,0,0
0,0,0,1,38,0,0,0,0
0,0,0,1,38,0,0,0,0
0,0,0,1,38,0,0,0,0
0,0,0,1,38,0,0,0,0
0,0,0,1,38,0,0,0,0
0,0,0,1,38,0,0,0,0
0,0,0,1,38,0,0,0,0
0,0,0,1,38,0,0,0,0
0,0,0,1,38,0,0,0,0
0,0,0,1,38,0,0,0,0
0,0,0,1,38,0,0,0,0
0,0,0,1,38,0,0,0,0
0,0,0,1,38,0,0,0,0
0,0,0,1,38,0,0,0,0
0,0,0,1,38,0,0,0,0
0,0,0,1,38,0,0,0,0
0,0,0,1,38,0,0,0,0
0,0,0,1,38,0,0,0,0
0,0,0,1,38,0,0,0,0
0,0,0,1,38,0,0,0,0
0,0,0,1,38,0,0,0,0
0,0,0,1,38,0,0,0,0
0,0,0,1,38,0,0,0,0
0,0,0,1,38,0,0,0,0
0,0,0,1,38,0,0,0,0
0,0,0,1,38,0,0,0,0
0,0,0,1,38,0,0,0,0
9,6,3,1,38,0,0,0,593
2,1,1,1,38,0,0,0,1042
0,0,0,1,38,0,0,0,0
26,24,2,1,38,0,0,0,436
0,0,0,1,38,0,0,0,0
0,0,0,1,38,0,0,0,0
0,0,0,1,38,0,0,0,0
0,0,0,1,38,0,0,0,0
0,0,0,1,38,0,0,0,0
0,0,0,1,38,0,0,0,0
0,0,0,1,38,0,0,0,0
0,0,0,1,38,0,0,0,0
0,0,0,1,38,0,0,0,0
0,0,0,1,38,0,0,0,0
0,0,0,1,38,0,0,0,0
0,0,0,1,38,0,0,0,0
0,0,0,1,38,0,0,0,0
0,0,0,1,38,0,0,0,0
0,0,0,1,38,0,0,0,0
0,0,0,1,38,0,0,0,0
0,0,0,1,38,0,0,0,0
0,0,0,1,38,0,0,0,0
0,0,0,1,38,0,0,0,0
0,0,0,1,38,0,0,0,0
0,0,0,1,38,0,0,0,0
0,0,0,1,38,0,0,0,0
0,0,0,1,38,0,0,0,0
0,0,0,1,38,0,0,0,0
0,0,0,1,38,0,0,0,0
0,0,0,1,38,0,0,0,0
0,0,0,1,38,0,0,0,0
0,0,0,1,38,0,0,0,0
0,0,0,1,38,0,0,0,0
0,0,0,1,38,0,0,0,0
0,0,0,1,38,0,0,0,0
0,0,0,1,38,0,0,0,0
0,0,0,1,38,0,0,0,0
0,0,0,1,38,0,0,0,0
0,0,0,1,38,0,0,0,0
0,0,0,1,38,0,0,0,0
0,0,0,1,38,0,0,0,0
0,0,0,1,38,0,0,0,0
0,0,0,1,38,0,0,0,0
0,0,0,1,38,0,0,0,0
0,0,0,1,38,0,0,0,0
0,0,0,1,38,0,0,0,0
0,0,0,1,38,0,0,0,0
0,0,0,1,38,0,0,0,0
0,0,0,1,38,0,0,0,0
0,0,0,1,38,0,0,0,0
0,0,0,1,38,0,0,0,0
0,0,0,1,38,0,0,0,0
0,0,0,1,38,0,0,0,0
0,0,0,1,38,0,0,0,0
0,0,0,1,38,0,0,0,0
0,0,0,1,38,0,0,0,0
0,0,0,1,38,0,0,0,0
0,0,0,1,38,0,0,0,0
0,0,0,1,38,0,0,0,0
0,0,0,1,38,0,0,0,0
0,0,0,1,38,0,0,0,0
0,0,0,1,38,0,0,0,0
0,0,0,1,38,0,0,0,0
0,0,0,1,38,0,0,0,0
0,0,0,1,38,0,0,0,0
0,0,0,1,38,0,0,0,0
0,0,0,1,38,0,0,0,0
0,0,0,1,38,0,0,0,0
0,0,0,1,38,0,0,0,0
0,0,0,1,38,0,0,0,0
0,0,0,1,38,0,0,0,0
0,0,0,1,38,0,0,0,0
0,0,0,1,38,0,0,0,0
0,0,0,1,38,0,0,0,0
0,0,0,1,38,0,0,0,0
0,0,0,1,38,0,0,0,0
0,0,0,1,38,0,0,0,0
0,0,0,1,38,0,0,0,0
0,0,0,1,38,0,0,0,0
0,0,0,1,38,0,0,0,0
0,0,0,1,38,0,0,0,0
0,0,0,1,38,0,0,0,0
0,0,0,1,38,0,0,0,0
0,0,0,1,38,0,0,0,128
0,0,0,1,38,0,0,0,0
0,0,0,1,38,0,0,0,0
0,0,0,1,38,0,0,0,0
0,0,0,1,38,0,0,0,0
0,0,0,1,38,0,0,0,0
0,0,0,1,38,0,0,0,0
0,0,0,1,38,0,0,0,0
0,0,0,1,38,0,0,0,0
0,0,0,1,38,0,0,0,0
0,0,0,1,38,0,0,0,0
0,0,0,1,38,0,0,0,341
0,0,0,1,38,0,0,0,0
0,0,0,1,38,0,0,0,0
0,0,0,1,38,0,0,0,0
0,0,0,1,38,0,0,0,0
0,0,0,1,38,0,0,0,0
0,0,0,1,38,0,0,0,272
0,0,0,1,38,0,0,0,4
0,0,0,1,38,0,0,0,5
0,0,0,1,38,0,0,0,640
0,0,0,1,38,0,0,0,0
0,0,0,1,38,0,0,0,0
0,0,0,1,38,0,0,0,0
0,0,0,1,38,0,0,0,0
0,0,0,1,38,0,0,0,0
0,0,0,1,38,0,0,0,0
0,0,0,1,38,0,0,0,0
0,0,0,1,38,0,0,0,0
0,0,0,1,38,0,0,0,143
0,0,0,1,38,0,0,0,17
0,0,0,1,38,0,0,0,490
0,0,0,1,38,0,0,0,0
0,0,0,1,38,0,0,0,0
0,0,0,1,38,0,0,0,171
0,0,0,1,38,0,0,0,8
0,0,0,1,38,0,0,0,0
0,0,0,1,38,0,0,0,0
0,0,0,1,38,0,0,0,0
0,0,0,1,38,0,0,0,0
0,0,0,1,38,0,0,0,0
0,0,0,1,38,0,0,0,0
0,0,0,1,38,0,0,0,0
4,2,2,3,37,2,0,0,8
480,262,218,1,38,0,0,0,2432
24,10,14,1,38,0,0,0,223
88,68,20,1,38,0,0,0,960
16,10,6,1,38,0,0,0,552
0,0,0,1,38,0,0,0,83
2,1,1,1,38,0,0,0,135
16,8,8,1,38,0,0,0,239
9,8,1,1,38,0,0,0,310
0,0,0,1,38,0,0,0,34
20,16,4,1,38,0,0,0,702
2,1,1,1,38,0,0,0,647
5,5,0,1,38,0,0,0,443
0,0,0,1,38,0,0,0,0
0,0,0,1,38,0,0,0,0
0,0,0,1,38,0,0,0,0
6,1,5,1,38,0,0,0,486
2,1,1,1,38,0,0,0,268
249,174,75,1,38,0,0,0,3103
79,24,55,1,38,0,0,0,546
0,0,0,1,38,0,0,0,0
0,0,0,1,38,0,0,0,0
0,0,0,1,38,0,0,0,0
0,0,0,1,38,0,0,0,0
0,0,0,1,38,0,0,0,0
0,0,0,1,38,0,0,0,0
0,0,0,1,38,0,0,0,0
0,0,0,1,38,0,0,0,0
0,0,0,1,38,0,0,0,0
0,0,0,1,38,0,0,0,0
0,0,0,1,38,0,0,0,0
0,0,0,1,38,0,0,0,0
0,0,0,1,38,0,0,0,0
0,0,0,1,38,0,0,0,0
0,0,0,1,38,0,0,0,0
0,0,0,1,38,0,0,0,0
0,0,0,1,38,0,0,0,0
0,0,0,1,38,0,0,0,0
0,0,0,1,38,0,0,0,0
0,0,0,1,38,0,0,0,0
0,0,0,1,38,0,0,0,0
0,0,0,1,38,0,0,0,0
0,0,0,1,38,0,0,0,0
0,0,0,1,38,0,0,0,0
0,0,0,1,38,0,0,0,0
0,0,0,1,38,0,0,0,0
0,0,0,1,38,0,0,0,0
0,0,0,1,38,0,0,0,0
0,0,0,1,38,0,0,0,0
0,0,0,1,38,0,0,0,0
0,0,0,1,38,0,0,0,0
0,0,0,1,38,0,0,0,0
0,0,0,1,38,0,0,0,0
0,0,0,1,38,0,0,0,0
0,0,0,1,38,0,0,0,0
0,0,0,1,38,0,0,0,0
0,0,0,1,38,0,0,0,0
0,0,0,1,38,0,0,0,0
0,0,0,1,38,0,0,0,0
0,0,0,1,38,0,0,0,0
0,0,0,1,38,0,0,0,0
0,0,0,1,38,0,0,0,0
0,0,0,1,38,0,0,0,0
0,0,0,1,38,0,0,0,0
0,0,0,1,38,0,0,0,0
0,0,0,1,38,0,0,0,0
0,0,0,1,38,0,0,0,0
0,0,0,1,38,0,0,0,0
0,0,0,1,38,0,0,0,0
0,0,0,1,38,0,0,0,0
0,0,0,1,38,0,0,0,0
0,0,0,1,38,0,0,0,0
0,0,0,1,38,0,0,0,0
0,0,0,1,38,0,0,0,0
0,0,0,1,38,0,0,0,0
0,0,0,1,38,0,0,0,0
0,0,0,1,38,0,0,0,0
0,0,0,1,38,0,0,0,0
0,0,0,1,38,0,0,0,0
0,0,0,1,38,0,0,0,0
0,0,0,1,38,0,0,0,0
0,0,0,1,38,0,0,0,0
0,0,0,1,38,0,0,0,0
0,0,0,1,38,0,0,0,0
0,0,0,1,38,0,0,0,0
0,0,0,1,38,0,0,0,0
0,0,0,1,38,0,0,0,0
0,0,0,1,38,0,0,0,0
0,0,0,1,38,0,0,0,0
0,0,0,1,38,0,0,0,0
0,0,0,1,38,0,0,0,0
0,0,0,1,38,0,0,0,0
0,0,0,1,38,0,0,0,0
0,0,0,1,38,0,0,0,0
0,0,0,1,38,0,0,0,0
0,0,0,1,38,0,0,0,0
0,0,0,1,38,0,0,0,0
0,0,0,1,38,0,0,0,0
0,0,0,1,38,0,0,0,0
0,0,0,1,38,0,0,0,0
0,0,0,1,38,0,0,0,0
0,0,0,1,38,0,0,0,0
0,0,0,1,38,0,0,0,0
0,0,0,1,38,0,0,0,0
0,0,0,1,38,0,0,0,0
0,0,0,1,38,0,0,0,0
0,0,0,1,38,0,0,0,0
0,0,0,1,38,0,0,0,0
0,0,0,1,38,0,0,0,0
343,322,21,1,38,0,0,0,538
0,0,0,1,38,0,0,0,0
0,0,0,1,38,0,0,0,0
0,0,0,1,38,0,0,0,0
0,0,0,1,38,0,0,0,0
0,0,0,1,38,0,0,0,0
0,0,0,1,38,0,0,0,0
25,22,3,1,38,0,0,0,254
5,1,4,1,38,0,0,0,584
0,0,0,1,38,0,0,0,0
0,0,0,1,38,0,0,0,0
0,0,0,1,38,0,0,0,0
0,0,0,1,38,0,0,0,0
0,0,0,1,38,0,0,0,0
0,0,0,1,38,0,0,0,0
0,0,0,1,38,0,0,0,0
0,0,0,1,38,0,0,0,0
0,0,0,1,38,0,0,0,0
0,0,0,1,38,0,0,0,0
0,0,0,1,38,0,0,0,0
0,0,0,1,38,0,0,0,0
0,0,0,1,38,0,0,0,0
0,0,0,1,38,0,0,0,0
0,0,0,1,38,0,0,0,0
0,0,0,1,38,0,0,0,0
0,0,0,1,38,0,0,0,0
0,0,0,1,38,0,0,0,511
0,0,0,1,38,0,0,0,0
0,0,0,1,38,0,0,0,0
0,0,0,1,38,0,0,0,0
0,0,0,1,38,0,0,0,0
0,0,0,1,38,0,0,0,0
0,0,0,1,38,0,0,0,0
0,0,0,1,38,0,0,0,0
0,0,0,1,38,0,0,0,0
0,0,0,1,38,0,0,0,0
0,0,0,1,38,0,0,0,0
0,0,0,1,38,0,0,0,0
0,0,0,1,38,0,0,0,0
0,0,0,1,38,0,0,0,0
0,0,0,1,38,0,0,0,0
0,0,0,1,38,0,0,0,0
0,0,0,1,38,0,0,0,0
0,0,0,1,38,0,0,0,0
0,0,0,1,38,0,0,0,0
0,0,0,1,38,0,0,0,0
0,0,0,1,38,0,0,0,0
0,0,0,1,38,0,0,0,0
0,0,0,1,38,0,0,0,0
0,0,0,1,38,0,0,0,0
0,0,0,1,38,0,0,0,0
0,0,0,1,38,0,0,0,0
0,0,0,1,38,0,0,0,0
0,0,0,1,38,0,0,0,0
0,0,0,1,38,0,0,0,0
0,0,0,1,38,0,0,0,0
0,0,0,1,38,0,0,0,0
0,0,0,1,38,0,0,0,0
0,0,0,1,38,0,0,0,0
0,0,0,1,38,0,0,0,0
0,0,0,1,38,0,0,0,0
0,0,0,1,38,0,0,0,0
12,6,6,1,38,0,0,0,402
193,158,35,1,38,0,0,0,656
0,0,0,1,38,0,0,0,0
6,3,3,1,38,0,0,0,1349
0,0,0,1,38,0,0,0,0
0,0,0,1,38,0,0,0,0
0,0,0,1,38,0,0,0,0
0,0,0,1,38,0,0,0,0
0,0,0,1,38,0,0,0,0
0,0,0,1,38,0,0,0,0
0,0,0,1,38,0,0,0,0
0,0,0,1,38,0,0,0,0
0,0,0,1,38,0,0,0,0
0,0,0,1,38,0,0,0,0
0,0,0,1,38,0,0,0,0
217,212,5,1,38,0,0,0,346
0,0,0,1,38,0,0,0,0
0,0,0,1,38,0,0,0,0
0,0,0,1,38,0,0,0,0
0,0,0,1,38,0,0,0,0
0,0,0,1,38,0,0,0,0
0,0,0,1,38,0,0,0,0
0,0,0,1,38,0,0,0,0
0,0,0,1,38,0,0,0,0
0,0,0,1,38,0,0,0,0
0,0,0,1,38,0,0,0,0
0,0,0,1,38,0,0,0,0
0,0,0,1,38,0,0,0,0
0,0,0,1,38,0,0,0,0
0,0,0,1,38,0,0,0,0
0,0,0,1,38,0,0,0,0
0,0,0,1,38,0,0,0,0
0,0,0,1,38,0,0,0,0
0,0,0,1,38,0,0,0,0
0,0,0,1,38,0,0,0,0
0,0,0,1,38,0,0,0,0
0,0,0,1,38,0,0,0,0
0,0,0,1,38,0,0,0,0
0,0,0,1,38,0,0,0,0
0,0,0,1,38,0,0,0,0
0,0,0,1,38,0,0,0,0
0,0,0,1,38,0,0,0,0
0,0,0,1,38,0,0,0,0
0,0,0,1,38,0,0,0,0
0,0,0,1,38,0,0,0,0
0,0,0,1,38,0,0,0,0
0,0,0,1,38,0,0,0,0
0,0,0,1,38,0,0,0,0
0,0,0,1,38,0,0,0,0
0,0,0,1,38,0,0,0,0
0,0,0,1,38,0,0,0,0
0,0,0,1,38,0,0,0,0
0,0,0,1,38,0,0,0,0
0,0,0,1,38,0,0,0,0
0,0,0,1,38,0,0,0,0
0,0,0,1,38,0,0,0,0
0,0,0,1,38,0,0,0,0
0,0,0,1,38,0,0,0,0
0,0,0,1,38,0,0,0,0
0,0,0,1,38,0,0,0,0
0,0,0,1,38,0,0,0,0
0,0,0,1,38,0,0,0,0
0,0,0,1,38,0,0,0,0
0,0,0,1,38,0,0,0,0
0,0,0,1,38,0,0,0,0
0,0,0,1,38,0,0,0,0
0,0,0,1,38,0,0,0,0
0,0,0,1,38,0,0,0,0
0,0,0,1,38,0,0,0,0
0,0,0,1,38,0,0,0,0
0,0,0,1,38,0,0,0,0
0,0,0,1,38,0,0,0,0
0,0,0,1,38,0,0,0,0
0,0,0,1,38,0,0,0,0
0,0,0,1,38,0,0,0,0
0,0,0,1,38,0,0,0,0
0,0,0,1,38,0,0,0,0
0,0,0,1,38,0,0,0,0
0,0,0,1,38,0,0,0,0
0,0,0,1,38,0,0,0,0
0,0,0,1,38,0,0,0,0
0,0,0,1,38,0,0,0,0
0,0,0,1,38,0,0,0,0
0,0,0,1,38,0,0,0,0
0,0,0,1,38,0,0,0,0
0,0,0,1,38,0,0,0,0
0,0,0,1,38,0,0,0,0
0,0,0,1,38,0,0,0,0
0,0,0,1,38,0,0,0,0
0,0,0,1,38,0,0,0,0
0,0,0,1,38,0,0,0,0
0,0,0,1,38,0,0,0,0
0,0,0,1,38,0,0,0,0
0,0,0,1,38,0,0,0,0
0,0,0,1,38,0,0,0,0
0,0,0,1,38,0,0,0,0
0,0,0,1,38,0,0,0,0
0,0,0,1,38,0,0,0,0
0,0,0,1,38,0,0,0,0
0,0,0,1,38,0,0,0,0
0,0,0,1,38,0,0,0,0
0,0,0,1,38,0,0,0,0
0,0,0,1,38,0,0,0,0
0,0,0,1,38,0,0,0,0
0,0,0,1,38,0,0,0,0
0,0,0,1,38,0,0,0,0
0,0,0,1,38,0,0,0,0
0,0,0,1,38,0,0,0,0
0,0,0,1,38,0,0,0,0
0,0,0,1,38,0,0,0,0
0,0,0,1,38,0,0,0,0
0,0,0,1,38,0,0,0,0
0,0,0,1,38,0,0,0,0
0,0,0,1,38,0,0,0,0
0,0,0,1,38,0,0,0,0
0,0,0,1,38,0,0,0,0
0,0,0,1,38,0,0,0,0
0,0,0,1,38,0,0,0,0
0,0,0,1,38,0,0,0,0
0,0,0,1,38,0,0,0,0
0,0,0,1,38,0,0,0,0
0,0,0,1,38,0,0,0,0
0,0,0,1,38,0,0,0,0
0,0,0,1,38,0,0,0,0
0,0,0,1,38,0,0,0,0
0,0,0,1,38,0,0,0,0
0,0,0,1,38,0,0,0,0
0,0,0,1,38,0,0,0,0
8,4,4,1,38,0,0,0,376
4,3,1,1,38,0,0,0,2235
0,0,0,1,38,0,0,0,0
0,0,0,1,38,0,0,0,0
0,0,0,1,38,0,0,0,0
0,0,0,1,38,0,0,0,0
0,0,0,1,38,0,0,0,0
0,0,0,1,38,0,0,0,0
0,0,0,1,38,0,0,0,0
0,0,0,1,38,0,0,0,0
0,0,0,1,38,0,0,0,0
0,0,0,1,38,0,0,0,0
0,0,0,1,38,0,0,0,0
0,0,0,1,38,0,0,0,0
0,0,0,1,38,0,0,0,0
0,0,0,1,38,0,0,0,0
0,0,0,1,38,0,0,0,0
0,0,0,1,38,0,0,0,0
0,0,0,1,38,0,0,0,0
0,0,0,1,38,0,0,0,0
0,0,0,1,38,0,0,0,0
0,0,0,1,38,0,0,0,0
0,0,0,1,38,0,0,0,0
0,0,0,1,38,0,0,0,0
0,0,0,1,38,0,0,0,0
0,0,0,1,38,0,0,0,0
0,0,0,1,38,0,0,0,0
0,0,0,1,38,0,0,0,0
0,0,0,1,38,0,0,0,0
0,0,0,1,38,0,0,0,0
0,0,0,1,38,0,0,0,0
0,0,0,1,38,0,0,0,0
0,0,0,1,38,0,0,0,0
0,0,0,1,38,0,0,0,0
0,0,0,1,38,0,0,0,0
0,0,0,1,38,0,0,0,0
0,0,0,1,38,0,0,0,0
0,0,0,1,38,0,0,0,0
0,0,0,1,38,0,0,0,0
0,0,0,1,38,0,0,0,0
0,0,0,1,38,0,0,0,0
0,0,0,1,38,0,0,0,0
0,0,0,1,38,0,0,0,0
0,0,0,1,38,0,0,0,0
0,0,0,1,38,0,0,0,0
0,0,0,1,38,0,0,0,0
0,0,0,1,38,0,0,0,0
0,0,0,1,38,0,0,0,0
0,0,0,1,38,0,0,0,0
0,0,0,1,38,0,0,0,0
0,0,0,1,38,0,0,0,0
0,0,0,1,38,0,0,0,0
0,0,0,1,38,0,0,0,0
0,0,0,1,38,0,0,0,0
0,0,0,1,38,0,0,0,0
0,0,0,1,38,0,0,0,0
0,0,0,1,38,0,0,0,0
0,0,0,1,38,0,0,0,0
0,0,0,1,38,0,0,0,0
0,0,0,1,38,0,0,0,0
0,0,0,1,38,0,0,0,0
0,0,0,1,38,0,0,0,0
0,0,0,1,38,0,0,0,0
0,0,0,1,38,0,0,0,0
0,0,0,1,38,0,0,0,0
2,1,1,1,38,0,0,0,108
0,0,0,1,38,0,0,0,0
0,0,0,1,38,0,0,0,0
0,0,0,1,38,0,0,0,0
0,0,0,1,38,0,0,0,0
0,0,0,1,38,0,0,0,0
5,4,1,1,38,0,0,0,416
0,0,0,1,38,0,0,0,0
0,0,0,1,38,0,0,0,0
0,0,0,1,38,0,0,0,0
0,0,0,1,38,0,0,0,0
0,0,0,1,38,0,0,0,0
0,0,0,1,38,0,0,0,0
0,0,0,1,38,0,0,0,0
0,0,0,1,38,0,0,0,0
0,0,0,1,38,0,0,0,0
0,0,0,1,38,0,0,0,0
0,0,0,1,38,0,0,0,0
0,0,0,1,38,0,0,0,0
0,0,0,1,38,0,0,0,0
0,0,0,1,38,0,0,0,0
0,0,0,1,38,0,0,0,0
0,0,0,1,38,0,0,0,0
0,0,0,1,38,0,0,0,0
0,0,0,1,38,0,0,0,0
0,0,0,1,38,0,0,0,0
0,0,0,1,38,0,0,0,0
0,0,0,1,38,0,0,0,0
0,0,0,1,38,0,0,0,0
31,27,4,1,38,0,0,0,163
0,0,0,1,38,0,0,0,0
17,13,4,1,38,0,0,0,214
0,0,0,1,38,0,0,0,0
2,2,0,1,38,0,0,0,45
0,0,0,1,38,0,0,0,0
0,0,0,1,38,0,0,0,0
0,0,0,1,38,0,0,0,0
0,0,0,1,38,0,0,0,0
0,0,0,1,38,0,0,0,0
0,0,0,1,38,0,0,0,0
0,0,0,1,38,0,0,0,0
0,0,0,1,38,0,0,0,0
0,0,0,1,38,0,0,0,0
0,0,0,1,38,0,0,0,0
0,0,0,1,38,0,0,0,0
0,0,0,1,38,0,0,0,0
0,0,0,1,38,0,0,0,0
0,0,0,1,38,0,0,0,0
0,0,0,1,38,0,0,0,0
0,0,0,1,38,0,0,0,0
0,0,0,1,38,0,0,0,0
0,0,0,1,38,0,0,0,0
0,0,0,1,38,0,0,0,0
0,0,0,1,38,0,0,0,0
0,0,0,1,38,0,0,0,0
0,0,0,1,38,0,0,0,0
0,0,0,1,38,0,0,0,0
0,0,0,1,38,0,0,0,0
0,0,0,1,38,0,0,0,0
0,0,0,1,38,0,0,0,0
4,3,1,1,38,0,0,0,256
4,3,1,1,38,0,0,0,322
0,0,0,1,38,0,0,0,0
0,0,0,1,38,0,0,0,0
0,0,0,1,38,0,0,0,0
2,2,0,1,38,0,0,0,57
4,3,1,1,38,0,0,0,122
0,0,0,1,38,0,0,0,0
3,3,0,1,38,0,0,0,62
0,0,0,1,38,0,0,0,105
7,4,3,1,38,0,0,0,648
4,3,1,1,38,0,0,0,76
0,0,0,1,38,0,0,0,0
0,0,0,1,38,0,0,0,0
11,8,3,1,38,0,0,0,52
11,8,3,1,38,0,0,0,51
5,3,2,1,38,0,0,0,72
4,3,1,1,38,0,0,0,51
2,1,1,1,38,0,0,0,66
0,0,0,1,38,0,0,0,0
5,5,0,1,38,0,0,0,19
0,0,0,1,38,0,0,0,0
4,3,1,1,38,0,0,0,52
2,2,0,1,38,0,0,0,77
3,3,0,1,38,0,0,0,15
3,3,0,1,38,0,0,0,15
59,47,12,1,38,0,0,0,1534
0,0,0,1,38,0,0,0,0
0,0,0,1,38,0,0,0,0
0,0,0,1,38,0,0,0,0
0,0,0,1,38,0,0,0,0
81,49,32,1,38,0,0,0,9559
4,3,1,1,38,0,0,0,69
4,4,0,1,38,0,0,0,33
0,0,0,1,38,0,0,0,199
3,3,0,1,38,0,0,0,181
3,3,0,1,38,0,0,0,21
663,587,76,2,33,0,0,0,0
338,232,106,2,33,0,0,0,295
424,416,8,2,33,0,0,0,5528
58,18,40,2,33,0,0,0,0
0,0,0,1,33,0,0,0,3101
8346,8317,29,2,33,0,0,0,22157
0,0,0,2,33,0,0,0,0
0,0,0,1,33,0,0,0,79365
0,0,0,1,33,0,0,0,393
235,200,35,2,33,0,0,0,439
736,519,217,2,33,0,0,0,1151
431,367,64,2,33,0,0,0,1063
0,0,0,1,33,0,0,0,9573
627,464,163,2,33,0,0,0,1119
727,514,213,2,33,0,0,0,1146
0,0,0,1,33,0,0,0,44
0,0,0,1,33,0,0,0,43
0,0,0,1,33,0,0,0,326
0,0,0,1,33,0,0,0,66
0,0,0,1,33,0,0,0,39
0,0,0,1,33,0,0,0,158
0,0,0,1,33,0,0,0,73
0,0,0,1,33,0,0,0,96
0,0,0,1,33,0,0,0,114
0,0,0,1,33,0,0,0,123
0,0,0,1,33,0,0,0,72
0,0,0,1,33,0,0,0,126
0,0,0,1,33,0,0,0,127
0,0,0,1,33,0,0,0,533
0,0,0,1,33,0,0,0,515
0,0,0,1,33,0,0,0,514
0,0,0,1,33,0,0,0,55
0,0,0,1,33,0,0,0,40
0,0,0,1,33,0,0,0,40
0,0,0,1,33,0,0,0,65
0,0,0,1,33,0,0,0,48
0,0,0,1,33,0,0,0,46
0,0,0,1,33,0,0,0,44
0,0,0,1,33,0,0,0,56
0,0,0,1,33,0,0,0,352
0,0,0,1,33,0,0,0,36
0,0,0,1,33,0,0,0,36
0,0,0,1,33,0,0,0,225
0,0,0,1,33,0,0,0,196
0,0,0,1,33,0,0,0,36
0,0,0,1,33,0,0,0,62
0,0,0,1,33,0,0,0,36
0,0,0,1,33,0,0,0,36
0,0,0,1,33,0,0,0,38
0,0,0,1,33,0,0,0,43
0,0,0,1,33,0,0,0,43
0,0,0,1,33,0,0,0,42
0,0,0,1,33,0,0,0,152
0,0,0,1,33,0,0,0,151
0,0,0,1,33,0,0,0,47
0,0,0,1,33,0,0,0,42
0,0,0,1,33,0,0,0,42
0,0,0,1,33,0,0,0,42
0,0,0,1,33,0,0,0,42
0,0,0,1,33,0,0,0,42
0,0,0,1,33,0,0,0,41
0,0,0,1,33,0,0,0,42
0,0,0,1,33,0,0,0,42
0,0,0,1,33,0,0,0,42
0,0,0,1,33,0,0,0,41
0,0,0,1,33,0,0,0,42
0,0,0,1,33,0,0,0,41
0,0,0,1,33,0,0,0,41
0,0,0,1,33,0,0,0,41
0,0,0,1,33,0,0,0,41
0,0,0,1,33,0,0,0,42
0,0,0,1,33,0,0,0,42
0,0,0,1,33,0,0,0,41
0,0,0,1,33,0,0,0,42
0,0,0,1,33,0,0,0,60
0,0,0,1,33,0,0,0,41
0,0,0,1,33,0,0,0,41
0,0,0,1,33,0,0,0,42
0,0,0,1,33,0,0,0,42
0,0,0,1,33,0,0,0,42
0,0,0,1,33,0,0,0,42
0,0,0,1,33,0,0,0,42
0,0,0,1,33,0,0,0,42
0,0,0,1,33,0,0,0,42
0,0,0,1,33,0,0,0,42
0,0,0,1,33,0,0,0,42
0,0,0,1,33,0,0,0,42
0,0,0,1,33,0,0,0,42
0,0,0,1,33,0,0,0,42
0,0,0,1,33,0,0,0,45
0,0,0,1,33,0,0,0,41
0,0,0,1,33,0,0,0,41
0,0,0,1,33,0,0,0,41
0,0,0,1,33,0,0,0,45
0,0,0,1,33,0,0,0,42
0,0,0,1,33,0,0,0,42
0,0,0,1,33,0,0,0,42
0,0,0,1,33,0,0,0,42
0,0,0,1,33,0,0,0,42
0,0,0,1,33,0,0,0,41
0,0,0,1,33,0,0,0,42
0,0,0,1,33,0,0,0,42
0,0,0,1,33,0,0,0,41
0,0,0,1,33,0,0,0,42
0,0,0,1,33,0,0,0,42
0,0,0,1,33,0,0,0,42
0,0,0,1,33,0,0,0,42
0,0,0,1,33,0,0,0,45
0,0,0,1,33,0,0,0,41
0,0,0,1,33,0,0,0,56
0,0,0,1,33,0,0,0,42
0,0,0,1,33,0,0,0,41
0,0,0,1,33,0,0,0,42
0,0,0,1,33,0,0,0,42
0,0,0,1,33,0,0,0,41
0,0,0,1,33,0,0,0,42
0,0,0,1,33,0,0,0,42
0,0,0,1,33,0,0,0,42
0,0,0,1,33,0,0,0,42
0,0,0,1,33,0,0,0,42
0,0,0,1,33,0,0,0,42
0,0,0,1,33,0,0,0,41
0,0,0,1,33,0,0,0,42
0,0,0,1,33,0,0,0,42
0,0,0,1,33,0,0,0,42
0,0,0,1,33,0,0,0,41
0,0,0,1,33,0,0,0,41
0,0,0,1,33,0,0,0,41
0,0,0,1,33,0,0,0,46
0,0,0,1,33,0,0,0,42
0,0,0,1,33,0,0,0,41
0,0,0,1,33,0,0,0,41
0,0,0,1,33,0,0,0,42
0,0,0,1,33,0,0,0,42
0,0,0,1,33,0,0,0,42
0,0,0,1,33,0,0,0,42
0,0,0,1,33,0,0,0,42
0,0,0,1,33,0,0,0,42
0,0,0,1,33,0,0,0,41
0,0,0,1,33,0,0,0,41
0,0,0,1,33,0,0,0,42
0,0,0,1,33,0,0,0,42
0,0,0,1,33,0,0,0,41
0,0,0,1,33,0,0,0,42
0,0,0,1,33,0,0,0,42
0,0,0,1,33,0,0,0,41
0,0,0,1,33,0,0,0,41
0,0,0,1,33,0,0,0,41
0,0,0,1,33,0,0,0,41
0,0,0,1,33,0,0,0,41
0,0,0,1,33,0,0,0,42
0,0,0,1,33,0,0,0,42
0,0,0,1,33,0,0,0,41
0,0,0,1,33,0,0,0,42
0,0,0,1,33,0,0,0,41
0,0,0,1,33,0,0,0,56
0,0,0,1,33,0,0,0,41
0,0,0,1,33,0,0,0,41
0,0,0,1,33,0,0,0,42
0,0,0,1,33,0,0,0,41
0,0,0,1,33,0,0,0,45
0,0,0,1,33,0,0,0,42
0,0,0,1,33,0,0,0,42
0,0,0,1,33,0,0,0,42
0,0,0,1,33,0,0,0,42
0,0,0,1,33,0,0,0,42
0,0,0,1,33,0,0,0,41
0,0,0,1,33,0,0,0,42
0,0,0,1,33,0,0,0,41
0,0,0,1,33,0,0,0,42
0,0,0,1,33,0,0,0,42
0,0,0,1,33,0,0,0,54
0,0,0,1,33,0,0,0,42
0,0,0,1,33,0,0,0,41
0,0,0,1,33,0,0,0,41
0,0,0,1,33,0,0,0,42
0,0,0,1,33,0,0,0,41
0,0,0,1,33,0,0,0,42
0,0,0,1,33,0,0,0,42
0,0,0,1,33,0,0,0,41
0,0,0,1,33,0,0,0,42
0,0,0,1,33,0,0,0,42
0,0,0,1,33,0,0,0,42
0,0,0,1,33,0,0,0,42
0,0,0,1,33,0,0,0,42
0,0,0,1,33,0,0,0,42
0,0,0,1,33,0,0,0,41
0,0,0,1,33,0,0,0,42
0,0,0,1,33,0,0,0,41
0,0,0,1,33,0,0,0,42
0,0,0,1,33,0,0,0,41
0,0,0,1,33,0,0,0,41
0,0,0,1,33,0,0,0,72
0,0,0,1,33,0,0,0,42
0,0,0,1,33,0,0,0,41
0,0,0,1,33,0,0,0,56
0,0,0,1,33,0,0,0,41
0,0,0,1,33,0,0,0,41
0,0,0,1,33,0,0,0,56
0,0,0,1,33,0,0,0,41
0,0,0,1,33,0,0,0,42
0,0,0,1,33,0,0,0,41
0,0,0,1,33,0,0,0,41
0,0,0,1,33,0,0,0,41
0,0,0,1,33,0,0,0,42
0,0,0,1,33,0,0,0,41
0,0,0,1,33,0,0,0,42
0,0,0,1,33,0,0,0,42
0,0,0,1,33,0,0,0,46
0,0,0,1,33,0,0,0,41
0,0,0,1,33,0,0,0,42
0,0,0,1,33,0,0,0,41
0,0,0,1,33,0,0,0,41
0,0,0,1,33,0,0,0,41
0,0,0,1,33,0,0,0,56
0,0,0,1,33,0,0,0,41
0,0,0,1,33,0,0,0,42
0,0,0,1,33,0,0,0,42
0,0,0,1,33,0,0,0,42
0,0,0,1,33,0,0,0,41
0,0,0,1,33,0,0,0,42
0,0,0,1,33,0,0,0,42
0,0,0,1,33,0,0,0,42
0,0,0,1,33,0,0,0,42
0,0,0,1,33,0,0,0,42
0,0,0,1,33,0,0,0,42
0,0,0,1,33,0,0,0,42
0,0,0,1,33,0,0,0,41
0,0,0,1,33,0,0,0,41
0,0,0,1,33,0,0,0,41
0,0,0,1,33,0,0,0,41
0,0,0,1,33,0,0,0,42
0,0,0,1,33,0,0,0,41
0,0,0,1,33,0,0,0,41
0,0,0,1,33,0,0,0,41
0,0,0,1,33,0,0,0,42
0,0,0,1,33,0,0,0,41
0,0,0,1,33,0,0,0,41
0,0,0,1,33,0,0,0,41
0,0,0,1,33,0,0,0,41
0,0,0,1,33,0,0,0,41
0,0,0,1,33,0,0,0,41
0,0,0,1,33,0,0,0,41
0,0,0,1,33,0,0,0,42
0,0,0,1,33,0,0,0,41
0,0,0,1,33,0,0,0,42
0,0,0,1,33,0,0,0,42
0,0,0,1,33,0,0,0,42
0,0,0,1,33,0,0,0,42
0,0,0,1,33,0,0,0,42
0,0,0,1,33,0,0,0,42
0,0,0,1,33,0,0,0,42
0,0,0,1,33,0,0,0,74
0,0,0,1,33,0,0,0,73
0,0,0,1,33,0,0,0,308
0,0,0,1,33,0,0,0,307
0,0,0,1,33,0,0,0,609
0,0,0,1,33,0,0,0,608
0,0,0,1,33,0,0,0,138
0,0,0,1,33,0,0,0,137
0,0,0,1,33,0,0,0,788
0,0,0,1,33,0,0,0,787
0,0,0,1,33,0,0,0,598
0,0,0,1,33,0,0,0,597
0,0,0,1,33,0,0,0,615
0,0,0,1,33,0,0,0,614
0,0,0,1,33,0,0,0,614
0,0,0,1,33,0,0,0,613
0,0,0,1,33,0,0,0,149
0,0,0,1,33,0,0,0,148
0,0,0,1,33,0,0,0,36
0,0,0,1,33,0,0,0,36
0,0,0,1,33,0,0,0,36
0,0,0,1,33,0,0,0,36
0,0,0,1,33,0,0,0,36
0,0,0,1,33,0,0,0,36
0,0,0,1,33,0,0,0,36
0,0,0,1,33,0,0,0,36
0,0,0,1,33,0,0,0,36
0,0,0,1,33,0,0,0,38
0,0,0,1,33,0,0,0,36
0,0,0,1,33,0,0,0,36
0,0,0,1,33,0,0,0,36
0,0,0,1,33,0,0,0,36
0,0,0,1,33,0,0,0,36
0,0,0,1,33,0,0,0,37
0,0,0,1,33,0,0,0,36
0,0,0,1,33,0,0,0,36
0,0,0,1,33,0,0,0,36
0,0,0,1,33,0,0,0,36
0,0,0,1,33,0,0,0,36
0,0,0,1,33,0,0,0,36
0,0,0,1,33,0,0,0,36
0,0,0,1,33,0,0,0,36
0,0,0,1,33,0,0,0,36
0,0,0,1,33,0,0,0,36
0,0,0,1,33,0,0,0,36
0,0,0,1,33,0,0,0,37
0,0,0,1,33,0,0,0,37
0,0,0,1,33,0,0,0,37
0,0,0,1,33,0,0,0,36
0,0,0,1,33,0,0,0,36
0,0,0,1,33,0,0,0,36
0,0,0,1,33,0,0,0,36
0,0,0,1,33,0,0,0,36
0,0,0,1,33,0,0,0,36
0,0,0,1,33,0,0,0,121
0,0,0,1,33,0,0,0,38
0,0,0,1,33,0,0,0,39
0,0,0,1,33,0,0,0,36
0,0,0,1,33,0,0,0,39
0,0,0,1,33,0,0,0,38
0,0,0,1,33,0,0,0,44
0,0,0,1,33,0,0,0,92
0,0,0,1,33,0,0,0,36
0,0,0,1,33,0,0,0,39
0,0,0,1,33,0,0,0,38
0,0,0,1,33,0,0,0,38
0,0,0,1,33,0,0,0,36
0,0,0,1,33,0,0,0,36
0,0,0,1,33,0,0,0,36
0,0,0,1,33,0,0,0,46
0,0,0,1,33,0,0,0,153
0,0,0,1,33,0,0,0,44
0,0,0,1,33,0,0,0,36
0,0,0,1,33,0,0,0,61
0,0,0,1,33,0,0,0,115
0,0,0,1,33,0,0,0,131
0,0,0,1,33,0,0,0,56
0,0,0,1,33,0,0,0,55
0,0,0,1,33,0,0,0,58
0,0,0,1,33,0,0,0,57
0,0,0,1,33,0,0,0,49
0,0,0,1,33,0,0,0,48
0,0,0,1,33,0,0,0,158
0,0,0,1,33,0,0,0,157
0,0,0,1,33,0,0,0,109
0,0,0,1,33,0,0,0,42
0,0,0,1,33,0,0,0,148
0,0,0,1,33,0,0,0,69
0,0,0,1,33,0,0,0,38
0,0,0,1,33,0,0,0,110
0,0,0,1,33,0,0,0,133
0,0,0,1,33,0,0,0,89
0,0,0,1,33,0,0,0,41
0,0,0,1,33,0,0,0,40
0,0,0,1,33,0,0,0,190
0,0,0,1,33,0,0,0,406
0,0,0,1,33,0,0,0,38
0,0,0,1,33,0,0,0,49
0,0,0,1,33,0,0,0,39
0,0,0,1,33,0,0,0,55
0,0,0,1,33,0,0,0,40
0,0,0,1,33,0,0,0,219
0,0,0,1,33,0,0,0,51
0,0,0,1,33,0,0,0,42
0,0,0,1,33,0,0,0,259
0,0,0,1,33,0,0,0,42
0,0,0,1,33,0,0,0,70
0,0,0,1,33,0,0,0,61
0,0,0,1,33,0,0,0,60
0,0,0,1,33,0,0,0,55
0,0,0,1,33,0,0,0,59
0,0,0,1,33,0,0,0,240
0,0,0,1,33,0,0,0,55
0,0,0,1,33,0,0,0,59
0,0,0,1,33,0,0,0,452
0,0,0,1,33,0,0,0,452
0,0,0,1,33,0,0,0,58
0,0,0,1,33,0,0,0,136
0,0,0,1,33,0,0,0,55
0,0,0,1,33,0,0,0,55
0,0,0,1,33,0,0,0,241
0,0,0,1,33,0,0,0,530
0,0,0,1,33,0,0,0,48
0,0,0,1,33,0,0,0,57
0,0,0,1,33,0,0,0,527
0,0,0,1,33,0,0,0,48
0,0,0,1,33,0,0,0,48
0,0,0,1,33,0,0,0,464
0,0,0,1,33,0,0,0,158
0,0,0,1,33,0,0,0,641
0,0,0,1,33,0,0,0,91
0,0,0,1,33,0,0,0,353
0,0,0,1,33,0,0,0,54
0,0,0,1,33,0,0,0,636
0,0,0,1,33,0,0,0,230
0,0,0,1,33,0,0,0,148
0,0,0,1,33,0,0,0,47
0,0,0,1,33,0,0,0,236
0,0,0,1,33,0,0,0,123
0,0,0,1,33,0,0,0,54
0,0,0,1,33,0,0,0,80
0,0,0,1,33,0,0,0,173
0,0,0,1,33,0,0,0,57
0,0,0,1,33,0,0,0,112
0,0,0,1,33,0,0,0,52
0,0,0,1,33,0,0,0,53
0,0,0,1,33,0,0,0,166
0,0,0,1,33,0,0,0,114
0,0,0,1,33,0,0,0,240
0,0,0,1,33,0,0,0,58
0,0,0,1,33,0,0,0,68
0,0,0,1,33,0,0,0,107
0,0,0,1,33,0,0,0,196
0,0,0,1,33,0,0,0,51
0,0,0,1,33,0,0,0,43
0,0,0,1,33,0,0,0,43
0,0,0,1,33,0,0,0,50
0,0,0,1,33,0,0,0,608
0,0,0,1,33,0,0,0,607
0,0,0,1,33,0,0,0,247
0,0,0,1,33,0,0,0,246
0,0,0,1,33,0,0,0,49
0,0,0,1,33,0,0,0,48
0,0,0,1,33,0,0,0,41
0,0,0,1,33,0,0,0,51
0,0,0,1,33,0,0,0,50
0,0,0,1,33,0,0,0,547
0,0,0,1,33,0,0,0,546
0,0,0,1,33,0,0,0,465
0,0,0,1,33,0,0,0,464
0,0,0,1,33,0,0,0,43
0,0,0,1,33,0,0,0,42
0,0,0,1,33,0,0,0,42
0,0,0,1,33,0,0,0,41
0,0,0,1,33,0,0,0,52
0,0,0,1,33,0,0,0,51
0,0,0,1,33,0,0,0,347
0,0,0,1,33,0,0,0,347
0,0,0,1,33,0,0,0,404
0,0,0,1,33,0,0,0,437
0,0,0,1,33,0,0,0,432
0,0,0,1,33,0,0,0,447
0,0,0,1,33,0,0,0,465
0,0,0,1,33,0,0,0,475
0,0,0,1,33,0,0,0,490
0,0,0,1,33,0,0,0,530
0,0,0,1,33,0,0,0,39
0,0,0,1,33,0,0,0,36
0,0,0,1,33,0,0,0,41
0,0,0,1,33,0,0,0,40
0,0,0,1,33,0,0,0,37
0,0,0,1,33,0,0,0,36
0,0,0,1,33,0,0,0,39
0,0,0,1,33,0,0,0,38
0,0,0,1,33,0,0,0,36
0,0,0,1,33,0,0,0,39
0,0,0,1,33,0,0,0,36
0,0,0,1,33,0,0,0,38
0,0,0,1,33,0,0,0,36
0,0,0,1,33,0,0,0,40
0,0,0,1,33,0,0,0,37
0,0,0,1,33,0,0,0,42
0,0,0,1,33,0,0,0,36
0,0,0,1,33,0,0,0,36
0,0,0,1,33,0,0,0,36
0,0,0,1,33,0,0,0,36
0,0,0,1,33,0,0,0,36
0,0,0,1,33,0,0,0,38
0,0,0,1,33,0,0,0,36
0,0,0,1,33,0,0,0,36
0,0,0,1,33,0,0,0,37
0,0,0,1,33,0,0,0,38
0,0,0,1,33,0,0,0,36
0,0,0,1,33,0,0,0,37
0,0,0,1,33,0,0,0,36
0,0,0,1,33,0,0,0,48
0,0,0,1,33,0,0,0,38
0,0,0,1,33,0,0,0,36
0,0,0,1,33,0,0,0,36
0,0,0,1,33,0,0,0,36
0,0,0,1,33,0,0,0,38
0,0,0,1,33,0,0,0,36
0,0,0,1,33,0,0,0,41
0,0,0,1,33,0,0,0,36
0,0,0,1,33,0,0,0,38
0,0,0,1,33,0,0,0,36
0,0,0,1,33,0,0,0,42
0,0,0,1,33,0,0,0,36
0,0,0,1,33,0,0,0,36
0,0,0,1,33,0,0,0,36
0,0,0,1,33,0,0,0,36
0,0,0,1,33,0,0,0,37
0,0,0,1,33,0,0,0,36
0,0,0,1,33,0,0,0,38
0,0,0,1,33,0,0,0,36
0,0,0,1,33,0,0,0,41
0,0,0,1,33,0,0,0,40
0,0,0,1,33,0,0,0,36
0,0,0,1,33,0,0,0,36
0,0,0,1,33,0,0,0,36
0,0,0,1,33,0,0,0,36
0,0,0,1,33,0,0,0,36
0,0,0,1,33,0,0,0,36
0,0,0,1,33,0,0,0,42
0,0,0,1,33,0,0,0,41
0,0,0,1,33,0,0,0,38
0,0,0,1,33,0,0,0,63
0,0,0,1,33,0,0,0,63
0,0,0,1,33,0,0,0,240
0,0,0,1,33,0,0,0,244
0,0,0,1,33,0,0,0,46
0,0,0,1,33,0,0,0,151
0,0,0,1,33,0,0,0,559
0,0,0,1,33,0,0,0,36
0,0,0,1,33,0,0,0,95
0,0,0,1,33,0,0,0,47
0,0,0,1,33,0,0,0,37
0,0,0,1,33,0,0,0,36
0,0,0,1,33,0,0,0,114
0,0,0,1,33,0,0,0,207
0,0,0,1,33,0,0,0,37
0,0,0,1,33,0,0,0,57
0,0,0,1,33,0,0,0,45
0,0,0,1,33,0,0,0,36
0,0,0,1,33,0,0,0,106
0,0,0,1,33,0,0,0,37
0,0,0,1,33,0,0,0,45
0,0,0,1,33,0,0,0,36
0,0,0,1,33,0,0,0,72
0,0,0,1,33,0,0,0,85
0,0,0,1,33,0,0,0,114
0,0,0,1,33,0,0,0,53
0,0,0,1,33,0,0,0,54
0,0,0,1,33,0,0,0,47
0,0,0,1,33,0,0,0,71
0,0,0,1,33,0,0,0,38
0,0,0,1,33,0,0,0,36
0,0,0,1,33,0,0,0,36
0,0,0,1,33,0,0,0,37
0,0,0,1,33,0,0,0,513
0,0,0,1,33,0,0,0,36
0,0,0,1,33,0,0,0,643
0,0,0,1,33,0,0,0,642
0,0,0,1,33,0,0,0,144
0,0,0,1,33,0,0,0,143
0,0,0,1,33,0,0,0,58
0,0,0,1,33,0,0,0,58
0,0,0,1,33,0,0,0,145
0,0,0,1,33,0,0,0,279
0,0,0,1,33,0,0,0,267
0,0,0,1,33,0,0,0,82
0,0,0,1,33,0,0,0,256
0,0,0,1,33,0,0,0,287
0,0,0,1,33,0,0,0,392
0,0,0,1,33,0,0,0,96
0,0,0,1,33,0,0,0,53
0,0,0,1,33,0,0,0,155
0,0,0,1,33,0,0,0,89
0,0,0,1,33,0,0,0,123
0,0,0,1,33,0,0,0,69
0,0,0,1,33,0,0,0,54
0,0,0,1,33,0,0,0,50
0,0,0,1,33,0,0,0,42
0,0,0,1,33,0,0,0,36
0,0,0,1,33,0,0,0,37
0,0,0,1,33,0,0,0,36
0,0,0,1,33,0,0,0,41
0,0,0,1,33,0,0,0,36
0,0,0,1,33,0,0,0,41
0,0,0,1,33,0,0,0,39
0,0,0,1,33,0,0,0,36
0,0,0,1,33,0,0,0,39
0,0,0,1,33,0,0,0,39
0,0,0,1,33,0,0,0,36
0,0,0,1,33,0,0,0,40
0,0,0,1,33,0,0,0,40
0,0,0,1,33,0,0,0,36
0,0,0,1,33,0,0,0,40
0,0,0,1,33,0,0,0,40
0,0,0,1,33,0,0,0,36
0,0,0,1,33,0,0,0,37
0,0,0,1,33,0,0,0,43
0,0,0,1,33,0,0,0,39
0,0,0,1,33,0,0,0,43
0,0,0,1,33,0,0,0,36
0,0,0,1,33,0,0,0,37
0,0,0,1,33,0,0,0,36
0,0,0,1,33,0,0,0,39
0,0,0,1,33,0,0,0,36
0,0,0,1,33,0,0,0,126
0,0,0,1,33,0,0,0,52
0,0,0,1,33,0,0,0,37
0,0,0,1,33,0,0,0,36
0,0,0,1,33,0,0,0,36
0,0,0,1,33,0,0,0,36
0,0,0,1,33,0,0,0,36
0,0,0,1,33,0,0,0,36
0,0,0,1,33,0,0,0,36
0,0,0,1,33,0,0,0,36
0,0,0,1,33,0,0,0,36
0,0,0,1,33,0,0,0,36
0,0,0,1,33,0,0,0,36
0,0,0,1,33,0,0,0,36
0,0,0,1,33,0,0,0,40
0,0,0,1,33,0,0,0,36
0,0,0,1,33,0,0,0,124
0,0,0,1,33,0,0,0,44
0,0,0,1,33,0,0,0,38
0,0,0,1,33,0,0,0,36
0,0,0,1,33,0,0,0,36
0,0,0,1,33,0,0,0,36
0,0,0,1,33,0,0,0,36
0,0,0,1,33,0,0,0,36
0,0,0,1,33,0,0,0,36
0,0,0,1,33,0,0,0,36
0,0,0,1,33,0,0,0,36
0,0,0,1,33,0,0,0,36
0,0,0,1,33,0,0,0,36
0,0,0,1,33,0,0,0,36
0,0,0,1,33,0,0,0,37
0,0,0,1,33,0,0,0,36
0,0,0,1,33,0,0,0,40
0,0,0,1,33,0,0,0,36
0,0,0,1,33,0,0,0,36
0,0,0,1,33,0,0,0,118
0,0,0,1,33,0,0,0,43
0,0,0,1,33,0,0,0,37
0,0,0,1,33,0,0,0,36
0,0,0,1,33,0,0,0,36
0,0,0,1,33,0,0,0,36
0,0,0,1,33,0,0,0,36
0,0,0,1,33,0,0,0,36
0,0,0,1,33,0,0,0,36
0,0,0,1,33,0,0,0,36
0,0,0,1,33,0,0,0,36
0,0,0,1,33,0,0,0,36
0,0,0,1,33,0,0,0,36
0,0,0,1,33,0,0,0,36
0,0,0,1,33,0,0,0,36
0,0,0,1,33,0,0,0,118
0,0,0,1,33,0,0,0,50
0,0,0,1,33,0,0,0,43
0,0,0,1,33,0,0,0,40
0,0,0,1,33,0,0,0,39
0,0,0,1,33,0,0,0,36
0,0,0,1,33,0,0,0,37
0,0,0,1,33,0,0,0,36
0,0,0,1,33,0,0,0,111
0,0,0,1,33,0,0,0,39
0,0,0,1,33,0,0,0,37
0,0,0,1,33,0,0,0,36
0,0,0,1,33,0,0,0,36
0,0,0,1,33,0,0,0,108
0,0,0,1,33,0,0,0,39
0,0,0,1,33,0,0,0,37
0,0,0,1,33,0,0,0,36
0,0,0,1,33,0,0,0,36
0,0,0,1,33,0,0,0,36
0,0,0,1,33,0,0,0,36
0,0,0,1,33,0,0,0,105
0,0,0,1,33,0,0,0,39
0,0,0,1,33,0,0,0,37
0,0,0,1,33,0,0,0,36
0,0,0,1,33,0,0,0,36
0,0,0,1,33,0,0,0,107
0,0,0,1,33,0,0,0,40
0,0,0,1,33,0,0,0,38
0,0,0,1,33,0,0,0,36
0,0,0,1,33,0,0,0,36
0,0,0,1,33,0,0,0,36
0,0,0,1,33,0,0,0,204
0,0,0,1,33,0,0,0,36
0,0,0,1,33,0,0,0,184
0,0,0,1,33,0,0,0,183
0,0,0,1,33,0,0,0,53
0,0,0,1,33,0,0,0,52
0,0,0,1,33,0,0,0,59
0,0,0,1,33,0,0,0,58
0,0,0,1,33,0,0,0,46
0,0,0,1,33,0,0,0,45
0,0,0,1,33,0,0,0,46
0,0,0,1,33,0,0,0,45
0,0,0,1,33,0,0,0,56
0,0,0,1,33,0,0,0,55
0,0,0,1,33,0,0,0,142
0,0,0,1,33,0,0,0,141
0,0,0,1,33,0,0,0,45
0,0,0,1,33,0,0,0,44
0,0,0,1,33,0,0,0,69
0,0,0,1,33,0,0,0,68
0,0,0,1,33,0,0,0,46
0,0,0,1,33,0,0,0,45
0,0,0,1,33,0,0,0,526
0,0,0,1,33,0,0,0,32
0,0,0,1,33,0,0,0,514
0,0,0,1,33,0,0,0,40
0,0,0,1,33,0,0,0,519
0,0,0,1,33,0,0,0,32
0,0,0,1,33,0,0,0,33
0,0,0,1,33,0,0,0,32
0,0,0,1,33,0,0,0,31
0,0,0,1,33,0,0,0,31
0,0,0,1,33,0,0,0,31
0,0,0,1,33,0,0,0,30
0,0,0,1,33,0,0,0,30
0,0,0,1,33,0,0,0,30
0,0,0,1,33,0,0,0,30
0,0,0,1,33,0,0,0,34
0,0,0,1,33,0,0,0,31
0,0,0,1,33,0,0,0,30
0,0,0,1,33,0,0,0,517
0,0,0,1,33,0,0,0,41
0,0,0,1,33,0,0,0,32
0,0,0,1,33,0,0,0,535
0,0,0,1,33,0,0,0,46
0,0,0,1,33,0,0,0,216
0,0,0,1,33,0,0,0,31
0,0,0,1,33,0,0,0,53
0,0,0,1,33,0,0,0,52
0,0,0,1,33,0,0,0,42
0,0,0,1,33,0,0,0,41
0,0,0,1,33,0,0,0,39
0,0,0,1,33,0,0,0,76
0,0,0,1,33,0,0,0,238
0,0,0,1,33,0,0,0,51
0,0,0,1,33,0,0,0,372
0,0,0,1,33,0,0,0,636
0,0,0,1,33,0,0,0,54
0,0,0,1,33,0,0,0,37
0,0,0,1,33,0,0,0,75
0,0,0,1,33,0,0,0,45
0,0,0,1,33,0,0,0,634
0,0,0,1,33,0,0,0,598
0,0,0,1,33,0,0,0,73
0,0,0,1,33,0,0,0,72
0,0,0,1,33,0,0,0,82
0,0,0,1,33,0,0,0,81
0,0,0,1,33,0,0,0,61
0,0,0,1,33,0,0,0,45
0,0,0,1,33,0,0,0,48
0,0,0,1,33,0,0,0,45
0,0,0,1,33,0,0,0,45
0,0,0,1,33,0,0,0,44
0,0,0,1,33,0,0,0,57
0,0,0,1,33,0,0,0,45
0,0,0,1,33,0,0,0,45
0,0,0,1,33,0,0,0,44
0,0,0,1,33,0,0,0,42
0,0,0,1,33,0,0,0,44
0,0,0,1,33,0,0,0,45
0,0,0,1,33,0,0,0,44
0,0,0,1,33,0,0,0,48
0,0,0,1,33,0,0,0,46
0,0,0,1,33,0,0,0,51
0,0,0,1,33,0,0,0,52
0,0,0,1,33,0,0,0,44
0,0,0,1,33,0,0,0,70
0,0,0,1,33,0,0,0,47
0,0,0,1,33,0,0,0,45
0,0,0,1,33,0,0,0,44
0,0,0,1,33,0,0,0,76
0,0,0,1,33,0,0,0,57
0,0,0,1,33,0,0,0,59
0,0,0,1,33,0,0,0,55
0,0,0,1,33,0,0,0,53
0,0,0,1,33,0,0,0,44
0,0,0,1,33,0,0,0,52
0,0,0,1,33,0,0,0,46
0,0,0,1,33,0,0,0,45
0,0,0,1,33,0,0,0,46
0,0,0,1,33,0,0,0,50
0,0,0,1,33,0,0,0,51
0,0,0,1,33,0,0,0,47
0,0,0,1,33,0,0,0,56
0,0,0,1,33,0,0,0,44
0,0,0,1,33,0,0,0,48
0,0,0,1,33,0,0,0,61
0,0,0,1,33,0,0,0,68
0,0,0,1,33,0,0,0,46
0,0,0,1,33,0,0,0,48
0,0,0,1,33,0,0,0,47
0,0,0,1,33,0,0,0,44
0,0,0,1,33,0,0,0,45
0,0,0,1,33,0,0,0,55
0,0,0,1,33,0,0,0,49
0,0,0,1,33,0,0,0,45
0,0,0,1,33,0,0,0,45
0,0,0,1,33,0,0,0,44
0,0,0,1,33,0,0,0,44
0,0,0,1,33,0,0,0,44
0,0,0,1,33,0,0,0,57
0,0,0,1,33,0,0,0,45
0,0,0,1,33,0,0,0,44
0,0,0,1,33,0,0,0,45
0,0,0,1,33,0,0,0,45
0,0,0,1,33,0,0,0,45
0,0,0,1,33,0,0,0,45
0,0,0,1,33,0,0,0,45
0,0,0,1,33,0,0,0,45
0,0,0,1,33,0,0,0,45
0,0,0,1,33,0,0,0,54
0,0,0,1,33,0,0,0,45
0,0,0,1,33,0,0,0,44
0,0,0,1,33,0,0,0,46
0,0,0,1,33,0,0,0,46
0,0,0,1,33,0,0,0,45
0,0,0,1,33,0,0,0,47
0,0,0,1,33,0,0,0,59
0,0,0,1,33,0,0,0,45
0,0,0,1,33,0,0,0,57
0,0,0,1,33,0,0,0,45
0,0,0,1,33,0,0,0,45
0,0,0,1,33,0,0,0,44
0,0,0,1,33,0,0,0,43
0,0,0,1,33,0,0,0,50
0,0,0,1,33,0,0,0,45
0,0,0,1,33,0,0,0,44
0,0,0,1,33,0,0,0,45
0,0,0,1,33,0,0,0,46
0,0,0,1,33,0,0,0,42
0,0,0,1,33,0,0,0,65
0,0,0,1,33,0,0,0,199
0,0,0,1,33,0,0,0,523
0,0,0,1,33,0,0,0,59
0,0,0,1,33,0,0,0,58
0,0,0,1,33,0,0,0,106
0,0,0,1,33,0,0,0,105
0,0,0,1,33,0,0,0,52
0,0,0,1,33,0,0,0,51
0,0,0,1,33,0,0,0,637
0,0,0,1,33,0,0,0,636
0,0,0,1,33,0,0,0,44
0,0,0,1,33,0,0,0,43
0,0,0,1,33,0,0,0,61
0,0,0,1,33,0,0,0,50
0,0,0,1,33,0,0,0,43
0,0,0,1,33,0,0,0,400
0,0,0,1,33,0,0,0,42
0,0,0,1,33,0,0,0,43
0,0,0,1,33,0,0,0,49
0,0,0,1,33,0,0,0,38
0,0,0,1,33,0,0,0,72
0,0,0,1,33,0,0,0,554
0,0,0,1,33,0,0,0,554
0,0,0,1,33,0,0,0,553
0,0,0,1,33,0,0,0,472
0,0,0,1,33,0,0,0,471
0,0,0,2,33,0,0,0,0
0,0,0,2,33,0,0,0,0
0,0,0,2,33,0,0,0,0
0,0,0,2,33,0,0,0,0
0,0,0,2,33,0,0,0,0
0,0,0,2,33,0,0,0,0
0,0,0,2,33,0,0,0,0
0,0,0,2,33,0,0,0,0
0,0,0,2,33,0,0,0,0
0,0,0,2,33,0,0,0,0
0,0,0,2,33,0,0,0,0
0,0,0,2,33,0,0,0,0
0,0,0,2,33,0,0,0,0
0,0,0,2,33,0,0,0,0
0,0,0,2,33,0,0,0,0
0,0,0,2,33,0,0,0,0
0,0,0,2,33,0,0,0,0
0,0,0,2,33,0,0,0,0
0,0,0,2,33,0,0,0,0
0,0,0,2,33,0,0,0,0
0,0,0,2,33,0,0,0,0
0,0,0,2,33,0,0,0,0
0,0,0,2,33,0,0,0,0
0,0,0,2,33,0,0,0,0
0,0,0,2,33,0,0,0,0
0,0,0,2,33,0,0,0,0
0,0,0,2,33,0,0,0,0
0,0,0,2,33,0,0,0,0
0,0,0,2,33,0,0,0,0
0,0,0,2,33,0,0,0,0
0,0,0,2,33,0,0,0,0
0,0,0,2,33,0,0,0,0
0,0,0,2,33,0,0,0,0
0,0,0,2,33,0,0,0,0
0,0,0,2,33,0,0,0,0
0,0,0,2,33,0,0,0,0
0,0,0,2,33,0,0,0,0
0,0,0,2,33,0,0,0,0
0,0,0,2,33,0,0,0,0
0,0,0,2,33,0,0,0,0
0,0,0,2,33,0,0,0,0
0,0,0,2,33,0,0,0,0
0,0,0,2,33,0,0,0,0
0,0,0,2,33,0,0,0,0
0,0,0,2,33,0,0,0,0
0,0,0,2,33,0,0,0,0
0,0,0,2,33,0,0,0,0
0,0,0,2,33,0,0,0,0
0,0,0,2,33,0,0,0,0
0,0,0,2,33,0,0,0,0
0,0,0,2,33,0,0,0,0
0,0,0,2,33,0,0,0,0
0,0,0,2,33,0,0,0,0
0,0,0,2,33,0,0,0,0
0,0,0,2,33,0,0,0,0
0,0,0,2,33,0,0,0,0
0,0,0,2,33,0,0,0,0
0,0,0,2,33,0,0,0,0
0,0,0,2,33,0,0,0,0
0,0,0,2,33,0,0,0,0
0,0,0,2,33,0,0,0,0
0,0,0,2,33,0,0,0,0
0,0,0,2,33,0,0,0,0
0,0,0,2,33,0,0,0,0
0,0,0,2,33,0,0,0,0
0,0,0,2,33,0,0,0,0
0,0,0,2,33,0,0,0,0
0,0,0,2,33,0,0,0,0
0,0,0,2,33,0,0,0,0
0,0,0,2,33,0,0,0,0
0,0,0,2,33,0,0,0,0
0,0,0,2,33,0,0,0,0
0,0,0,2,33,0,0,0,0
0,0,0,2,33,0,0,0,0
0,0,0,2,33,0,0,0,0
0,0,0,2,33,0,0,0,0
0,0,0,2,33,0,0,0,0
0,0,0,2,33,0,0,0,0
0,0,0,2,33,0,0,0,0
0,0,0,2,33,0,0,0,0
0,0,0,2,33,0,0,0,0
0,0,0,2,33,0,0,0,0
0,0,0,2,33,0,0,0,0
0,0,0,2,33,0,0,0,0
0,0,0,2,33,0,0,0,0
0,0,0,2,33,0,0,0,0
0,0,0,2,33,0,0,0,0
0,0,0,2,33,0,0,0,0
0,0,0,2,33,0,0,0,0
0,0,0,2,33,0,0,0,0
0,0,0,2,33,0,0,0,0
0,0,0,2,33,0,0,0,0
0,0,0,2,33,0,0,0,0
0,0,0,2,33,0,0,0,0
0,0,0,2,33,0,0,0,0
0,0,0,2,33,0,0,0,0
0,0,0,2,33,0,0,0,0
0,0,0,2,33,0,0,0,0
0,0,0,2,33,0,0,0,0
0,0,0,2,33,0,0,0,0
0,0,0,2,33,0,0,0,0
0,0,0,2,33,0,0,0,0
0,0,0,2,33,0,0,0,0
0,0,0,2,33,0,0,0,0
0,0,0,2,33,0,0,0,0
0,0,0,2,33,0,0,0,0
0,0,0,2,33,0,0,0,0
0,0,0,2,33,0,0,0,0
0,0,0,2,33,0,0,0,0
0,0,0,2,33,0,0,0,0
0,0,0,2,33,0,0,0,0
0,0,0,2,33,0,0,0,0
0,0,0,2,33,0,0,0,0
0,0,0,2,33,0,0,0,0
0,0,0,2,33,0,0,0,0
0,0,0,2,33,0,0,0,0
0,0,0,2,33,0,0,0,0
0,0,0,2,33,0,0,0,0
0,0,0,2,33,0,0,0,0
0,0,0,2,33,0,0,0,0
0,0,0,2,33,0,0,0,0
0,0,0,2,33,0,0,0,0
0,0,0,2,33,0,0,0,0
0,0,0,2,33,0,0,0,0
0,0,0,2,33,0,0,0,0
0,0,0,2,33,0,0,0,0
0,0,0,2,33,0,0,0,0
0,0,0,2,33,0,0,0,0
0,0,0,2,33,0,0,0,0
0,0,0,2,33,0,0,0,0
0,0,0,2,33,0,0,0,0
0,0,0,2,33,0,0,0,0
0,0,0,2,33,0,0,0,0
0,0,0,2,33,0,0,0,0
0,0,0,2,33,0,0,0,0
0,0,0,2,33,0,0,0,0
0,0,0,2,33,0,0,0,0
0,0,0,2,33,0,0,0,0
0,0,0,2,33,0,0,0,0
0,0,0,2,33,0,0,0,0
0,0,0,2,33,0,0,0,0
0,0,0,2,33,0,0,0,0
0,0,0,2,33,0,0,0,0
0,0,0,2,33,0,0,0,0
0,0,0,2,33,0,0,0,0
0,0,0,2,33,0,0,0,0
0,0,0,2,33,0,0,0,0
0,0,0,2,33,0,0,0,0
0,0,0,2,33,0,0,0,0
0,0,0,2,33,0,0,0,0
0,0,0,2,33,0,0,0,0
0,0,0,2,33,0,0,0,0
0,0,0,2,33,0,0,0,0
0,0,0,2,33,0,0,0,0
0,0,0,2,33,0,0,0,0
0,0,0,2,33,0,0,0,0
0,0,0,2,33,0,0,0,0
0,0,0,2,33,0,0,0,0
0,0,0,2,33,0,0,0,0
0,0,0,2,33,0,0,0,0
0,0,0,2,33,0,0,0,0
0,0,0,2,33,0,0,0,0
0,0,0,2,33,0,0,0,0
0,0,0,2,33,0,0,0,0
0,0,0,2,33,0,0,0,0
0,0,0,2,33,0,0,0,0
0,0,0,2,33,0,0,0,0
0,0,0,2,33,0,0,0,0
0,0,0,2,33,0,0,0,0
0,0,0,2,33,0,0,0,0
0,0,0,2,33,0,0,0,0
0,0,0,2,33,0,0,0,0
0,0,0,2,33,0,0,0,0
0,0,0,2,33,0,0,0,0
0,0,0,2,33,0,0,0,0
0,0,0,2,33,0,0,0,0
0,0,0,2,33,0,0,0,0
0,0,0,2,33,0,0,0,0
0,0,0,2,33,0,0,0,0
0,0,0,2,33,0,0,0,0
0,0,0,2,33,0,0,0,0
0,0,0,2,33,0,0,0,0
0,0,0,2,33,0,0,0,0
0,0,0,2,33,0,0,0,0
0,0,0,2,33,0,0,0,0
0,0,0,2,33,0,0,0,0
0,0,0,2,33,0,0,0,0
0,0,0,2,33,0,0,0,0
0,0,0,2,33,0,0,0,0
0,0,0,2,33,0,0,0,0
0,0,0,2,33,0,0,0,0
0,0,0,2,33,0,0,0,0
0,0,0,2,33,0,0,0,0
0,0,0,2,33,0,0,0,0
0,0,0,2,33,0,0,0,0
0,0,0,2,33,0,0,0,0
0,0,0,2,33,0,0,0,0
0,0,0,2,33,0,0,0,0
0,0,0,2,33,0,0,0,0
0,0,0,2,33,0,0,0,0
0,0,0,2,33,0,0,0,0
0,0,0,2,33,0,0,0,0
0,0,0,2,33,0,0,0,0
0,0,0,2,33,0,0,0,0
0,0,0,2,33,0,0,0,0
0,0,0,2,33,0,0,0,0
0,0,0,2,33,0,0,0,0
0,0,0,2,33,0,0,0,0
0,0,0,2,33,0,0,0,0
0,0,0,2,33,0,0,0,0
0,0,0,2,33,0,0,0,0
0,0,0,2,33,0,0,0,0
0,0,0,2,33,0,0,0,0
0,0,0,2,33,0,0,0,0
0,0,0,2,33,0,0,0,0
0,0,0,2,33,0,0,0,0
0,0,0,2,33,0,0,0,0
0,0,0,2,33,0,0,0,0
0,0,0,2,33,0,0,0,0
0,0,0,2,33,0,0,0,0
0,0,0,2,33,0,0,0,0
0,0,0,2,33,0,0,0,0
0,0,0,2,33,0,0,0,0
0,0,0,2,33,0,0,0,0
0,0,0,2,33,0,0,0,0
0,0,0,2,33,0,0,0,0
0,0,0,2,33,0,0,0,0
0,0,0,2,33,0,0,0,0
0,0,0,2,33,0,0,0,0
0,0,0,2,33,0,0,0,0
0,0,0,2,33,0,0,0,0
0,0,0,2,33,0,0,0,0
0,0,0,2,33,0,0,0,0
0,0,0,2,33,0,0,0,0
0,0,0,2,33,0,0,0,0
0,0,0,2,33,0,0,0,0
0,0,0,2,33,0,0,0,0
0,0,0,2,33,0,0,0,0
0,0,0,2,33,0,0,0,0
0,0,0,2,33,0,0,0,0
0,0,0,2,33,0,0,0,0
0,0,0,2,33,0,0,0,0
0,0,0,2,33,0,0,0,0
0,0,0,2,33,0,0,0,0
0,0,0,2,33,0,0,0,0
0,0,0,2,33,0,0,0,0
0,0,0,2,33,0,0,0,0
0,0,0,2,33,0,0,0,0
0,0,0,2,33,0,0,0,0
0,0,0,2,33,0,0,0,0
0,0,0,2,33,0,0,0,0
0,0,0,2,33,0,0,0,0
0,0,0,2,33,0,0,0,0
0,0,0,2,33,0,0,0,0
0,0,0,2,33,0,0,0,0
0,0,0,2,33,0,0,0,0
0,0,0,2,33,0,0,0,0
0,0,0,2,33,0,0,0,0
0,0,0,2,33,0,0,0,0
0,0,0,2,33,0,0,0,0
0,0,0,2,33,0,0,0,0
0,0,0,2,33,0,0,0,0
0,0,0,2,33,0,0,0,0
0,0,0,2,33,0,0,0,0
0,0,0,2,33,0,0,0,0
0,0,0,2,33,0,0,0,0
0,0,0,2,33,0,0,0,0
0,0,0,2,33,0,0,0,0
0,0,0,2,33,0,0,0,0
0,0,0,2,33,0,0,0,0
0,0,0,2,33,0,0,0,0
0,0,0,2,33,0,0,0,0
0,0,0,2,33,0,0,0,0
0,0,0,2,33,0,0,0,0
0,0,0,2,33,0,0,0,0
0,0,0,2,33,0,0,0,0
0,0,0,2,33,0,0,0,0
0,0,0,2,33,0,0,0,0
0,0,0,2,33,0,0,0,0
0,0,0,2,33,0,0,0,0
0,0,0,2,33,0,0,0,0
0,0,0,2,33,0,0,0,0
0,0,0,2,33,0,0,0,0
0,0,0,2,33,0,0,0,0
0,0,0,2,33,0,0,0,0
0,0,0,2,33,0,0,0,0
0,0,0,2,33,0,0,0,0
0,0,0,2,33,0,0,0,0
0,0,0,2,33,0,0,0,0
0,0,0,2,33,0,0,0,0
0,0,0,2,33,0,0,0,0
0,0,0,2,33,0,0,0,0
0,0,0,2,33,0,0,0,0
0,0,0,2,33,0,0,0,0
0,0,0,2,33,0,0,0,0
0,0,0,2,33,0,0,0,0
0,0,0,2,33,0,0,0,0
0,0,0,2,33,0,0,0,0
0,0,0,2,33,0,0,0,0
0,0,0,2,33,0,0,0,0
0,0,0,2,33,0,0,0,0
0,0,0,2,33,0,0,0,0
0,0,0,2,33,0,0,0,0
0,0,0,2,33,0,0,0,0
0,0,0,2,33,0,0,0,0
0,0,0,2,33,0,0,0,0
0,0,0,2,33,0,0,0,0
0,0,0,2,33,0,0,0,0
0,0,0,2,33,0,0,0,0
0,0,0,2,33,0,0,0,0
0,0,0,2,33,0,0,0,0
0,0,0,2,33,0,0,0,0
0,0,0,2,33,0,0,0,0
0,0,0,2,33,0,0,0,0
0,0,0,2,33,0,0,0,0
0,0,0,2,33,0,0,0,0
0,0,0,2,33,0,0,0,0
0,0,0,2,33,0,0,0,0
0,0,0,2,33,0,0,0,0
0,0,0,2,33,0,0,0,0
0,0,0,2,33,0,0,0,0
0,0,0,2,33,0,0,0,0
0,0,0,2,33,0,0,0,0
0,0,0,2,33,0,0,0,0
0,0,0,2,33,0,0,0,0
0,0,0,2,33,0,0,0,0
0,0,0,2,33,0,0,0,0
0,0,0,2,33,0,0,0,0
0,0,0,2,33,0,0,0,0
0,0,0,2,33,0,0,0,0
0,0,0,2,33,0,0,0,0
0,0,0,2,33,0,0,0,0
0,0,0,2,33,0,0,0,0
0,0,0,2,33,0,0,0,0
0,0,0,2,33,0,0,0,0
0,0,0,2,33,0,0,0,0
0,0,0,2,33,0,0,0,0
0,0,0,2,33,0,0,0,0
0,0,0,2,33,0,0,0,0
0,0,0,2,33,0,0,0,0
0,0,0,2,33,0,0,0,0
0,0,0,2,33,0,0,0,0
0,0,0,2,33,0,0,0,0
0,0,0,2,33,0,0,0,0
0,0,0,2,33,0,0,0,0
0,0,0,2,33,0,0,0,0
0,0,0,2,33,0,0,0,0
0,0,0,2,33,0,0,0,0
0,0,0,2,33,0,0,0,0
0,0,0,2,33,0,0,0,0
0,0,0,2,33,0,0,0,0
0,0,0,2,33,0,0,0,0
0,0,0,2,33,0,0,0,0
0,0,0,2,33,0,0,0,0
0,0,0,2,33,0,0,0,0
0,0,0,2,33,0,0,0,0
0,0,0,2,33,0,0,0,0
0,0,0,2,33,0,0,0,0
0,0,0,2,33,0,0,0,0
0,0,0,2,33,0,0,0,0
0,0,0,2,33,0,0,0,0
0,0,0,2,33,0,0,0,0
0,0,0,2,33,0,0,0,0
0,0,0,2,33,0,0,0,0
0,0,0,2,33,0,0,0,0
0,0,0,2,33,0,0,0,0
0,0,0,2,33,0,0,0,0
0,0,0,2,33,0,0,0,0
0,0,0,2,33,0,0,0,0
0,0,0,2,33,0,0,0,0
0,0,0,2,33,0,0,0,0
0,0,0,2,33,0,0,0,0
0,0,0,2,33,0,0,0,0
0,0,0,2,33,0,0,0,0
0,0,0,2,33,0,0,0,0
0,0,0,2,33,0,0,0,0
0,0,0,2,33,0,0,0,0
0,0,0,2,33,0,0,0,0
0,0,0,2,33,0,0,0,0
0,0,0,2,33,0,0,0,0
0,0,0,2,33,0,0,0,0
0,0,0,2,33,0,0,0,0
0,0,0,2,33,0,0,0,0
0,0,0,2,33,0,0,0,0
0,0,0,2,33,0,0,0,0
0,0,0,2,33,0,0,0,0
0,0,0,2,33,0,0,0,0
0,0,0,2,33,0,0,0,0
0,0,0,2,33,0,0,0,0
0,0,0,2,33,0,0,0,0
0,0,0,2,33,0,0,0,0
0,0,0,2,33,0,0,0,0
0,0,0,2,33,0,0,0,0
0,0,0,2,33,0,0,0,0
0,0,0,2,33,0,0,0,0
0,0,0,2,33,0,0,0,0
0,0,0,2,33,0,0,0,0
0,0,0,2,33,0,0,0,0
0,0,0,2,33,0,0,0,0
0,0,0,2,33,0,0,0,0
0,0,0,2,33,0,0,0,0
0,0,0,2,33,0,0,0,0
0,0,0,2,33,0,0,0,0
0,0,0,2,33,0,0,0,0
0,0,0,2,33,0,0,0,0
0,0,0,2,33,0,0,0,0
0,0,0,2,33,0,0,0,0
0,0,0,2,33,0,0,0,0
0,0,0,2,33,0,0,0,0
0,0,0,2,33,0,0,0,0
0,0,0,2,33,0,0,0,0
0,0,0,2,33,0,0,0,0
0,0,0,2,33,0,0,0,0
0,0,0,2,33,0,0,0,0
0,0,0,2,33,0,0,0,0
0,0,0,2,33,0,0,0,0
0,0,0,2,33,0,0,0,0
0,0,0,2,33,0,0,0,0
0,0,0,2,33,0,0,0,0
0,0,0,2,33,0,0,0,0
0,0,0,2,33,0,0,0,0
0,0,0,2,33,0,0,0,0
0,0,0,2,33,0,0,0,0
0,0,0,2,33,0,0,0,0
0,0,0,2,33,0,0,0,0
0,0,0,2,33,0,0,0,0
0,0,0,2,33,0,0,0,0
0,0,0,2,33,0,0,0,0
0,0,0,2,33,0,0,0,0
0,0,0,2,33,0,0,0,0
0,0,0,2,33,0,0,0,0
0,0,0,2,33,0,0,0,0
0,0,0,2,33,0,0,0,0
0,0,0,2,33,0,0,0,0
0,0,0,2,33,0,0,0,0
0,0,0,2,33,0,0,0,0
0,0,0,2,33,0,0,0,0
0,0,0,2,33,0,0,0,0
0,0,0,2,33,0,0,0,0
0,0,0,2,33,0,0,0,0
0,0,0,2,33,0,0,0,0
0,0,0,2,33,0,0,0,0
0,0,0,2,33,0,0,0,0
0,0,0,2,33,0,0,0,0
0,0,0,2,33,0,0,0,0
0,0,0,2,33,0,0,0,0
0,0,0,2,33,0,0,0,0
0,0,0,2,33,0,0,0,0
0,0,0,2,33,0,0,0,0
0,0,0,2,33,0,0,0,0
0,0,0,2,33,0,0,0,0
0,0,0,2,33,0,0,0,0
0,0,0,2,33,0,0,0,0
0,0,0,2,33,0,0,0,0
0,0,0,2,33,0,0,0,0
0,0,0,2,33,0,0,0,0
0,0,0,2,33,0,0,0,0
0,0,0,2,33,0,0,0,0
0,0,0,2,33,0,0,0,0
0,0,0,2,33,0,0,0,0
0,0,0,2,33,0,0,0,0
0,0,0,2,33,0,0,0,0
0,0,0,2,33,0,0,0,0
0,0,0,2,33,0,0,0,0
0,0,0,2,33,0,0,0,0
0,0,0,2,33,0,0,0,0
0,0,0,2,33,0,0,0,0
0,0,0,2,33,0,0,0,0
0,0,0,2,33,0,0,0,0
0,0,0,2,33,0,0,0,0
0,0,0,2,33,0,0,0,0
0,0,0,2,33,0,0,0,0
0,0,0,2,33,0,0,0,0
0,0,0,2,33,0,0,0,0
0,0,0,2,33,0,0,0,0
0,0,0,2,33,0,0,0,0
0,0,0,2,33,0,0,0,0
0,0,0,2,33,0,0,0,0
0,0,0,2,33,0,0,0,0
0,0,0,2,33,0,0,0,0
0,0,0,2,33,0,0,0,0
0,0,0,2,33,0,0,0,0
0,0,0,2,33,0,0,0,0
0,0,0,2,33,0,0,0,0
0,0,0,2,33,0,0,0,0
0,0,0,2,33,0,0,0,0
0,0,0,2,33,0,0,0,0
0,0,0,2,33,0,0,0,0
0,0,0,2,33,0,0,0,0
0,0,0,2,33,0,0,0,0
0,0,0,2,33,0,0,0,0
0,0,0,2,33,0,0,0,0
0,0,0,2,33,0,0,0,0
0,0,0,2,33,0,0,0,0
0,0,0,2,33,0,0,0,0
0,0,0,2,33,0,0,0,0
0,0,0,2,33,0,0,0,0
0,0,0,2,33,0,0,0,0
0,0,0,2,33,0,0,0,0
0,0,0,2,33,0,0,0,0
0,0,0,2,33,0,0,0,0
0,0,0,2,33,0,0,0,0
0,0,0,2,33,0,0,0,0
0,0,0,2,33,0,0,0,0
0,0,0,2,33,0,0,0,0
0,0,0,2,33,0,0,0,0
0,0,0,2,33,0,0,0,0
0,0,0,2,33,0,0,0,0
0,0,0,2,33,0,0,0,0
0,0,0,2,33,0,0,0,0
0,0,0,2,33,0,0,0,0
0,0,0,2,33,0,0,0,0
0,0,0,2,33,0,0,0,0
0,0,0,2,33,0,0,0,0
0,0,0,2,33,0,0,0,0
0,0,0,2,33,0,0,0,0
0,0,0,2,33,0,0,0,0
0,0,0,2,33,0,0,0,0
0,0,0,2,33,0,0,0,0
0,0,0,2,33,0,0,0,0
0,0,0,2,33,0,0,0,0
0,0,0,2,33,0,0,0,0
0,0,0,2,33,0,0,0,0
0,0,0,2,33,0,0,0,0
0,0,0,2,33,0,0,0,0
0,0,0,2,33,0,0,0,0
0,0,0,2,33,0,0,0,0
0,0,0,2,33,0,0,0,0
0,0,0,2,33,0,0,0,0
0,0,0,2,33,0,0,0,0
0,0,0,2,33,0,0,0,0
0,0,0,2,33,0,0,0,0
0,0,0,2,33,0,0,0,0
0,0,0,2,33,0,0,0,0
0,0,0,2,33,0,0,0,0
0,0,0,2,33,0,0,0,0
0,0,0,2,33,0,0,0,0
0,0,0,2,33,0,0,0,0
0,0,0,2,33,0,0,0,0
0,0,0,2,33,0,0,0,0
0,0,0,2,33,0,0,0,0
0,0,0,2,33,0,0,0,0
0,0,0,2,33,0,0,0,0
0,0,0,2,33,0,0,0,0
0,0,0,2,33,0,0,0,0
20,15,5,1,38,0,0,0,1684
0,0,0,1,38,0,0,0,0
40,20,20,1,38,0,0,0,2619
457,208,249,1,38,0,0,0,3133
2,1,1,1,38,0,0,0,72
11,9,2,1,38,0,0,0,172
0,0,0,1,38,0,0,0,0
0,0,0,1,38,0,0,0,0
0,0,0,1,38,0,0,0,0
0,0,0,1,38,0,0,0,0
0,0,0,1,38,0,0,0,0
1044,648,396,1,38,0,0,0,9183
95,44,51,1,38,0,0,0,749
62,41,21,1,38,0,0,0,1931
109,76,33,1,38,0,0,0,1119
0,0,0,1,38,0,0,0,0
0,0,0,1,38,0,0,0,0
0,0,0,1,38,0,0,0,0
0,0,0,1,38,0,0,0,175
0,0,0,1,38,0,0,0,11
0,0,0,1,38,0,0,0,2
0,0,0,1,38,0,0,0,11
0,0,0,1,38,0,0,0,312
0,0,0,1,38,0,0,0,44
0,0,0,1,38,0,0,0,2372
0,0,0,1,38,0,0,0,308
0,0,0,1,38,0,0,0,9
0,0,0,1,38,0,0,0,9
0,0,0,1,38,0,0,0,483
0,0,0,1,38,0,0,0,0
0,0,0,1,38,0,0,0,0
0,0,0,1,38,0,0,0,0
0,0,0,1,38,0,0,0,0
0,0,0,1,38,0,0,0,0
0,0,0,1,38,0,0,0,0
0,0,0,1,38,0,0,0,0
0,0,0,1,38,0,0,0,0
13,7,6,2,37,1,0,0.0135135135135135,148
1667,493,1174,1,38,0,0,0,4802
358,213,145,1,38,0,0,0,6158
90,45,45,1,38,0,0,0,5358
44,30,14,1,38,0,0,0,715
284,148,136,1,38,0,0,0,226
3,2,1,1,38,0,0,0,589
1621,1321,300,1,38,0,0,0,6005
42,41,1,1,38,0,0,0,551
812,484,328,1,38,0,0,0,5126
359,152,207,1,38,0,0,0,3156
522,319,203,1,38,0,0,0,5733
1124,657,467,1,38,0,0,0,6840
878,439,439,1,38,0,0,0,10131
14,9,5,1,38,0,0,0,850
867,567,300,1,38,0,0,0,6289
277,166,111,1,38,0,0,0,736
0,0,0,1,38,0,0,0,73
172,91,81,1,38,0,0,0,1238
52,45,7,1,38,0,0,0,278
1661,1047,614,1,38,0,0,0,13282
582,226,356,1,38,0,0,0,2014
0,0,0,1,38,0,0,0,0
0,0,0,1,38,0,0,0,0
0,0,0,1,38,0,0,0,0
0,0,0,1,38,0,0,0,0
0,0,0,1,38,0,0,0,0
0,0,0,1,38,0,0,0,0
0,0,0,1,38,0,0,0,0
0,0,0,1,38,0,0,0,0
0,0,0,1,38,0,0,0,0
0,0,0,1,38,0,0,0,0
0,0,0,1,38,0,0,0,0
0,0,0,1,38,0,0,0,0
0,0,0,1,38,0,0,0,0
0,0,0,1,38,0,0,0,0
0,0,0,1,38,0,0,0,0
0,0,0,1,38,0,0,0,0
0,0,0,1,38,0,0,0,0
0,0,0,1,38,0,0,0,0
0,0,0,1,38,0,0,0,0
0,0,0,1,38,0,0,0,0
0,0,0,1,38,0,0,0,0
0,0,0,1,38,0,0,0,0
0,0,0,1,38,0,0,0,0
0,0,0,1,38,0,0,0,0
0,0,0,1,38,0,0,0,0
0,0,0,1,38,0,0,0,0
0,0,0,1,38,0,0,0,0
0,0,0,1,38,0,0,0,0
0,0,0,1,38,0,0,0,0
0,0,0,1,38,0,0,0,0
0,0,0,1,38,0,0,0,0
0,0,0,1,38,0,0,0,0
0,0,0,1,38,0,0,0,0
0,0,0,1,38,0,0,0,0
0,0,0,1,38,0,0,0,0
0,0,0,1,38,0,0,0,0
0,0,0,1,38,0,0,0,0
0,0,0,1,38,0,0,0,0
0,0,0,1,38,0,0,0,7
0,0,0,1,38,0,0,0,7
0,0,0,1,38,0,0,0,0
0,0,0,1,38,0,0,0,0
0,0,0,1,38,0,0,0,11
0,0,0,1,38,0,0,0,1
0,0,0,1,38,0,0,0,0
0,0,0,1,38,0,0,0,0
0,0,0,1,38,0,0,0,0
0,0,0,1,38,0,0,0,0
0,0,0,1,38,0,0,0,0
0,0,0,1,38,0,0,0,193
5,2,3,1,38,0,0,0,189
0,0,0,1,38,0,0,0,555
0,0,0,1,38,0,0,0,66
0,0,0,1,38,0,0,0,85
2356,1677,679,1,38,0,0,0,13947
71,38,33,1,38,0,0,0,1601
823,485,338,1,38,0,0,0,6235
6,1,5,1,38,0,0,0,49
0,0,0,1,38,0,0,0,1447
54,33,21,2,34,1,0,0,995
27,19,8,1,38,0,0,0,2237
29,23,6,1,38,0,0,0,1556
0,0,0,1,38,0,0,0,0
0,0,0,1,38,0,0,0,0
0,0,0,1,38,0,0,0,0
0,0,0,1,38,0,0,0,0
0,0,0,1,38,0,0,0,0
0,0,0,1,38,0,0,0,0
0,0,0,1,38,0,0,0,0
43,28,15,1,38,0,0,0,14977
2,1,1,1,38,0,0,0,413
7,1,6,1,38,0,0,0,1866
8,5,3,1,38,0,0,0,125
2,2,0,1,38,0,0,0,164
0,0,0,1,38,0,0,0,0
129,87,42,1,38,0,0,0,5176
35,31,4,1,38,0,0,0,615
11,9,2,1,38,0,0,0,347
29,17,12,1,38,0,0,0,816
2,2,0,1,38,0,0,0,205
0,0,0,1,38,0,0,0,2941
1,0,1,1,38,0,0,0,489
11,2,9,1,38,0,0,0,1307
2,1,1,1,37,0,0,0,260
30,13,17,1,38,0,0,0,2056
0,0,0,1,38,0,0,0,0
0,0,0,1,4,0,0,0,0
51,19,32,1,31,0,0,0,194
8,4,4,1,4,0,0,0,121
8,5,3,1,38,0,0,0,127
5,4,1,1,38,0,0,0,97
58,29,29,1,61,0,0,0,186
58,29,29,1,61,0,0,0,84
58,29,29,1,61,0,0,0,361
58,29,29,1,61,0,0,0,85
58,29,29,1,61,0,0,0,106
58,29,29,1,61,0,0,0,65
52,26,26,1,61,0,0,0,108
58,30,28,1,61,0,0,0,135
58,29,29,1,61,0,0,0,197
58,29,29,1,61,0,0,0,325
58,29,29,1,61,0,0,0,52
56,29,27,1,61,0,0,0,66
58,29,29,1,61,0,0,0,316
18,7,11,1,31,0,0,0,124
0,0,0,1,4,0,0,0,0
3,2,1,1,38,0,0,0,131
7,4,3,2,69,0,0,0,91
6,3,3,1,41,1,0,0,4421
6,5,1,1,50,0,0,0,207
4,2,2,1,31,0,0,0,70
4,2,2,1,31,0,0,0,70
6,3,3,1,31,0,0,0,94
0,0,0,1,38,0,0,0,44
4,2,2,1,31,0,0,0,84
8,3,5,1,31,0,0,0,130
10,9,1,1,88,0,0,0,423
0,0,0,1,4,0,0,0,0
0,0,0,1,4,0,0,0,0
4,2,2,1,38,0,0,0,1039
168,126,42,3,24,1,0,0,993
6,5,1,1,4,0,0,0,259
4,2,2,1,4,0,0,0,64
104,52,52,2,69,0,0,0,280
44,22,22,2,69,0,0,0,219
8,7,1,1,38,0,0,0,146
59,30,29,1,61,0,0,0,135
57,29,28,1,61,0,0,0,335
60,30,30,1,61,0,0,0,61
58,29,29,1,61,0,0,0,101
61,29,32,1,61,0,0,0,245
57,29,28,1,61,0,0,0,251
59,30,29,1,61,0,0,0,121
59,30,29,1,61,0,0,0,459
59,30,29,1,61,0,0,0,437
58,30,28,1,61,0,0,0,83
56,27,29,1,61,0,0,0,192
59,29,30,1,61,0,0,0,55
59,30,29,1,61,0,0,0,116
59,30,29,1,61,0,0,0,81
59,30,29,1,61,0,0,0,84
59,30,29,1,61,0,0,0,53
59,30,29,1,61,0,0,0,112
59,30,29,1,61,0,0,0,383
58,27,31,1,61,0,0,0,187
57,30,27,1,61,0,0,0,44
57,30,27,1,61,0,0,0,49
59,30,29,1,61,0,0,0,266
59,30,29,1,61,0,0,0,616
53,27,26,1,61,0,0,0,114
59,30,29,1,61,0,0,0,129
59,30,29,1,61,0,0,0,163
57,30,27,1,61,0,0,0,78
59,30,29,1,61,0,0,0,143
59,30,29,1,61,0,0,0,481
59,30,29,1,61,0,0,0,468
59,30,29,1,61,0,0,0,724
59,30,29,1,61,0,0,0,143
59,30,29,1,61,0,0,0,303
59,30,29,1,61,0,0,0,223
60,31,29,1,61,0,0,0,734
59,30,29,1,61,0,0,0,124
59,30,29,1,61,0,0,0,166
4,2,2,1,15,0,0,0.000714796283059328,1399
34,23,11,1,37,0,0,0,125
9,5,4,1,70,0,0,0,81
101,54,47,1,11,0,0,0,1522
26,19,7,1,70,0,0,0,178
0,0,0,1,38,0,0,0,33
7,6,1,1,70,0,0,0,153
4,2,2,1,70,0,0,0,87
47,24,23,1,70,0,0,0,2120
27,15,12,1,70,0,0,0,669
76,56,20,2,35,0,0,0,2757
10,7,3,1,14,1,0,0,270
262,257,5,1,56,0,0,0,1767
5,3,2,1,56,0,0,0,1742
20,17,3,1,56,0,0,0,204
0,0,0,1,56,0,0,0,82
0,0,0,1,56,0,0,0,115
0,0,0,1,56,0,0,0,115
0,0,0,1,56,0,0,0,131
0,0,0,1,56,0,0,0,79
0,0,0,1,56,0,0,0,130
0,0,0,1,56,0,0,0,234
0,0,0,1,56,0,0,0,81
0,0,0,1,56,0,0,0,64
0,0,0,1,56,0,0,0,78
0,0,0,1,56,0,0,0,146
0,0,0,1,56,0,0,0,102
0,0,0,1,56,0,0,0,64
0,0,0,1,56,0,0,0,59
0,0,0,1,56,0,0,0,74
0,0,0,1,56,0,0,0,105
0,0,0,1,56,0,0,0,277
0,0,0,1,56,0,0,0,80
0,0,0,1,56,0,0,0,119
0,0,0,1,56,0,0,0,57
0,0,0,1,4,0,0,0,0
0,0,0,1,4,0,0,0,0
0,0,0,1,4,0,0,0,0
0,0,0,1,4,0,0,0,0
0,0,0,1,4,0,0,0,0
0,0,0,1,4,0,0,0,0
0,0,0,1,4,0,0,0,0
0,0,0,1,4,0,0,0,0
0,0,0,1,4,0,0,0,0
0,0,0,1,4,0,0,0,0
0,0,0,1,4,0,0,0,0
0,0,0,1,4,0,0,0,0
0,0,0,1,4,0,0,0,0
0,0,0,1,4,0,0,0,0
0,0,0,1,4,0,0,0,0
0,0,0,1,4,0,0,0,0
0,0,0,1,4,0,0,0,0
0,0,0,1,4,0,0,0,0
0,0,0,1,4,0,0,0,0
0,0,0,1,4,0,0,0,0
0,0,0,1,4,0,0,0,0
0,0,0,1,4,0,0,0,0
0,0,0,1,4,0,0,0,0
0,0,0,1,4,0,0,0,0
0,0,0,1,4,0,0,0,0
0,0,0,1,4,0,0,0,0
0,0,0,1,4,0,0,0,0
0,0,0,1,4,0,0,0,0
0,0,0,1,4,0,0,0,0
0,0,0,1,4,0,0,0,0
0,0,0,1,4,0,0,0,0
0,0,0,1,4,0,0,0,0
0,0,0,1,4,0,0,0,0
0,0,0,1,4,0,0,0,0
0,0,0,1,4,0,0,0,0
0,0,0,1,4,0,0,0,0
0,0,0,1,4,0,0,0,0
0,0,0,1,4,0,0,0,0
0,0,0,1,4,0,0,0,0
0,0,0,1,4,0,0,0,0
0,0,0,1,4,0,0,0,0
0,0,0,1,4,0,0,0,0
9,7,2,1,9,0,0,0,1155
9,7,2,1,63,1,0,0,1035
4,2,2,1,88,0,0,0,115
4,1,3,1,88,0,0,0,163
4,2,2,1,88,0,0,0,207
4,2,2,1,88,0,0,0,115
4,2,2,1,88,0,0,0,115
4,2,2,1,88,0,0,0,452
4,2,2,1,88,0,0,0,114
4,2,2,1,88,0,0,0,115
6,3,3,1,88,0,0,0,778
4,2,2,1,88,0,0,0,307
4,2,2,1,88,0,0,0,208
4,2,2,1,88,0,0,0,115
4,2,2,1,88,0,0,0,208
4,2,2,1,88,0,0,0,208
6,3,3,1,88,0,0,0,831
4,1,3,1,88,0,0,0,224
4,1,3,1,88,0,0,0,1688
10,5,5,2,23,2,0,0,3529
4,2,2,1,4,0,0,0,1393
4,2,2,1,4,0,0,0,52
0,0,0,1,15,0,0,0,0
0,0,0,1,15,0,0,0,0
0,0,0,1,15,0,0,0,0
0,0,0,1,15,0,0,0,0
0,0,0,1,15,0,0,0,0
0,0,0,1,15,0,0,0,0
0,0,0,1,15,0,0,0,0
0,0,0,1,15,0,0,0,0
0,0,0,1,15,0,0,0,0
0,0,0,1,15,0,0,0,0
0,0,0,1,15,0,0,0,0
0,0,0,1,15,0,0,0,0
0,0,0,1,15,0,0,0,0
0,0,0,1,15,0,0,0,0
0,0,0,1,15,0,0,0,0
0,0,0,1,15,0,0,0,0
8,2,6,1,11,0,0,0,746
12,4,8,2,9,0,0,0,245
7,5,2,1,73,1,0,0,602
58,31,27,2,45,1,0,0,969
27,20,7,1,31,0,0,0,251
27,20,7,1,31,0,0,0,251
25,20,5,1,31,0,0,0,253
25,20,5,1,31,0,0,0,253
27,21,6,2,29,0,0,0,253
25,20,5,1,31,0,0,0,253
25,20,5,1,31,0,0,0,253
25,20,5,1,31,0,0,0,253
25,20,5,1,31,0,0,0,253
25,20,5,1,31,0,0,0,253
25,20,5,1,31,0,0,0,253
25,20,5,1,31,0,0,0,253
25,20,5,1,31,0,0,0,253
121,90,31,1,31,1,0,0,198
878,661,217,1,31,1,0,0,3013
91,42,49,1,31,1,0,0,360
16,8,8,1,31,1,0,0,444
199,86,113,1,31,1,0,0,2985
37,30,7,1,31,1,0,0,231
20,6,14,1,31,1,0,0,337
346,213,133,1,31,1,0,0,632
6,6,0,1,31,1,0,0,358
6,6,0,1,31,1,0,0,563
57,50,7,1,31,1,0,0,376
6,6,0,1,31,1,0,0,484
56,43,13,1,31,1,0,0,723
57,32,25,1,31,1,0,0,549
10,6,4,1,31,1,0,0,128
6,6,0,1,31,1,0,0,244
6,6,0,1,31,1,0,0,288
26,10,16,1,31,1,0,0,335
149,112,37,1,31,1,0,0,1421
214,163,51,1,31,1,0,0,652
96,54,42,1,31,1,0,0,977
7,6,1,1,31,1,0,0,323
79,29,50,1,31,1,0,0,439
19,19,0,1,31,1,0,0,362
9,8,1,1,31,1,0,0,102
501,287,214,1,31,1,0,0,1758
63,56,7,1,31,1,0,0,450
6,6,0,1,31,1,0,0,351
7,5,2,1,31,1,0,0,176
258,242,16,1,31,1,0,0,862
348,286,62,1,31,1,0,0,1792
375,288,87,1,31,1,0,0,2691
8,7,1,1,31,1,0,0,569
109,3,106,1,31,1,0,0,632
416,236,180,1,31,1,0,0,857
345,101,244,1,31,1,0,0,2789
165,73,92,1,31,1,0,0,350
93,51,42,1,31,1,0,0,1294
28,11,17,1,31,1,0,0,142
82,6,76,1,31,1,0,0,63
160,8,152,1,31,1,0,0,81
209,200,9,1,31,1,0,0,1358
90,6,84,1,31,1,0,0,61
94,6,88,1,31,1,0,0,60
2403,1925,478,1,31,1,0,0,2980
2025,1628,397,1,31,1,0,0,2809
23,23,0,1,31,1,0,0,248
2,1,1,1,31,1,0,0,109
23,20,3,1,31,1,0,0,263
0,0,0,1,31,1,0,0,0
10,5,5,1,31,1,0,0,459
2,1,1,1,31,1,0,0,400
0,0,0,1,31,1,0,0,0
35,26,9,1,31,1,0,0,403
4,2,2,1,31,1,0,0,71
45,24,21,1,31,1,0,0,241
78,38,40,1,31,1,0,0,298
18,9,9,1,31,1,0,0,290
40,37,3,1,31,1,0,0,198
53,51,2,1,31,1,0,0,159
21,18,3,1,31,1,0,0,318
31,21,10,1,31,1,0,0,197
243,158,85,1,31,1,0,0,1402
22,17,5,1,31,1,0,0,329
36,24,12,1,31,1,0,0,482
7,7,0,1,31,1,0,0,578
17,5,12,1,31,1,0,0,437
71,69,2,1,31,1,0,0,960
88,78,10,1,31,1,0,0,942
8,4,4,1,31,1,0,0,191
2,1,1,1,31,1,0,0,15
97,53,44,1,31,1,0,0,170
10,7,3,1,31,1,0,0,139
0,0,0,1,31,1,0,0,0
39,10,29,1,31,1,0,0,80
5,3,2,1,31,1,0,0,83
111,64,47,1,31,1,0,0,148
54,42,12,1,31,1,0,0,235
0,0,0,1,31,1,0,0,0
75,73,2,1,31,1,0,0,155
729,2,727,1,31,1,0,0,114
28,2,26,1,31,1,0,0,266
31,3,28,1,31,1,0,0,107
64,26,38,1,31,1,0,0,493
24,14,10,1,31,1,0,0,1348
11,6,5,1,31,1,0,0,691
8,4,4,1,31,1,0,0,266
23,12,11,1,31,1,0,0,396
625,527,98,1,31,1,0,0,627
11,11,0,1,31,1,0,0,148
0,0,0,1,31,1,0,0,0
391,389,2,1,31,1,0,0,527
10,9,1,1,31,1,0,0,179
298,270,28,1,31,1,0,0,517
304,73,231,1,31,1,0,0,373
3,2,1,1,31,1,0,0,113
20,6,14,1,31,1,0,0,194
3,2,1,1,31,1,0,0,137
7,1,6,1,31,1,0,0,116
6,2,4,1,31,1,0,0,127
9,4,5,1,31,1,0,0,842
242,202,40,1,31,1,0,0,948
64,29,35,1,31,1,0,0,770
24,14,10,1,31,1,0,0,143
2,1,1,1,31,1,0,0,154
4,2,2,1,31,1,0,0,602
8,4,4,1,31,1,0,0,479
380,331,49,1,31,1,0,0,830
27,26,1,1,31,1,0,0,319
67,55,12,1,31,1,0,0,471
55,13,42,1,31,1,0,0,373
18,7,11,1,31,1,0,0,319
13,0,13,1,31,1,0,0,294
0,0,0,1,31,1,0,0,0
0,0,0,1,31,1,0,0,0
0,0,0,1,31,1,0,0,0
0,0,0,1,31,1,0,0,0
0,0,0,1,31,1,0,0,0
0,0,0,1,31,1,0,0,0
0,0,0,1,31,1,0,0,0
0,0,0,1,31,1,0,0,0
0,0,0,1,31,1,0,0,0
0,0,0,1,31,1,0,0,0
0,0,0,1,31,1,0,0,0
0,0,0,1,31,1,0,0,0
0,0,0,1,31,1,0,0,0
0,0,0,1,31,1,0,0,0
0,0,0,1,31,1,0,0,0
0,0,0,1,31,1,0,0,0
0,0,0,1,31,1,0,0,0
0,0,0,1,31,1,0,0,0
0,0,0,1,31,1,0,0,0
0,0,0,1,31,1,0,0,0
0,0,0,1,31,1,0,0,0
0,0,0,1,31,1,0,0,0
0,0,0,1,31,1,0,0,0
203,151,52,1,31,1,0,0,774
0,0,0,1,31,1,0,0,0
0,0,0,1,31,1,0,0,0
3,2,1,1,31,1,0,0,287
0,0,0,1,31,1,0,0,0
0,0,0,1,31,1,0,0,0
0,0,0,1,31,1,0,0,0
0,0,0,1,31,1,0,0,0
0,0,0,1,31,1,0,0,0
15,13,2,1,31,1,0,0,1558
181,92,89,1,31,1,0,0,858
322,246,76,1,31,1,0,0,1030
17,14,3,1,31,1,0,0,376
6,3,3,1,31,1,0,0,454
13,10,3,1,31,1,0,0,650
3,2,1,1,31,1,0,0,991
142,40,102,1,31,1,0,0,1034
3,2,1,1,31,1,0,0,491
29,24,5,1,31,1,0,0,845
269,52,217,1,31,1,0,0,567
10,6,4,1,31,1,0,0,1171
0,0,0,1,31,1,0,0,0
21,21,0,1,31,1,0,0,359
0,0,0,1,31,1,0,0,0
38,20,18,1,31,1,0,0,2013
4,2,2,1,31,1,0,0,204
2,1,1,1,31,1,0,0,99
0,0,0,1,31,1,0,0,0
89,85,4,1,31,1,0,0,244
9,5,4,1,31,1,0,0,119
0,0,0,1,31,0,0,0,6
3,2,1,1,31,1,0,0,177
3,1,2,1,31,1,0,0,121
3,1,2,1,31,1,0,0,79
13,7,6,1,31,1,0,0,210
3,1,2,1,31,1,0,0,110
7,1,6,1,31,1,0,0,166
18,8,10,1,31,1,0,0,105
22,4,18,1,31,1,0,0,797
1,1,0,1,31,1,0,0,799
2,1,1,1,31,1,0,0,100
35,22,13,1,31,1,0,0,263
134,63,71,1,31,1,0,0,300
11,6,5,1,31,1,0,0,751
4,3,1,1,31,1,0,0,131
30,18,12,1,31,1,0,0,407
2,0,2,1,31,1,0,0,80
8,7,1,1,31,1,0,0,623
2,1,1,1,31,1,0,0,103
508,430,78,1,31,1,0,0,897
104,30,74,1,31,1,0,0,575
5,3,2,1,31,1,0,0,209
282,240,42,1,31,1,0,0,453
0,0,0,1,31,1,0,0,0
21,5,16,1,31,1,0,0,404
0,0,0,1,31,1,0,0,0
6,5,1,1,31,1,0,0,432
48,47,1,1,31,1,0,0,122
12,10,2,1,31,1,0,0,240
4,4,0,1,31,1,0,0,179
4,1,3,1,31,1,0,0,146
60,31,29,2,31,1,0,0,133
13,2,11,1,31,1,0,0,407
4,2,2,1,31,1,0,0,26
2,1,1,1,31,1,0,0,197
41,28,13,1,31,1,0,0,260
0,0,0,1,31,0,0,0,500
10,8,2,1,31,1,0,0,93
8,2,6,1,31,1,0,0,142
21,15,6,1,31,1,0,0,117
4,0,4,1,31,1,0,0,175
4,0,4,1,31,1,0,0,263
0,0,0,1,31,0,0,0,254
0,0,0,1,31,0,0,0,80
69,26,43,1,31,1,0,0,307
0,0,0,1,31,0,0,0,657
96,14,82,1,31,1,0,0,150
26,16,10,1,31,1,0,0,125
122,71,51,1,31,1,0,0,345
4,0,4,1,31,1,0,0,128
49,22,27,1,31,1,0,0,311
0,0,0,1,31,0,0,0,59
48,34,14,1,31,1,0,0,416
0,0,0,1,31,0,0,0,315
0,0,0,1,31,0,0,0,121
35,15,20,1,31,1,0,0,90
0,0,0,1,31,1,0,0,0
37,21,16,1,31,1,0,0,89
3,1,2,1,31,1,0,0,259
43,42,1,1,31,1,0,0,409
0,0,0,1,31,0,0,0,270
56,49,7,1,31,1,0,0,395
159,136,23,2,14,1,0,0,485
14,13,1,1,31,1,0,0,159
35,26,9,1,31,1,0,0,483
4,3,1,1,31,1,0,0,90
2,2,0,1,31,1,0,0,83
12,6,6,1,31,1,0,0,504
228,206,22,1,31,1,0,0,844
0,0,0,1,31,1,0,0,0
814,694,120,1,31,1,0,0,1100
112,89,23,1,31,1,0,0,1039
0,0,0,1,31,1,0,0,0
0,0,0,1,31,0,0,0,659
21,20,1,1,31,1,0,0,258
13,8,5,1,31,1,0,0,393
4,2,2,1,31,1,0,0,1164
22,11,11,1,31,1,0,0,938
0,0,0,1,31,0,0,0,340
0,0,0,1,31,0,0,0,391
26,0,26,1,31,1,0,0,210
0,0,0,1,31,1,0,0,0
14,2,12,1,31,1,0,0,1334
8,4,4,1,26,1,0,0,570
19,10,9,1,31,1,0,0,131
17,14,3,1,31,1,0,0,259
453,369,84,2,26,1,0,0,1418
8,4,4,1,31,1,0,0,389
14,7,7,1,31,1,0,0,548
6,5,1,1,31,1,0,0,173
14,14,0,1,31,1,0,0,181
12,11,1,1,31,1,0,0,206
3,3,0,1,31,1,0,0,332
2,2,0,1,31,1,0,0,433
2,1,1,1,31,1,0,0,384
72,54,18,1,31,1,0,0,351
55,42,13,1,31,1,0,0,831
2,1,1,1,31,1,0,0,283
0,0,0,1,31,1,0,0,0
0,0,0,1,31,1,0,0,0
0,0,0,1,31,1,0,0,0
0,0,0,1,31,1,0,0,0
0,0,0,1,31,1,0,0,0
0,0,0,1,31,1,0,0,0
0,0,0,1,31,1,0,0,0
0,0,0,1,31,1,0,0,0
0,0,0,1,31,1,0,0,0
17,9,8,2,26,1,0,0.000732600732600733,1365
0,0,0,1,31,1,0,0,0
0,0,0,1,31,1,0,0,0
0,0,0,1,31,1,0,0,0
0,0,0,1,31,1,0,0,0
0,0,0,1,31,1,0,0,0
0,0,0,1,31,1,0,0,0
0,0,0,1,31,1,0,0,0
0,0,0,1,31,1,0,0,0
0,0,0,1,31,1,0,0,0
0,0,0,1,31,1,0,0,0
0,0,0,1,31,1,0,0,0
0,0,0,1,31,1,0,0,0
0,0,0,1,31,1,0,0,0
0,0,0,1,31,1,0,0,0
0,0,0,1,31,1,0,0,0
0,0,0,1,31,0,0,0,246
0,0,0,1,31,0,0,0,167
0,0,0,1,31,1,0,0,0
0,0,0,1,31,1,0,0,0
0,0,0,1,31,1,0,0,0
0,0,0,1,31,1,0,0,0
0,0,0,1,31,1,0,0,0
0,0,0,1,31,1,0,0,0
0,0,0,1,31,1,0,0,0
789,754,35,1,31,1,0,0,1135
77,66,11,1,31,1,0,0,385
13,6,7,1,31,1,0,0,160
0,0,0,1,31,1,0,0,0
0,0,0,1,31,1,0,0,0
77,17,60,1,31,1,0,0,114
0,0,0,1,31,1,0,0,0
77,54,23,1,31,1,0,0,598
6,4,2,1,31,1,0,0,428
16,11,5,1,31,1,0,0,270
2,1,1,1,31,1,0,0,90
5,2,3,1,31,1,0,0,224
8,4,4,1,31,1,0,0,114
0,0,0,1,31,1,0,0,0
213,75,138,1,31,1,0,0,377
6,3,3,1,31,1,0,0,85
35,19,16,1,31,1,0,0,120
91,68,23,1,31,1,0,0,224
95,69,26,1,31,1,0,0,313
2,1,1,1,31,1,0,0,118
8,4,4,1,31,1,0,0,102
5,5,0,1,31,1,0,0,237
5,2,3,1,31,1,0,0,136
19,16,3,1,31,1,0,0,138
0,0,0,1,31,1,0,0,0
4,2,2,1,31,1,0,0,446
541,403,138,1,31,1,0,0,1329
0,0,0,1,31,1,0,0,0
267,215,52,1,31,1,0,0,603
60,45,15,1,31,1,0,0,219
9,7,2,1,31,1,0,0,180
44,39,5,1,31,1,0,0,312
151,122,29,1,31,1,0,0,345
266,220,46,1,31,1,0,0,311
648,48,600,1,31,1,0,0,242
6,3,3,1,31,1,0,0,449
2,1,1,1,31,1,0,0,99
5,1,4,1,31,1,0,0,100
1,0,1,1,31,1,0,0,101
1,0,1,1,31,1,0,0,101
1,0,1,1,31,1,0,0,101
3,2,1,1,31,1,0,0,101
1,0,1,1,31,1,0,0,100
17,6,11,1,31,1,0,0,204
0,0,0,1,31,0,0,0,200
0,0,0,1,31,0,0,0,42
87,79,8,1,31,1,0,0,201
39,6,33,1,31,1,0,0,132
86,61,25,1,31,1,0,0,299
4,2,2,1,31,1,0,0,87
4,2,2,1,31,1,0,0,86
394,179,215,1,31,1,0,0,466
2,1,1,1,31,1,0,0,127
2,1,1,1,31,1,0,0,115
47,29,18,1,31,1,0,0,137
44,25,19,1,31,1,0,0,119
0,0,0,1,31,0,0,0,368
0,0,0,1,31,0,0,0,220
0,0,0,1,31,0,0,0,538
42,23,19,1,31,1,0,0,636
0,0,0,1,31,1,0,0,0
0,0,0,1,31,1,0,0,0
0,0,0,1,31,0,0,0,167
0,0,0,1,31,0,0,0,265
90,62,28,1,31,1,0,0,217
9,5,4,1,31,1,0,0,110
5,1,4,1,31,1,0,0,100
12,6,6,1,31,1,0,0,248
41,23,18,1,31,1,0,0,475
131,86,45,1,31,1,0,0,241
3,0,3,1,31,1,0,0,92
9,2,7,1,31,1,0,0,227
12,6,6,1,31,1,0,0,408
5,1,4,1,31,1,0,0,117
11,2,9,1,31,1,0,0,167
3,2,1,1,31,1,0,0,307
0,0,0,1,31,0,0,0,992
0,0,0,1,31,1,0,0,0
5,1,4,1,31,1,0,0,117
11,2,9,1,31,1,0,0,184
2,2,0,1,31,1,0,0,130
4,1,3,1,31,1,0,0,95
65,17,48,1,31,1,0,0,415
258,157,101,1,31,1,0,0,874
0,0,0,1,31,0,0,0,206
0,0,0,1,31,0,0,0,249
0,0,0,1,31,0,0,0,184
0,0,0,1,31,0,0,0,259
0,0,0,1,31,0,0,0,59
0,0,0,1,31,0,0,0,128
0,0,0,1,31,1,0,0,0
153,151,2,1,31,1,0,0,366
1,1,0,1,31,1,0,0,67
47,25,22,1,31,1,0,0,372
180,102,78,1,31,1,0,0,810
20,9,11,1,31,1,0,0,307
2,1,1,1,31,1,0,0,102
35,18,17,1,31,1,0,0,129
0,0,0,1,31,0,0,0,231
0,0,0,1,31,0,0,0,75
97,93,4,1,31,1,0,0,1138
3,3,0,1,31,1,0,0,233
0,0,0,1,31,0,0,0,107
22,11,11,1,31,1,0,0,623
1,0,1,1,31,1,0,0,371
3,2,1,1,31,1,0,0,142
47,10,37,1,31,1,0,0,518
56,41,15,1,31,1,0,0,498
3,3,0,1,31,1,0,0,265
23,12,11,1,31,1,0,0,292
4,3,1,1,31,1,0,0,446
10,5,5,1,31,1,0,0,89
21,19,2,1,31,1,0,0,200
255,57,198,1,31,1,0,0,641
194,4,190,1,31,1,0,0,296
28,27,1,1,31,1,0,0,161
40,24,16,1,31,1,0,0,405
100,85,15,1,31,1,0,0,854
109,101,8,1,31,1,0,0,242
2,1,1,1,31,1,0,0,189
1,0,1,1,31,1,0,0,68
1,0,1,1,31,1,0,0,68
0,0,0,1,31,0,0,0,942
0,0,0,1,31,1,0,0,0
0,0,0,1,31,0,0,0,152
627,493,134,2,26,2,0,0,916
329,207,122,1,31,1,0,0,221
24,22,2,2,31,1,0,0,267
0,0,0,1,31,0,0,0,184
0,0,0,1,31,1,0,0,0
585,148,437,1,31,1,0,0,166
0,0,0,1,31,1,0,0,0
20,18,2,1,31,1,0,0,240
2,1,1,1,31,1,0,0,145
20,1,19,1,31,1,0,0,112
11,0,11,1,31,1,0,0,359
7,6,1,1,31,1,0,0,211
163,84,79,1,31,1,0,0,302
8,6,2,1,31,1,0,0,186
17,13,4,1,31,1,0,0,225
4,2,2,1,31,1,0,0,146
2,1,1,1,31,1,0,0,144
6,2,4,1,31,1,0,0,331
0,0,0,1,31,0,0,0,69
43,38,5,1,31,1,0,0,247
66,45,21,1,31,1,0,0,165
486,295,191,1,31,1,0,0,1251
194,136,58,1,31,1,0,0,667
669,22,647,1,31,1,0,0,97
263,175,88,1,31,1,0,0,587
59,47,12,1,31,1,0,0,499
22,21,1,1,31,1,0,0,187
0,0,0,1,31,1,0,0,0
46,26,20,1,31,1,0,0,590
29,1,28,1,31,1,0,0,140
2,1,1,1,31,1,0,0,303
0,0,0,1,31,1,0,0,0
20,1,19,1,31,1,0,0,96
11,0,11,1,31,1,0,0,158
71,1,70,1,31,1,0,0,176
6,6,0,1,31,1,0,0,153
71,66,5,1,31,1,0,0,385
71,60,11,1,31,1,0,0,807
33,23,10,1,31,1,0,0,326
4,1,3,1,31,1,0,0,101
19,1,18,1,31,1,0,0,145
444,242,202,1,31,1,0,0,270
0,0,0,1,31,1,0,0,0
0,0,0,1,31,1,0,0,0
0,0,0,1,31,0,0,0,755
0,0,0,1,31,0,0,0,205
177,158,19,1,31,1,0,0,504
7,3,4,1,31,1,0,0,89
16,8,8,1,31,1,0,0,315
0,0,0,1,31,1,0,0,0
21,3,18,1,31,1,0,0,150
16,8,8,1,31,1,0,0,236
5,1,4,1,31,1,0,0,118
3,2,1,1,31,1,0,0,591
6,2,4,1,31,1,0,0,104
11,2,9,1,31,1,0,0,291
2,1,1,1,31,1,0,0,150
89,48,41,1,31,1,0,0,503
0,0,0,1,31,0,0,0,349
16,3,13,1,31,1,0,0,111
28,4,24,1,31,1,0,0,893
0,0,0,1,31,1,0,0,0
29,20,9,1,31,1,0,0,190
3,0,3,1,31,1,0,0,219
283,266,17,1,31,1,0,0,483
0,0,0,1,31,0,0,0,4
35,21,14,1,31,1,0,0,227
0,0,0,1,31,0,0,0,587
0,0,0,1,31,0,0,0,93
88,52,36,1,31,1,0,0,285
2,1,1,1,31,1,0,0,340
0,0,0,1,31,1,0,0,0
0,0,0,1,31,0,0,0,37
1,1,0,1,31,1,0,0,220
0,0,0,1,31,0,0,0,234
0,0,0,1,31,0,0,0,319
0,0,0,1,31,0,0,0,226
0,0,0,1,31,0,0,0,283
0,0,0,1,31,0,0,0,600
0,0,0,1,31,0,0,0,259
0,0,0,1,31,0,0,0,251
0,0,0,1,31,0,0,0,181
0,0,0,1,31,0,0,0,644
0,0,0,1,31,0,0,0,399
0,0,0,1,31,0,0,0,462
0,0,0,1,31,0,0,0,301
0,0,0,1,31,0,0,0,593
0,0,0,1,31,1,0,0,0
5,1,4,1,31,1,0,0,200
2,1,1,1,31,1,0,0,78
4,0,4,1,31,1,0,0,74
0,0,0,1,31,1,0,0,0
6,0,6,1,31,1,0,0,74
11,1,10,1,31,1,0,0,437
4,2,2,1,31,1,0,0,178
1006,775,231,1,31,1,0,0,2574
85,39,46,1,31,1,0,0,334
49,24,25,1,31,1,0,0,108
106,73,33,1,31,1,0,0,449
99,99,0,1,31,1,0,0,1310
0,0,0,1,31,1,0,0,0
0,0,0,1,31,1,0,0,0
0,0,0,1,31,0,0,0,861
0,0,0,1,31,0,0,0,322
0,0,0,1,31,0,0,0,507
0,0,0,1,31,0,0,0,179
0,0,0,1,31,0,0,0,145
0,0,0,1,31,0,0,0,102
0,0,0,1,31,0,0,0,234
0,0,0,1,31,0,0,0,287
0,0,0,1,31,0,0,0,1020
0,0,0,1,31,0,0,0,409
8,5,3,2,31,1,0,0,727
0,0,0,1,31,0,0,0,160
76,39,37,1,31,1,0,0,388
19,11,8,1,31,1,0,0,112
4,3,1,1,31,1,0,0,383
2,1,1,1,31,1,0,0,112
19,19,0,1,31,1,0,0,924
14,9,5,1,31,1,0,0,712
0,0,0,1,31,0,0,0,493
0,0,0,1,31,0,0,0,589
0,0,0,1,31,0,0,0,38
0,0,0,1,31,0,0,0,655
0,0,0,1,31,0,0,0,264
0,0,0,1,31,0,0,0,3
0,0,0,1,31,0,0,0,228
228,162,66,1,31,1,0,0,482
2,1,1,1,31,1,0,0,300
258,94,164,1,31,1,0,0,1285
237,68,169,1,31,1,0,0,331
5,4,1,1,31,1,0,0,164
215,182,33,1,31,1,0,0,716
2,1,1,1,31,1,0,0,226
24,8,16,1,31,1,0,0,316
4,2,2,1,31,1,0,0,150
3,2,1,1,31,1,0,0,288
24,22,2,1,31,1,0,0,193
957,810,147,1,31,1,0,0,2215
38,37,1,1,31,1,0,0,567
4,2,2,1,31,1,0,0,170
2,1,1,1,31,1,0,0,383
4,4,0,1,31,1,0,0,125
7,0,7,1,31,1,0,0,515
13,7,6,1,31,1,0,0,132
12,8,4,1,31,1,0,0,135
237,208,29,1,31,1,0,0,873
25,13,12,1,31,1,0,0,1287
140,86,54,1,31,1,0,0,614
10,6,4,1,31,1,0,0,844
51,26,25,1,31,1,0,0,525
5,4,1,1,31,1,0,0,457
552,503,49,1,31,1,0,0,616
19,11,8,1,31,1,0,0,97
16,9,7,1,31,1,0,0,144
153,152,1,1,31,1,0,0,252
24,15,9,1,31,1,0,0,309
62,38,24,1,31,1,0,0,289
2,1,1,1,31,1,0,0,234
194,149,45,1,31,1,0,0,767
47,25,22,1,31,1,0,0,874
13,10,3,1,31,1,0,0,226
171,128,43,1,31,1,0,0,1007
258,165,93,1,31,1,0,0,233
0,0,0,1,31,0,0,0,61
0,0,0,1,31,0,0,0,89
0,0,0,1,31,0,0,0,79
0,0,0,1,31,0,0,0,97
0,0,0,1,31,0,0,0,92
0,0,0,1,31,0,0,0,89
0,0,0,1,31,0,0,0,103
0,0,0,1,31,0,0,0,56
0,0,0,1,31,0,0,0,87
4,2,2,1,31,1,0,0,1240
2,1,1,1,31,1,0,0,57
2,1,1,1,31,1,0,0,244
2,1,1,1,31,1,0,0,11
0,0,0,1,31,1,0,0,0
4,2,2,1,31,1,0,0,61
0,0,0,1,31,0,0,0,83
0,0,0,1,31,0,0,0,92
0,0,0,1,31,0,0,0,89
0,0,0,1,31,0,0,0,107
0,0,0,1,31,0,0,0,87
3,2,1,1,31,1,0,0,19
23,21,2,1,31,1,0,0,162
8,5,3,1,31,1,0,0,1109
2,1,1,1,31,1,0,0,172
2,1,1,1,31,1,0,0,161
105,70,35,1,31,1,0,0,746
24,17,7,1,31,1,0,0,289
0,0,0,1,31,0,0,0,212
0,0,0,1,31,0,0,0,156
0,0,0,1,31,0,0,0,343
0,0,0,1,31,0,0,0,304
0,0,0,1,31,0,0,0,10
0,0,0,1,31,0,0,0,409
0,0,0,1,31,0,0,0,96
0,0,0,1,31,0,0,0,287
0,0,0,1,31,0,0,0,910
0,0,0,1,31,0,0,0,55
0,0,0,1,31,0,0,0,616
0,0,0,1,31,0,0,0,89
0,0,0,1,31,0,0,0,273
0,0,0,1,31,0,0,0,109
0,0,0,1,31,0,0,0,56
0,0,0,1,31,0,0,0,218
0,0,0,1,31,0,0,0,75
0,0,0,1,31,0,0,0,198
0,0,0,1,31,0,0,0,34
0,0,0,1,31,0,0,0,621
0,0,0,1,31,0,0,0,321
0,0,0,1,31,0,0,0,255
0,0,0,1,31,0,0,0,48
0,0,0,1,31,0,0,0,210
75,55,20,1,31,1,0,0,1816
3,2,1,1,31,1,0,0,184
1,1,0,1,31,1,0,0,124
4,3,1,1,31,1,0,0,478
0,0,0,1,31,0,0,0,1227
15,8,7,1,31,1,0,0,1071
0,0,0,1,31,1,0,0,486
0,0,0,1,31,1,0,0,0
0,0,0,1,31,1,0,0,0
0,0,0,1,31,1,0,0,0
0,0,0,1,31,1,0,0,0
0,0,0,1,31,1,0,0,0
0,0,0,1,31,1,0,0,0
0,0,0,1,31,1,0,0,0
0,0,0,1,31,1,0,0,0
0,0,0,1,31,1,0,0,0
0,0,0,1,31,1,0,0,0
0,0,0,1,31,1,0,0,0
0,0,0,1,31,1,0,0,0
0,0,0,1,31,1,0,0,0
0,0,0,1,31,1,0,0,0
0,0,0,1,31,1,0,0,0
0,0,0,1,31,1,0,0,0
0,0,0,1,31,1,0,0,0
0,0,0,1,31,1,0,0,0
0,0,0,1,31,1,0,0,0
0,0,0,1,31,1,0,0,0
0,0,0,1,31,1,0,0,0
0,0,0,1,31,1,0,0,0
0,0,0,1,31,1,0,0,0
0,0,0,1,31,1,0,0,0
0,0,0,1,31,1,0,0,0
0,0,0,1,31,1,0,0,0
0,0,0,1,31,1,0,0,0
0,0,0,1,31,1,0,0,0
0,0,0,1,31,1,0,0,0
0,0,0,1,31,1,0,0,0
0,0,0,1,31,1,0,0,0
0,0,0,1,31,1,0,0,0
0,0,0,1,31,1,0,0,0
0,0,0,1,31,1,0,0,0
0,0,0,1,31,1,0,0,0
0,0,0,1,31,1,0,0,0
0,0,0,1,31,1,0,0,0
0,0,0,1,31,1,0,0,0
0,0,0,1,31,1,0,0,0
0,0,0,1,31,1,0,0,0
0,0,0,1,31,1,0,0,0
0,0,0,1,31,1,0,0,0
0,0,0,1,31,1,0,0,0
0,0,0,1,31,1,0,0,0
0,0,0,1,31,1,0,0,0
0,0,0,1,31,1,0,0,0
0,0,0,1,31,1,0,0,0
0,0,0,1,31,1,0,0,0
0,0,0,1,31,1,0,0,0
0,0,0,1,31,1,0,0,0
0,0,0,1,31,1,0,0,0
0,0,0,1,31,1,0,0,0
0,0,0,1,31,1,0,0,0
0,0,0,1,31,1,0,0,0
0,0,0,1,31,1,0,0,0
0,0,0,1,31,1,0,0,0
0,0,0,1,31,1,0,0,0
0,0,0,1,31,1,0,0,0
0,0,0,1,31,1,0,0,0
0,0,0,1,31,1,0,0,0
0,0,0,1,31,1,0,0,0
0,0,0,1,31,1,0,0,0
0,0,0,1,31,1,0,0,0
0,0,0,1,31,1,0,0,0
0,0,0,1,31,1,0,0,0
0,0,0,1,31,1,0,0,0
0,0,0,1,31,1,0,0,0
0,0,0,1,31,1,0,0,0
0,0,0,1,31,1,0,0,0
0,0,0,1,31,1,0,0,0
0,0,0,1,31,1,0,0,0
0,0,0,1,31,1,0,0,0
0,0,0,1,31,1,0,0,0
0,0,0,1,31,1,0,0,0
0,0,0,1,31,1,0,0,0
0,0,0,1,31,1,0,0,0
0,0,0,1,31,1,0,0,0
0,0,0,1,31,1,0,0,0
0,0,0,1,31,1,0,0,0
0,0,0,1,31,1,0,0,0
0,0,0,1,31,1,0,0,0
0,0,0,1,31,1,0,0,0
0,0,0,1,31,1,0,0,0
0,0,0,1,31,1,0,0,0
0,0,0,1,31,1,0,0,0
0,0,0,1,31,1,0,0,0
0,0,0,1,31,1,0,0,0
0,0,0,1,31,1,0,0,0
0,0,0,1,31,1,0,0,0
0,0,0,1,31,1,0,0,0
0,0,0,1,31,1,0,0,0
0,0,0,1,31,1,0,0,0
0,0,0,1,31,1,0,0,0
0,0,0,1,31,1,0,0,0
0,0,0,1,31,1,0,0,0
0,0,0,1,31,1,0,0,0
0,0,0,1,31,1,0,0,0
0,0,0,1,31,1,0,0,0
0,0,0,1,31,1,0,0,0
0,0,0,1,31,1,0,0,0
0,0,0,1,31,1,0,0,0
0,0,0,1,31,1,0,0,0
0,0,0,1,31,1,0,0,0
0,0,0,1,31,1,0,0,0
0,0,0,1,31,1,0,0,0
0,0,0,1,31,1,0,0,0
0,0,0,1,31,1,0,0,0
0,0,0,1,31,1,0,0,0
0,0,0,1,31,1,0,0,0
0,0,0,1,31,1,0,0,0
0,0,0,1,31,1,0,0,0
0,0,0,1,31,1,0,0,0
0,0,0,1,31,1,0,0,0
0,0,0,1,31,1,0,0,0
0,0,0,1,31,1,0,0,0
0,0,0,1,31,1,0,0,0
0,0,0,1,31,1,0,0,0
0,0,0,1,31,0,0,0,22
0,0,0,1,31,0,0,0,50
0,0,0,1,31,0,0,0,33
0,0,0,1,31,0,0,0,64
21,11,10,1,31,1,0,0,599
453,416,37,1,31,1,0,0,1534
543,262,281,1,31,1,0,0,1773
542,473,69,1,31,1,0,0,1551
61,55,6,1,31,1,0,0,267
30,16,14,1,31,1,0,0,2205
2,1,1,1,31,1,0,0,87
221,151,70,1,31,1,0,0,696
12,4,8,1,31,1,0,0,194
4,2,2,1,31,1,0,0,88
41,27,14,1,31,1,0,0,594
12,7,5,1,31,1,0,0,1125
9,4,5,1,31,1,0,0,193
178,128,50,1,31,1,0,0,556
10,5,5,1,31,1,0,0,84
23,15,8,1,31,1,0,0,744
10,5,5,1,31,1,0,0,1143
315,253,62,1,31,1,0,0,813
626,463,163,1,31,1,0,0.000328515111695138,3044
193,158,35,1,31,1,0,0,847
2253,1478,775,1,31,1,0,0,3329
10,5,5,1,31,1,0,0,77
283,206,77,1,31,1,0,0,1457
869,598,271,1,31,1,0,0.000314465408805031,3180
553,390,163,1,31,1,0,0,2302
133,102,31,1,31,1,0,0,637
18,13,5,1,31,1,0,0,140
167,130,37,1,31,1,0,0,593
17,11,6,1,31,1,0,0,834
1021,691,330,1,31,1,0,0,1748
57,55,2,1,31,1,0,0,571
614,485,129,1,31,1,0,0,3059
300,198,102,1,31,1,0,0,1078
2,1,1,1,31,1,0,0,779
253,221,32,1,31,1,0,0,1095
61,61,0,1,31,1,0,0,567
43,40,3,1,31,1,0,0,240
224,187,37,1,31,1,0,0,2467
4,2,2,1,31,1,0,0,79
509,344,165,1,31,1,0,0,1051
917,877,40,1,31,1,0,0.000583090379008746,1715
4,2,2,1,31,1,0,0,76
0,0,0,1,31,0,0,0,292
4,2,2,1,31,1,0,0,80
147,136,11,1,31,1,0,0,532
0,0,0,1,31,0,0,0,22
0,0,0,1,31,1,0,0,0
0,0,0,1,31,1,0,0,0
0,0,0,1,31,0,0,0,940
0,0,0,1,31,1,0,0,0
2,1,1,1,31,1,0,0,67
0,0,0,1,31,1,0,0,0
0,0,0,1,31,1,0,0,0
22,18,4,1,31,1,0,0,64
1,1,0,1,31,1,0,0,58
11,11,0,1,31,1,0,0,70
4,2,2,1,31,1,0,0,141
0,0,0,1,31,1,0,0,0
557,138,419,1,31,1,0,0,1146
76,51,25,1,31,1,0,0,1506
113,104,9,1,31,1,0,0,810
32,19,13,1,31,1,0,0,141
13,3,10,1,31,1,0,0,73
0,0,0,1,31,0,0,0,71
0,0,0,1,31,1,0,0,0
74,70,4,1,31,1,0,0,192
0,0,0,1,31,1,0,0,0
2,1,1,1,31,1,0,0,139
6,2,4,1,31,1,0,0,104
0,0,0,1,31,1,0,0,0
0,0,0,1,31,1,0,0,0
341,110,231,1,31,1,0,0,338
0,0,0,1,31,1,0,0,0
2,1,1,1,31,1,0,0,1184
2,1,1,1,31,1,0,0,10
4,2,2,1,31,1,0,0,201
10,1,9,1,66,0,0,0,2918
4,2,2,1,4,0,0,0,64
4,2,2,1,4,0,0,0,64
4,2,2,1,4,0,0,0,64
6,3,3,1,5,0,0,0,618
4,2,2,1,4,0,0,0,64
4,2,2,1,4,0,0,0,64
14,1,13,1,7,0,0,0.00398406374501992,251
14,1,13,1,7,0,0,0.00337837837837838,296
108,104,4,1,7,0,0,0.00168067226890756,595
16,15,1,1,7,0,0,0,947
9,5,4,1,51,1,0,0,319
4,2,2,1,4,0,0,0,360
4,2,2,1,4,0,0,0,378
29,9,20,2,7,0,0,0,498
10,5,5,2,7,0,0,0,287
4,2,2,1,4,0,0,0,64
4,2,2,1,4,0,0,0,64
4,2,2,1,5,1,0,0,329
4,2,2,1,4,0,0,0,64
16,9,7,1,2,1,0,0,146
30,15,15,1,17,0,0,0,694
42,21,21,1,17,0,0,0,391
6,5,1,1,7,0,0,0,264
56,28,28,1,61,0,0,0,353
18,11,7,1,26,1,0,0,1242
0,0,0,1,70,0,0,0,125
78,71,7,4,44,0,0,0,120
39,30,9,1,38,0,0,0.00694444444444444,144
20,10,10,1,17,0,0,0,213
0,0,0,1,40,0,0,0,643
22,19,3,1,89,1,0,0,155
0,0,0,1,89,1,0,0,50
23,16,7,1,62,0,0,0,248
19,13,6,1,62,0,0,0,332
0,0,0,1,40,0,0,0,26
0,0,0,1,60,0,0,0,48
8,5,3,2,69,0,0,0,724
53,49,4,2,17,0,0,0,2240
3,2,1,1,17,0,0,0,167
5,4,1,1,9,0,0,0,449
71,34,37,4,39,2,0,0,1505
35,21,14,4,39,1,0,0,2284
5,3,2,2,39,1,0,0,42
23,16,7,1,81,0,0,0,274
2,1,1,1,81,0,0,0,58
2,1,1,1,81,0,0,0,308
2,1,1,1,81,0,0,0,328
15,11,4,1,81,0,0,0,750
2,1,1,1,81,0,0,0,145
127,81,46,2,0,0,0,0,4906
8,2,6,1,32,0,0,0,1126
12,8,4,1,32,0,0,0,690
11,7,4,2,18,0,0,0,495
7,5,2,2,40,1,0,0.00385109114249037,779
74,52,22,2,40,1,0,0.00120373156786037,3323
20,3,17,1,32,0,0,0.00240384615384615,832
37,32,5,2,32,0,0,0.000935453695042095,1069
4,3,1,1,39,0,0,0.00088339222614841,1132
14,7,7,1,46,1,0,0,332
46,36,10,4,17,0,0,0,1447
73,50,23,2,17,1,0,0,738
11,7,4,2,26,0,0,0,239
39,33,6,2,26,0,0,0,832
20,15,5,2,26,0,0,0,1359
35,25,10,2,40,0,0,0,1034
59,21,38,2,13,0,0,0,368
12,6,6,2,13,0,0,0,141
9,7,2,1,40,0,0,0,2544
22,18,4,1,14,0,0,0,266
10,9,1,1,40,0,0,0,3728
4,3,1,1,40,0,0,0,2313
10,9,1,1,40,0,0,0.000745712155108128,1341
6,3,3,1,60,0,0,0,368
69,46,23,3,31,1,0,0,2326
180,90,90,2,14,0,0,0,1108
16,9,7,3,20,0,0,0,1793
4,2,2,1,41,0,0,0,48
7,6,1,1,38,0,0,0,1232
13,6,7,1,58,0,0,0,126
8,4,4,1,58,0,0,0,119
83,59,24,5,7,1,0,0,1665
31,24,7,2,21,0,0,0,977
15,12,3,2,21,0,0,0,36
5,4,1,1,74,0,0,0,2726
0,0,0,1,0,0,0,0,69
29,10,19,1,73,0,0,0,274
23,8,15,1,73,0,0,0,217
26,10,16,1,73,0,0,0,143
288,125,163,1,73,0,0,0,326
44,23,21,1,73,0,0,0,88
4,2,2,1,42,0,0,0,301
4,3,1,1,39,0,0,0,315
11,10,1,1,34,0,0,0,86
10,7,3,1,5,0,0,0,1293
5,2,3,1,42,0,0,0,300
5,4,1,1,34,0,0,0,418
4,2,2,1,86,0,0,0,426
4,2,2,1,42,0,0,0,428
28,14,14,3,40,1,0,0,298
28,14,14,3,40,1,0,0,328
8,5,3,1,40,0,0,0,72
14,7,7,3,26,1,0,0,323
20,11,9,1,55,0,0,0.00201207243460765,497
8,3,5,1,55,0,0,0,226
3,1,2,1,56,0,0,0,720
4,3,1,1,40,0,0,0,463
8,4,4,2,6,0,0,0,700
32,10,22,1,35,0,0,0,375
32,16,16,2,33,0,0,0,376
4,1,3,1,6,0,0,0,270
6,1,5,1,55,0,0,0,419
4,2,2,1,42,0,0,0,741
22,20,2,1,85,0,0,0,564
3,2,1,1,30,0,0,0,132
6,3,3,1,42,0,0,0,556
54,28,26,3,6,1,0,0,1114
145,49,96,8,6,0,0,0,1872
22,20,2,1,38,0,0,0,157
36,18,18,2,6,0,0,0,2607
8,4,4,2,33,0,0,0,229
6,3,3,1,40,0,0,0,98
62,15,47,4,0,1,0,0,479
59,53,6,1,34,1,0,0,869
4,2,2,1,6,0,0,0,289
5,2,3,1,56,0,0,0,685
22,14,8,5,30,0,0,0,383
4,2,2,1,74,1,0,0.00319488817891374,313
6,3,3,2,33,0,0,0,63
14,2,12,1,34,1,0,0,84
5,1,4,1,6,0,0,0,116
9,2,7,2,6,0,0,0,574
57,13,44,2,6,0,0,0,283
4,1,3,1,6,0,0,0,92
30,18,12,2,82,0,0,0,678
4,2,2,1,52,1,0,0,461
45,37,8,3,62,0,0,0,366
4,2,2,1,56,0,0,0.0023094688221709,433
4,2,2,1,82,0,0,0,93
4,2,2,1,82,0,0,0,91
6,3,3,1,82,0,0,0,680
4,2,2,1,82,0,0,0,126
4,3,1,1,39,0,0,0,536
5,4,1,1,34,0,0,0,317
5,3,2,1,63,0,0,0,133
6,3,3,1,42,0,0,0,502
5,2,3,1,42,0,0,0,417
44,18,26,3,55,0,0,0,1161
2,1,1,2,55,0,0,0,67
5,3,2,1,63,0,0,0,463
30,18,12,4,54,1,0,0,1572
43,21,22,3,55,0,0,0,181
4,2,2,1,42,0,0,0,776
5,2,3,1,42,0,0,0,737
21,2,19,2,63,0,0,0,845
66,27,39,3,55,0,0,0,234
6,3,3,1,86,0,0,0,65
4,3,1,1,39,0,0,0,241
5,2,3,1,42,0,0,0,224
5,2,3,1,42,0,0,0.000989119683481701,1011
4,2,2,1,86,0,0,0,525
9,4,5,2,42,0,0,0,518
38,21,17,3,55,0,0,0,154
59,26,33,4,55,0,0,0,1370
76,29,47,3,55,0,0,0,251
12,6,6,2,42,0,0,0,457
9,4,5,2,56,0,0,0,1261
59,24,35,3,55,0,0,0,353
4,2,2,1,86,0,0,0,298
6,3,3,1,40,0,0,0,959
4,2,2,1,42,0,0,0,485
8,4,4,2,40,0,0,0,1373
4,2,2,1,56,0,0,0,212
6,3,3,1,40,0,0,0,981
6,3,3,1,42,0,0,0,609
4,3,1,1,39,0,0,0,298
5,2,3,1,42,0,0,0,295
4,3,1,1,77,0,0,0,159
4,2,2,1,86,0,0,0,601
8,4,4,2,42,0,0,0,360
4,2,2,1,86,0,0,0,757
4,2,2,1,40,0,0,0,1817
4,2,2,1,40,0,0,0,1341
4,3,1,1,39,0,0,0,284
6,3,3,1,86,0,0,0,126
6,3,3,1,42,0,0,0.00229885057471264,435
13,1,12,1,75,0,0,0,3062
11,10,1,1,34,0,0,0,127
4,3,1,1,31,0,0,0,256
5,4,1,1,34,0,0,0,285
10,1,9,1,6,0,0,0,91
0,0,0,1,77,0,0,0,36
4,2,2,1,86,0,0,0,757
4,2,2,1,40,0,0,0,1347
4,3,1,1,39,0,0,0,266
9,1,8,1,75,0,0,0,1727
11,10,1,1,34,0,0,0,84
4,3,1,1,31,0,0,0,72
5,4,1,1,34,0,0,0,312
4,2,2,1,56,0,0,0,202
27,19,8,4,26,1,0,0,346
119,53,66,6,53,0,0,0,1218
13,12,1,1,56,0,0,0,690
4,3,1,1,40,0,0,0,464
27,22,5,2,42,0,0,0,852
3,2,1,1,30,0,0,0,220
6,3,3,1,42,0,0,0,482
31,18,13,5,30,0,0,0,3809
22,20,2,1,38,0,0,0,166
6,3,3,2,33,0,0,0,381
6,3,3,1,40,0,0,0,98
5,2,3,1,56,0,0,0,689
22,14,8,5,30,0,0,0,495
4,2,2,1,74,1,0,0,291
12,6,6,2,33,0,0,0,166
4,2,2,1,56,0,0,0,204
42,24,18,2,82,0,0,0,745
5,2,3,1,42,0,0,0,1051
32,16,16,2,33,0,0,0,916
65,55,10,5,18,2,0,0,0
27,25,2,1,42,0,0,0.00108459869848156,922
44,37,7,3,62,0,0,0,510
4,2,2,1,56,0,0,0.00148809523809524,672
4,2,2,1,82,0,0,0,113
4,2,2,1,82,0,0,0,107
6,3,3,1,82,0,0,0,683
4,2,2,1,82,0,0,0,128
4,3,1,1,39,0,0,0,515
5,2,3,1,42,0,0,0,390
157,96,61,5,53,0,0,0,386
9,5,4,2,42,0,0,0,1209
6,3,3,1,18,0,0,0,888
115,84,31,7,18,1,0,0,0
0,0,0,1,18,0,0,0,0
0,0,0,1,18,0,0,0,0
142,125,17,5,18,0,0,0,552
0,0,0,1,62,0,0,0,24
11,6,5,2,39,0,0,0,85
11,3,8,2,55,0,0,0,183
6,3,3,1,18,0,0,0,157
276,194,82,3,62,0,0,0,716
4,3,1,1,66,0,0,0,74
4,2,2,1,42,0,0,0,415
95,61,34,1,66,0,0,0,142
4,3,1,1,62,0,0,0,84
0,0,0,1,45,0,0,0,3
4,3,1,1,39,0,0,0,316
107,4,103,2,8,0,0,0,927
23,22,1,1,34,0,0,0,88
19,13,6,3,18,0,0,0,509
4,2,2,1,33,0,0,0,653
4,2,2,1,42,0,0,0,300
4,3,1,1,39,0,0,0,232
5,2,3,1,33,0,0,0,366
5,2,3,1,42,0,0,0,182
5,4,1,1,34,0,0,0,285
11,10,1,1,34,0,0,0,88
6,5,1,1,34,0,0,0,281
32,29,3,1,34,0,0,0,254
4,3,1,1,39,0,0,0,256
4,2,2,1,42,0,0,0,223
10,4,6,1,42,0,0,0,517
5,2,3,1,42,0,0,0,634
21,8,13,2,42,0,0,0,818
4,2,2,1,64,0,0,0,624
6,3,3,1,42,0,0,0,435
4,3,1,1,39,0,0,0,360
4,2,2,1,86,0,0,0,1432
6,3,3,1,40,0,0,0,115
5,2,3,1,61,1,0,0,522
14,7,7,1,50,0,0,0,472
16,10,6,2,31,0,0,0,314
118,53,65,10,8,0,0,0,632
16,14,2,2,42,0,0,0,89
0,0,0,1,45,0,0,0,71
23,22,1,1,41,0,0,0,46
282,164,118,3,43,1,0,0,339
0,0,0,1,42,0,0,0,112
4,2,2,1,42,0,0,0,436
16,1,15,1,51,0,0,0,194
46,19,27,5,49,1,0,0,426
1228,924,304,4,42,1,0,0,1042
268,252,16,3,45,0,0,0,684
0,0,0,1,41,0,0,0,0
20,12,8,2,5,1,0,0,1314
5,2,3,1,42,0,0,0,252
18,14,4,2,63,0,0,0,235
133,1,132,1,41,0,0,0,434
0,0,0,1,8,0,0,0,153
6,4,2,1,41,0,0,0,140
15,14,1,1,50,0,0,0,686
182,68,114,7,8,0,0,0,1361
4,3,1,1,39,0,0,0,327
4,2,2,1,42,0,0,0,1138
5,2,3,1,42,0,0,0,272
4,3,1,1,39,0,0,0,307
5,2,3,1,42,0,0,0.000854700854700855,1170
6,3,3,1,42,0,0,0,1092
4,3,1,1,39,0,0,0,293
108,99,9,2,31,0,0,0,211
6,2,4,2,6,1,0,0,369
0,0,0,1,31,0,0,0,43
4,2,2,3,29,1,0,0,0
6,5,1,2,31,0,0,0,93
85,60,25,5,4,1,0,0,681
0,0,0,1,42,0,0,0,52
0,0,0,1,6,1,0,0,928
0,0,0,1,4,0,0,0,187
0,0,0,1,4,0,0,0,570
0,0,0,1,4,0,0,0,114
0,0,0,1,4,0,0,0,60
0,0,0,1,4,0,0,0,66
19,14,5,3,6,1,0,0,157
0,0,0,2,6,1,0,0,0
0,0,0,1,42,0,0,0,3
0,0,0,1,42,0,0,0,9
0,0,0,1,42,0,0,0,3
0,0,0,1,42,0,0,0,48
0,0,0,2,41,0,0,0,0
38,34,4,3,4,0,0,0,501
0,0,0,1,42,0,0,0,8
0,0,0,1,42,0,0,0,33
0,0,0,1,42,0,0,0,77
0,0,0,1,42,0,0,0,3
0,0,0,1,42,0,0,0,3
0,0,0,1,42,0,0,0,11
0,0,0,1,42,0,0,0,3
0,0,0,1,42,0,0,0,3
0,0,0,1,42,0,0,0,3
0,0,0,1,29,0,0,0,3
0,0,0,1,42,0,0,0,3
0,0,0,1,42,0,0,0,3
0,0,0,1,42,0,0,0,3
0,0,0,1,42,0,0,0,3
0,0,0,1,42,0,0,0,196
0,0,0,1,42,0,0,0,3
0,0,0,1,42,0,0,0,3
0,0,0,1,42,0,0,0,49
0,0,0,1,42,0,0,0,3
0,0,0,1,42,0,0,0,3
0,0,0,1,42,0,0,0,3
0,0,0,1,42,0,0,0,52
0,0,0,1,42,0,0,0,59
0,0,0,1,42,0,0,0,904
10,5,5,2,21,0,0,0,28
0,0,0,1,42,0,0,0,3
0,0,0,1,4,0,0,0,120
0,0,0,1,42,0,0,0,3
0,0,0,1,42,0,0,0,3
0,0,0,1,42,0,0,0,3
0,0,0,1,42,0,0,0,3
0,0,0,1,42,0,0,0,3
0,0,0,1,42,0,0,0,3
0,0,0,1,42,0,0,0,3
0,0,0,1,42,0,0,0,3
0,0,0,1,42,0,0,0,3
0,0,0,1,42,0,0,0,3
0,0,0,1,42,0,0,0,3
0,0,0,1,42,0,0,0,3
0,0,0,1,42,0,0,0,3
0,0,0,1,42,0,0,0,3
0,0,0,1,42,0,0,0,3
0,0,0,1,42,0,0,0,3
5,4,1,2,6,1,0,0,151
0,0,0,2,41,0,0,0,0
0,0,0,1,42,0,0,0,707
17,12,5,3,6,1,0,0,327
0,0,0,1,42,0,0,0,132
0,0,0,1,42,0,0,0,172
0,0,0,1,42,0,0,0,178
139,23,116,4,8,0,0,0,757
11,10,1,2,34,0,0,0,123
0,0,0,1,4,0,0,0,64
5,4,1,1,31,0,0,0,109
6,5,1,1,34,0,0,0,397
17,16,1,1,34,0,0,0,185
6,3,3,1,86,0,0,0,2847
9,7,2,1,51,0,0,0,10
16,13,3,1,70,0,0,0,481
7,5,2,2,51,0,0,0,81
0,0,0,1,45,0,0,0,3
13,7,6,2,42,0,0,0,654
4,2,2,1,42,0,0,0,848
4,2,2,1,42,0,0,0,358
14,8,6,2,40,0,0,0,910
4,3,1,1,39,0,0,0,312
5,2,3,1,42,0,0,0,920
23,20,3,2,53,0,0,0,636
14,13,1,1,51,0,0,0,99
106,1,105,1,8,0,0,0,1005
11,10,1,1,34,0,0,0,121
7,2,5,1,45,0,0,0,687
4,2,2,1,48,1,0,0,328
18,9,9,2,48,0,0,0,215
0,0,0,2,48,0,0,0,0
7,4,3,1,70,0,0,0,732
166,110,56,4,40,0,0,0,3709
5,2,3,1,42,0,0,0,467
6,3,3,1,86,0,0,0,64
5,4,1,1,34,0,0,0,270
20,10,10,1,56,0,0,0,200
5,2,3,1,42,0,0,0,756
166,83,83,1,56,0,0,0,888
11,10,1,1,34,0,0,0,87
4,2,2,1,42,0,0,0,389
6,3,3,1,42,0,0,0,342
7,4,3,1,39,0,0,0,312
4,2,2,1,42,0,0,0,872
6,4,2,1,87,0,0,0,303
26,12,14,7,34,0,0,0,1978
3,2,1,1,76,0,0,0,81
4,2,2,1,42,0,0,0,824
6,3,3,1,57,0,0,0,690
32,15,17,4,40,0,0,0,380
6,3,3,1,57,0,0,0,379
6,3,3,1,57,0,0,0,293
20,7,13,4,40,0,0,0,2399
26,10,16,5,40,0,0,0,2149
6,3,3,1,57,1,0,0,50
8,7,1,1,76,0,0,0,177
7,5,2,1,76,0,0,0,326
4,3,1,1,39,0,0,0,443
6,5,1,1,34,0,0,0,267
5,3,2,1,57,0,0,0.00224215246636771,446
15,7,8,2,34,0,0,0,597
11,10,1,1,34,0,0,0,100
24,12,12,1,77,0,0,0,341
6,4,2,1,77,0,0,0,52
14,6,8,4,39,0,0,0,2051
4,2,2,1,86,0,0,0,629
4,2,2,1,66,0,0,0,270
3,2,1,1,20,0,0,0,1134
4,2,2,1,86,0,0,0,959
6,3,3,1,86,0,0,0,159
6,5,1,1,34,0,0,0.00302114803625378,331
4,2,2,1,86,0,0,0,1465
9,6,3,2,24,0,0,0,469
2,0,2,1,54,0,0,0,458
10,5,5,2,35,0,0,0,383
18,17,1,1,34,0,0,0,126
10,5,5,1,40,0,0,0,161
16,8,8,1,86,0,0,0.000679809653297077,1471
19,4,15,2,68,0,0,0,363
18,11,7,2,68,0,0,0,196
55,22,33,2,72,0,0,0,0
177,143,34,2,54,0,0,0,579
2,1,1,1,54,0,0,0,1
23,1,22,1,42,0,0,0,864
5,2,3,1,42,0,0,0,304
5,2,3,1,42,0,0,0,842
5,2,3,1,42,0,0,0,133
5,4,1,1,34,0,0,0,179
11,6,5,3,40,0,0,0,488
4,2,2,1,42,0,0,0,442
15,8,7,3,40,0,0,0,1007
6,3,3,1,40,0,0,0,576
8,3,5,1,42,0,0,0,873
8,3,5,1,42,0,0,0,145
20,2,18,2,42,0,0,0,611
6,3,3,1,40,0,0,0,3824
5,2,3,1,42,0,0,0,488
4,2,2,1,42,0,0,0,329
4,3,1,1,39,0,0,0,580
11,10,1,1,34,0,0,0,87
5,2,3,1,42,0,0,0,495
8,3,5,1,42,0,0,0,184
48,30,18,5,34,0,0,0,884
5,2,3,1,42,0,0,0,283
5,2,3,1,42,0,0,0,131
5,2,3,1,42,0,0,0,465
4,2,2,1,42,0,0,0,158
25,14,11,4,55,1,0,0,711
56,21,35,3,55,0,0,0,1002
44,23,21,2,55,0,0,0,581
47,21,26,3,55,0,0,0,472
40,19,21,2,55,0,0,0,402
10,10,0,1,63,0,0,0,107
66,31,35,3,55,0,0,0,607
51,25,26,3,55,0,0,0,414
7,6,1,1,30,0,0,0,1360
17,7,10,3,14,0,0,0,82
35,18,17,2,54,0,0,0,679
6,1,5,1,26,0,0,0,749
13,8,5,2,26,0,0,0.00297619047619048,336
208,197,11,3,26,0,0,0.000831255195344971,1203
3,2,1,1,40,0,0,0,74
0,0,0,1,40,0,0,0,158
0,0,0,1,40,0,0,0,50
0,0,0,1,26,0,0,0,0
0,0,0,1,26,0,0,0,0
153,88,65,2,26,0,0,0,791
14,11,3,2,26,0,0,0,106
14,7,7,1,54,0,0,0,248
588,330,258,23,1,3,0,0,2654
5,4,1,1,86,0,0,0,145
29,13,16,2,65,0,0,0,240
4,3,1,1,86,0,0,0.00233644859813084,428
113,77,36,6,86,0,0,0,217
4,3,1,1,87,0,0,0,339
9,3,6,1,85,0,0,0,516
6,2,4,1,86,0,0,0,327
6,2,4,1,86,0,0,0,438
40,22,18,5,1,1,0,0,349
6,5,1,1,85,0,0,0,378
3,1,2,1,17,0,0,0,383
507,341,166,2,41,0,0,0,554
100,32,68,4,1,1,0,0,4146
4,1,3,1,89,0,0,0,283
241,181,60,7,20,0,0,0.000705218617771509,1418
15,13,2,2,39,0,0,0,358
56,22,34,7,40,0,0,0,1243
35,31,4,2,42,0,0,0,1645
185,170,15,2,41,0,0,0,3432
14,12,2,2,41,0,0,0,156
12,7,5,1,88,1,0,0,902
4,2,2,1,88,1,0,0,79
12,11,1,1,64,0,0,0,238
12,8,4,1,88,1,0,0,225
5,3,2,1,68,0,0,0,870
5,3,2,1,68,0,0,0,389
4,2,2,1,56,0,0,0,317
4,2,2,1,56,0,0,0,313
4,2,2,1,56,0,0,0,259
4,2,2,1,56,0,0,0,361
3,2,1,1,87,0,0,0,263
4,2,2,1,62,1,0,0,295
3,2,1,1,66,0,0,0,237
3,2,1,1,85,0,0,0,241
9,5,4,2,56,0,0,0,252
61,46,15,1,68,0,0,0,341
26,3,23,2,55,0,0,0,265
4,2,2,1,56,0,0,0,448
11,3,8,2,55,0,0,0,197
24,10,14,1,40,0,0,0,255
9,4,5,1,40,0,0,0,132
8,4,4,2,40,0,0,0,1401
6,3,3,1,86,0,0,0,1183
7,1,6,1,42,0,0,0,240
4,2,2,1,86,0,0,0,342
24,13,11,5,38,0,0,0,1085
7,4,3,2,20,0,0,0,975
26,14,12,4,20,0,0,0,3092
92,78,14,1,85,0,0,0.000661813368630046,1511
5,4,1,1,85,0,0,0,243
7,3,4,2,66,0,0,0,2735
4,2,2,1,86,0,0,0,920
90,29,61,2,29,0,0,0,1232
4,3,1,1,29,0,0,0,1105
3,1,2,1,40,0,0,0,10864
33,15,18,5,20,0,0,0,2470
3,1,2,1,66,0,0,0,1684
23,17,6,2,59,1,0,0.000382409177820268,2615
6,3,3,1,14,0,0,0,1015
3,1,2,1,81,0,0,0,972
10,8,2,1,75,1,0,0.000315059861373661,3174
8,4,4,1,14,0,0,0.000900900900900901,1110
35,22,13,3,59,2,0,0,612
3,1,2,1,81,0,0,0,740
3,2,1,1,81,0,0,0,629
44,13,31,1,14,0,0,0.00145772594752187,686
1092,324,768,2,13,0,0,0.00194931773879142,1026
97,22,75,5,55,0,0,0,3254
58,41,17,5,66,0,0,0.000364298724954463,2745
13,8,5,4,14,1,0,0.00355239786856128,563
11,4,7,2,55,0,0,0,556
103,47,56,5,42,2,0,0,4110
12,7,5,2,55,1,0,0,445
8,4,4,1,86,0,0,0,1478
30,14,16,3,66,0,0,0,9357
5,4,1,1,87,0,0,0,743
7,4,3,2,20,0,0,0,993
16,9,7,2,42,1,0,0,1378
123,115,8,3,65,0,0,0,1890
3,2,1,1,87,0,0,0,182
76,37,39,6,55,0,0,0,3185
12,8,4,3,55,0,0,0,1066
5,1,4,1,64,0,0,0,1200
4,3,1,1,64,0,0,0,176
99,48,51,6,55,0,0,0,1899
12,8,4,3,55,0,0,0,193
25,15,10,4,20,1,0,0,1620
7,2,5,2,42,0,0,0,294
4,2,2,1,56,0,0,0,1522
29,20,9,1,63,0,0,0,3243
3,2,1,1,63,0,0,0,178
65,28,37,1,29,0,0,0,2806
5,4,1,1,29,0,0,0,433
6,4,2,1,87,0,0,0,450
8,3,5,2,66,0,0,0,2353
5,4,1,1,85,0,0,0,134
33,20,13,3,38,0,0,0,2123
317,272,45,10,38,0,0,0,3469
80,78,2,2,49,0,0,0,1726
20,16,4,3,49,0,0,0,170
4,2,2,1,34,0,0,0,2841
13,5,8,1,65,0,0,0,355
46,11,35,1,65,0,0,0,289
16,6,10,1,65,0,0,0,89
253,105,148,3,65,0,0,0,1071
3,1,2,1,42,0,0,0,351
124,49,75,7,42,0,0,0,3325
9,5,4,2,42,0,0,0,252
28,12,16,5,27,1,0,0.000854335753951303,2341
104,43,61,9,55,1,0,0,2727
10,5,5,3,55,0,0,0,170
216,101,115,9,55,1,0,0,2917
18,10,8,3,55,0,0,0,183
195,91,104,9,9,1,0,0,3851
18,10,8,3,55,0,0,0,207
48,30,18,3,55,0,0,0,1408
6,3,3,2,55,0,0,0.00099009900990099,1010
81,23,58,3,55,1,0,0,5102
12,3,9,2,55,1,0,0,455
15,14,1,1,88,0,0,0,1164
4,3,1,1,88,0,0,0,46
18,1,17,1,42,0,0,0,2528
24,15,9,2,23,0,0,0.00067842605156038,2948
4,2,2,1,21,1,0,0,529
4,2,2,1,42,0,0,0,1040
4,2,2,1,86,0,0,0,521
173,42,131,2,65,0,0,0,1336
27,9,18,1,65,0,0,0,146
60,33,27,2,65,0,0,0,192
301,76,225,2,41,0,0,0,2091
3,1,2,1,64,0,0,0,329
228,90,138,10,40,1,0,0,2674
23,14,9,6,41,1,0,0,750
4,2,2,1,86,0,0,0,1441
63,32,31,2,55,0,0,0,512
21,19,2,1,87,0,0,0,194
14,6,8,4,39,0,0,0,1145
3,1,2,1,55,0,0,0,235
3,1,2,1,55,0,0,0,213
13,5,8,3,40,0,0,0,1821
72,18,54,1,65,0,0,0,404
79,34,45,3,62,0,0,0,194
5,3,2,1,73,1,0,0,276
14,4,10,1,65,0,0,0,104
49,47,2,1,86,0,0,0,305
57,55,2,1,86,0,0,0,392
92,62,30,3,56,1,0,0,873
130,127,3,2,86,1,0,0,494
48,46,2,1,86,0,0,0,283
77,64,13,1,86,0,0,0,338
6,4,2,1,62,0,0,0,2692
28,26,2,1,85,0,0,0,567
8,4,4,2,55,0,0,0,1968
72,32,40,3,41,0,0,0,1100
88,36,52,3,41,0,0,0,1355
377,206,171,9,50,0,0,0,2007
210,81,129,3,41,0,0,0,1835
13,4,9,2,41,0,0,0,116
55,32,23,3,41,0,0,0,1637
4,1,3,1,66,0,0,0,104
54,49,5,2,50,0,0,0,1171
4,3,1,1,50,0,0,0,77
258,126,132,13,50,0,0,0,4409
7,4,3,2,52,0,0,0,731
59,41,18,4,52,0,0,0,2440
5,3,2,1,87,0,0,0,3912
138,109,29,4,23,0,0,0,2103
6,5,1,1,24,0,0,0,265
94,38,56,4,50,0,0,0,1974
83,30,53,3,40,0,0,0,1564
5,2,3,1,41,0,0,0,1625
2,1,1,1,81,1,0,0,657
454,304,150,13,41,9,0,0,6170
119,101,18,6,41,4,0,0,3172
10,5,5,1,81,1,0,0,347
40,37,3,3,33,0,0,0,922
118,111,7,1,40,0,0,0,1731
20,11,9,2,12,0,0,0,344
105,68,37,3,50,0,0,0,2574
437,341,96,8,2,2,0,0,2392
22,19,3,1,28,0,0,0,241
9,8,1,1,28,0,0,0,118
43,18,25,3,55,0,0,0,1715
3,1,2,1,55,0,0,0,137
218,136,82,3,41,0,0,0,2134
6,3,3,2,41,0,0,0,152
10,6,4,3,9,0,0,0,467
0,0,0,1,18,0,0,0,388
0,0,0,1,18,0,0,0,22
3,1,2,1,55,0,0,0,212
3,1,2,1,66,0,0,0,2247
10,6,4,2,62,0,0,0.000415454923140839,2407
10,6,4,2,62,0,0,0,2057
23,2,21,1,66,0,0,0,208
23,20,3,1,89,0,0,0,245
5,3,2,1,64,1,0,0,275
3,1,2,1,66,0,0,0,1502
69,22,47,6,42,0,0,0,3721
6,2,4,2,42,0,0,0,2651
20,1,19,1,42,0,0,0,6336
6,2,4,2,42,0,0,0,5138
46,40,6,2,85,0,0,0,226
17,1,16,1,42,0,0,0,1913
3,1,2,1,42,0,0,0,230
4,2,2,1,86,0,0,0,875
55,28,27,2,66,0,0,0,579
18,1,17,1,42,0,0,0,4713
67,24,43,6,43,1,0,0,3260
3,1,2,1,55,0,0,0,423
8,4,4,2,43,0,0,0,9905
3,2,1,1,43,0,0,0,3605
3,1,2,1,66,0,0,0,2079
8,1,7,1,42,0,0,0,181
91,46,45,4,66,0,0,0,279
59,25,34,5,55,0,0,0,2110
3,1,2,1,55,0,0,0,150
59,25,34,5,55,0,0,0,2357
3,1,2,1,55,0,0,0,136
63,25,38,5,55,0,0,0.000171703296703297,5824
3,1,2,1,55,0,0,0.00326797385620915,306
46,24,22,3,5,1,0,0,3150
3,1,2,1,66,0,0,0,310
28,7,21,2,42,1,0,0,2108
3,1,2,1,66,0,0,0,316
11,5,6,2,66,0,0,0,2318
23,15,8,3,43,0,0,0,1185
19,1,18,1,42,0,0,0,410
43,38,5,2,65,0,0,0,186
48,18,30,3,42,1,0,0,2243
5,2,3,1,42,0,0,0,230
76,42,34,6,55,0,0,0,1806
3,1,2,1,55,0,0,0,92
17,1,16,1,42,0,0,0,2228
25,1,24,1,42,0,0,0,2113
16,11,5,2,66,0,0,0,160
47,45,2,1,89,0,0,0,261
6,1,5,1,55,0,0,0,259
30,2,28,1,66,0,0,0,204
4,2,2,1,64,1,0,0,271
1957,990,967,4,55,1,0,0,1450
450,216,234,2,57,1,0,0,271
41,34,7,3,62,0,0,0,2015
25,1,24,1,42,0,0,0,2892
5,2,3,1,42,0,0,0,238
20,1,19,1,42,0,0,0,1975
3,1,2,1,66,0,0,0,1908
6,5,1,1,59,1,0,0,1576
87,58,29,4,55,0,0,0,589
63,25,38,5,55,0,0,0,3358
3,1,2,1,55,0,0,0,202
75,38,37,5,43,1,0,0,344
7,4,3,2,20,0,0,0,2140
24,8,16,1,42,1,0,0,857
14,9,5,1,41,0,0,0,1672
49,19,30,2,55,0,0,0,1939
3,2,1,1,70,0,0,0,5109
43,21,22,2,55,0,0,0,1121
19,6,13,3,12,0,0,0,220
336,180,156,10,42,0,0,0.000345184673800483,2897
15,14,1,1,56,0,0,0,193
284,202,82,6,55,0,0,0.000794912559618442,1258
9,4,5,1,56,0,0,0,408
48,39,9,7,27,0,0,0,5648
142,131,11,7,27,0,0,0,20159
54,30,24,5,62,0,0,0,8958
7,5,2,1,62,0,0,0,92
13,7,6,4,55,0,0,0,264
66,46,20,3,37,1,0,0.00123762376237624,808
4,2,2,1,87,0,0,0,404
4,2,2,1,86,0,0,0,1168
4,2,2,1,5,1,0,0,647
3,1,2,1,66,0,0,0.00462962962962963,216
26,5,21,2,55,0,0,0,170
31,27,4,2,62,0,0,0,221
3,2,1,1,12,0,0,0,245
242,200,42,7,62,1,0,0,753
17,12,5,1,85,0,0,0,100
113,58,55,4,45,0,0,0,1934
6,3,3,2,45,0,0,0,407
6,3,3,1,65,0,0,0,1104
185,100,85,8,13,2,0,0.00260416666666667,384
0,0,0,1,36,0,0,0,0
6,3,3,1,65,0,0,0,1093
10,3,7,1,63,1,0,0,1189
22,16,6,1,63,1,0,0,420
8,4,4,1,63,1,0,0,436
13,4,9,1,63,1,0,0,196
10,4,6,1,63,1,0,0,881
34,24,10,1,63,1,0,0,469
81,65,16,2,63,1,0,0,2214
5,3,2,1,63,1,0,0,369
36,27,9,1,63,1,0,0,1056
30,8,22,4,55,1,0,0,3232
10,4,6,1,63,1,0,0,380
48,40,8,1,63,1,0,0,531
39,25,14,1,63,1,0,0,1537
97,52,45,4,55,1,0,0,921
81,65,16,3,58,1,0,0,1380
16,15,1,1,58,0,0,0,257
11,6,5,1,58,0,0,0,279
107,30,77,3,62,1,0,0,471
28,23,5,1,87,0,0,0,138
4,2,2,1,39,0,0,0,1198
22,11,11,3,39,0,0,0,3498
23,7,16,4,40,0,0,0,640
86,20,66,1,65,0,0,0,1307
23,5,18,1,65,0,0,0,361
33,7,26,1,65,0,0,0,445
33,7,26,1,65,0,0,0,461
43,9,34,1,65,0,0,0,704
11,3,8,1,65,0,0,0,128
39,8,31,1,65,0,0,0,479
33,7,26,1,65,0,0,0,399
14,4,10,1,65,0,0,0,313
46,4,42,1,30,0,0,0,1206
16,7,9,2,69,0,0,0,582
91,43,48,6,55,0,0,0,977
8,4,4,2,55,0,0,0,43
61,30,31,2,69,0,0,0,837
28,14,14,2,69,0,0,0,201
74,37,37,2,69,0,0,0,723
44,22,22,2,69,0,0,0,516
60,29,31,3,7,0,0,0,494
14,6,8,2,69,0,0,0,261
140,82,58,5,20,1,0,0.00023696682464455,4220
38,23,15,3,35,0,0,0,1409
6,3,3,1,86,0,0,0,1093
6,3,3,1,86,0,0,0,900
6,6,0,1,63,0,0,0,659
8,1,7,1,42,0,0,0,126
7,4,3,1,40,0,0,0,319
4,2,2,1,42,0,0,0,579
8,4,4,1,40,0,0,0,142
229,156,73,7,9,2,0,0.000247954376394743,4033
9,6,3,2,33,1,0,0,188
5,3,2,1,9,0,0,0,657
12,7,5,2,5,1,0,0,2341
33,19,14,5,5,1,0,0,1694
206,139,67,6,5,2,0,0,1595
22,19,3,1,41,1,0,0,243
19,9,10,2,5,0,0,0,1001
34,19,15,4,5,1,0,0,1277
21,10,11,2,5,0,0,0,1231
25,14,11,4,5,1,0,0,1509
36,20,16,7,2,1,0,0,2322
23,13,10,4,5,1,0,0,2221
23,13,10,4,5,1,0,0,2299
55,29,26,10,2,1,0,0,3522
23,13,10,4,5,1,0,0,2141
24,14,10,4,5,1,0,0,1643
22,12,10,4,5,1,0,0,2385
12,5,7,1,38,0,0,0,1039
24,14,10,4,5,1,0,0,1643
17,8,9,2,5,0,0,0,1569
44,25,19,5,5,1,0,0.000242836328314716,4118
3,2,1,1,66,0,0,0,400
19,10,9,2,5,0,0,0,2007
23,13,10,4,5,1,0,0,2599
3,1,2,1,38,0,0,0,439
165,67,98,6,4,1,0,0.000291630212890055,3429
8,3,5,2,55,0,0,0,145
3,1,2,1,38,0,0,0,366
30,15,15,2,75,1,0,0,3597
3,1,2,1,38,0,0,0,743
17,3,14,2,38,0,0,0,1602
4,1,3,1,38,0,0,0,1050
4,1,3,1,38,0,0,0,1204
3,1,2,1,38,0,0,0.00163132137030995,613
40,23,17,3,9,1,0,0,819
113,82,31,4,16,0,0,0,2527
11,5,6,3,9,1,0,0,1475
3,1,2,1,38,0,0,0,1258
3,1,2,1,38,0,0,0,1459
198,79,119,9,9,2,0,0.000287686996547756,3476
3,1,2,1,55,0,0,0,183
4,1,3,1,38,0,0,0,583
17,9,8,2,38,0,0,0,732
33,25,8,3,39,0,0,0,607
3,1,2,1,38,0,0,0,396
129,122,7,1,64,0,0,0,510
6,3,3,1,65,0,0,0,1156
3,1,2,1,38,0,0,0,655
37,36,1,1,41,1,0,0,454
16,8,8,3,9,1,0,0,468
3,1,2,1,38,0,0,0,641
3,1,2,1,38,0,0,0,1421
4,1,3,1,38,0,0,0,753
6,4,2,2,20,0,0,0,761
3,1,2,1,38,0,0,0,858
3,1,2,1,38,0,0,0,529
434,277,157,7,9,1,0,0,965
9,8,1,1,33,1,0,0,284
3,2,1,1,33,1,0,0,53
9,6,3,3,29,0,0,0,203
7,5,2,1,38,0,0,0,1474
69,58,11,9,9,0,0,0,3837
188,178,10,9,9,0,0,0,11709
15,11,4,2,39,0,0,0,1140
24,18,6,2,9,1,0,0,262
12,8,4,2,39,0,0,0,290
8,4,4,1,4,0,0,0,707
3,1,2,1,38,0,0,0,687
3,1,2,1,38,0,0,0,448
4,1,3,1,38,0,0,0,854
3,1,2,1,38,0,0,0.00102564102564103,975
4,1,3,1,38,0,0,0.00342465753424658,292
4,1,3,1,38,0,0,0,495
0,0,0,1,39,0,0,0.00278551532033426,359
292,206,86,10,9,3,0,0.000282725473565168,3537
179,151,28,4,23,1,0,0,732
16,8,8,2,38,0,0,0,503
5,1,4,1,38,0,0,0,860
0,0,0,1,39,0,0,0,0
3,1,2,1,55,0,0,0,79
621,521,100,2,6,0,0,0.000938086303939962,1066
13,5,8,3,40,0,0,0,1091
76,44,32,4,37,2,0,0,608
63,18,45,1,65,0,0,0,541
37,9,28,1,65,0,0,0,326
15,13,2,1,61,1,0,0,1203
8,3,5,1,65,0,0,0,85
41,14,27,1,65,0,0,0,472
16,8,8,2,52,0,0,0,111
20,10,10,2,52,0,0,0,1014
394,197,197,2,52,0,0,0,1017
16,8,8,2,52,0,0,0,67
8,4,4,2,52,0,0,0,874
96,48,48,2,52,0,0,0,1394
4,3,1,1,45,1,0,0,1366
8,2,6,1,54,0,0,0,740
20,14,6,2,4,0,0,0,827
364,234,130,5,59,0,0,0,391
6,3,3,1,73,0,0,0,646
5,3,2,1,1,1,0,0,529
9,7,2,2,36,0,0,0,729
25,7,18,1,40,0,0,0,305
13,12,1,1,38,0,0,0,285
76,3,73,2,55,0,0,0,250
35,30,5,2,39,0,0,0,2128
9,5,4,2,38,0,0,0,596
80,53,27,1,70,1,0,0,242
8,4,4,1,2,0,0,0,540
3,2,1,1,38,0,0,0,572
176,88,88,2,52,0,0,0,667
12,6,6,2,54,0,0,0,875
163,110,53,8,38,2,0,0,1440
33,4,29,1,42,0,0,0,114
8,5,3,2,36,0,0,0,1530
22,18,4,3,34,0,0,0,168
16,8,8,1,75,0,0,0.00112866817155756,886
9,5,4,2,4,0,0,0,425
9,5,4,2,38,0,0,0,1210
75,63,12,3,4,0,0,0.000706214689265537,1416
8,5,3,1,38,0,0,0,1326
37,21,16,1,38,0,0,0,933
15,9,6,2,40,1,0,0,1128
4,3,1,1,14,0,0,0,1001
184,92,92,2,52,0,0,0,278
316,158,158,2,52,0,0,0,231
8,4,4,1,53,0,0,0,740
45,26,19,4,52,0,0,0,2303
76,38,38,2,52,0,0,0,402
81,58,23,2,4,0,0,0,2614
1,1,0,2,54,0,0,0,596
162,81,81,2,52,0,0,0,270
12,6,6,2,52,0,0,0,60
178,89,89,2,52,0,0,0,551
8,4,4,2,52,0,0,0,146
8,4,4,2,52,0,0,0,291
4,2,2,1,39,0,0,0,222
148,74,74,2,52,0,0,0,1018
176,88,88,2,52,0,0,0,667
12,6,6,2,52,0,0,0,116
18,9,9,3,5,0,0,0,660
8,3,5,1,39,0,0,0,798
162,81,81,3,52,0,0,0,1857
46,45,1,1,41,0,0,0,1665
7,4,3,2,3,0,0,0,288
14,3,11,2,1,0,0,0.00043271311120727,2311
62,32,30,7,7,1,0,0.000868432479374729,2303
12,5,7,3,38,0,0,0,852
34,11,23,1,72,0,0,0,58
4,3,1,1,72,0,0,0,114
12,7,5,1,69,1,0,0,372
30,11,19,5,1,1,0,0,2935
7,3,4,2,1,0,0,0.0021978021978022,455
23,9,14,2,21,1,0,0,1239
12,7,5,1,69,1,0,0,488
28,14,14,1,39,1,0,0,870
18,14,4,2,41,0,0,0,478
132,112,20,4,41,1,0,0,358
19,14,5,2,41,0,0,0,78
12,6,6,2,35,0,0,0,2360
113,71,42,2,33,0,0,0,1034
40,39,1,1,49,1,0,0,5337
9,3,6,2,39,0,0,0,1191
1119,599,520,18,38,3,0,0.000313774709758393,6374
85,42,43,3,14,0,0,0,588
169,58,111,3,9,0,0,0,2231
12,3,9,2,26,0,0,0,2581
14,10,4,2,26,0,0,0,486
28,22,6,2,26,0,0,0,1042
51,30,21,7,9,0,0,0,1948
952,838,114,6,33,0,0,0,2971
60,45,15,2,38,0,0,0,196
133,123,10,2,38,0,0,0,425
23,16,7,1,71,1,0,0,1063
69,28,41,2,68,0,0,0,1519
12,8,4,3,4,0,0,0,417
149,104,45,6,4,0,0,0,1471
4,2,2,1,86,0,0,0,991
6,4,2,1,33,0,0,0,753
4,2,2,1,86,0,0,0,1701
4,2,2,1,86,0,0,0,1031
7,1,6,1,39,1,0,0,136
6,3,3,1,35,0,0,0,642
4,3,1,1,39,1,0,0,116
5,3,2,1,73,0,0,0,1112
3,2,1,1,39,0,0,0,811
3,2,1,1,39,0,0,0,294
4,2,2,1,64,1,0,0,346
6,3,3,1,67,0,0,0,2768
4,3,1,1,54,0,0,0,341
158,67,91,3,26,1,0,0,1178
14,13,1,1,4,0,0,0,597
14,8,6,2,34,0,0,0,477
123,95,28,1,49,0,0,0,1121
5,3,2,1,49,0,0,0,245
12,9,3,2,54,1,0,0,1751
8,2,6,2,26,0,0,0,666
52,23,29,4,32,0,0,0,2154
4,2,2,1,34,0,0,0,1184
11,7,4,1,54,0,0,0,527
12,9,3,1,9,1,0,0,131
69,53,16,4,33,0,0,0,4404
13,11,2,2,38,0,0,0,1208
91,83,8,3,22,1,0,0,1027
23,15,8,2,11,0,0,0,655
43,41,2,2,38,0,0,0,1322
6,3,3,1,11,0,0,0,121
3,2,1,1,25,1,0,0,2538
3,2,1,1,39,0,0,0,837
5,2,3,1,53,0,0,0,1497
17,14,3,2,39,0,0,0,3196
46,27,19,1,38,0,0,0,1974
5,4,1,1,54,0,0,0,187
161,139,22,2,25,0,0,0,507
52,49,3,1,54,0,0,0,229
4,2,2,1,17,0,0,0,76
4,2,2,1,59,0,0,0,146
6,3,3,1,86,0,0,0,684
22,11,11,3,52,0,0,0,249
8,4,4,1,53,0,0,0,2872
28,14,14,3,52,0,0,0,1903
4,2,2,1,86,0,0,0,725
440,220,220,2,52,0,0,0,3256
8,4,4,2,52,0,0,0,801
60,30,30,2,52,0,0,0,190
168,84,84,2,52,0,0,0,1537
2,1,1,1,39,0,0,0,220
19,7,12,3,52,1,0,0,298
51,20,31,1,81,0,0,0,107
18,3,15,1,81,0,0,0,148
18,9,9,3,58,1,0,0,123
246,129,117,5,53,1,0,0,2056
12,6,6,2,58,0,0,0,110
90,43,47,6,52,2,0,0,893
316,158,158,3,52,1,0,0,788
331,160,171,15,39,0,0,0.000458926112895824,2179
10,5,5,1,63,0,0,0,824
14,7,7,2,35,0,0,0,636
8,4,4,2,60,0,0,0,569
323,234,89,7,42,3,0,0,2533
71,60,11,3,39,0,0,0,495
99,60,39,5,20,0,0,0,1302
19,11,8,6,20,3,0,0,643
162,76,86,13,38,1,0,0,1576
11,5,6,3,50,0,0,0,82
8,4,4,1,63,0,0,0,790
208,99,109,9,19,1,0,0,2150
72,36,36,4,40,1,0,0,361
25,24,1,1,31,0,0,0,384
10,9,1,1,40,0,0,0,688
3,2,1,1,62,0,0,0,222
37,14,23,6,39,0,0,0,165
10,2,8,1,42,0,0,0,50
11,6,5,1,38,0,0,0,128
10,5,5,1,36,0,0,0,395
5,4,1,1,4,0,0,0,452
6,3,3,1,53,0,0,0,241
3,2,1,1,57,0,0,0,78
19,9,10,1,36,0,0,0,179
4,3,1,1,14,0,0,0,235
8,7,1,1,38,0,0,0,123
5,3,2,1,38,0,0,0,326
12,6,6,2,52,0,0,0,116
16,9,7,2,4,0,0,0,693
20,14,6,2,4,0,0,0,1543
6,4,2,1,74,0,0,0,1002
5,2,3,1,13,0,0,0,220
30,11,19,5,41,0,0,0,356
3,2,1,1,4,0,0,0,152
264,48,216,2,36,0,0,0,1348
778,389,389,2,52,0,0,0,426
24,12,12,2,52,0,0,0,161
8,4,4,1,39,0,0,0,1070
16,8,8,2,52,0,0,0,201
50,24,26,3,39,0,0,0,1080
409,204,205,4,39,0,0,0,1349
24,12,12,2,52,0,0,0,204
12,6,6,2,52,0,0,0,1582
410,205,205,2,52,0,0,0,544
12,6,6,2,52,0,0,0,67
12,6,6,2,52,0,0,0,245
164,82,82,2,52,0,0,0,295
49,24,25,1,73,0,0,0,370
18,9,9,2,52,0,0,0,155
6,3,3,1,39,0,0,0,1185
62,31,31,4,39,0,0,0,2007
6,3,3,1,86,0,0,0,180
19,10,9,1,67,0,0,0,927
71,43,28,1,33,0,0,0,4041
4,2,2,1,86,0,0,0,1466
12,6,6,1,36,0,0,0,1062
3,2,1,1,65,1,0,0,1835
125,70,55,4,36,1,0,0,2134
10,3,7,1,11,0,0,0,119
14,3,11,1,11,0,0,0,107
79,27,52,3,11,1,0,0.000434027777777778,2304
28,14,14,4,11,2,0,0,1099
23,22,1,1,11,0,0,0,71
13,8,5,1,11,0,0,0,1171
6,4,2,1,73,1,0,0,745
41,25,16,2,11,1,0,0,1209
13,2,11,1,11,0,0,0,44
194,88,106,2,11,1,0,0.000579038795599305,1727
4,2,2,1,11,0,0,0,75
2,2,0,1,44,0,0,0,932
0,0,0,1,3,0,0,0,0
0,0,0,1,3,0,0,0,0
55,47,8,2,54,0,0,0,291
17,16,1,1,33,0,0,0,1143
4,3,1,1,33,0,0,0,425
6,3,3,1,3,0,0,0,837
9,5,4,2,4,1,0,0,1142
8,3,5,1,39,1,0,0,489
4,2,2,1,1,0,0,0,192
1093,64,1029,9,1,4,0,0,2682
18,10,8,4,1,1,0,0,268
49,19,30,4,3,2,0,0,1251
0,0,0,1,17,1,0,0,21
9,6,3,1,9,1,0,0,206
3,2,1,1,4,1,0,0,473
4,2,2,1,3,0,0,0,570
55,42,13,3,4,0,0,0,745
43,42,1,1,39,1,0,0,957
3,2,1,1,39,1,0,0,76
4,2,2,1,4,0,0,0,330
8,4,4,1,89,0,0,0,107
4,2,2,1,83,0,0,0,61
54,31,23,1,10,1,0,0,225
4,1,3,1,68,0,0,0,1480
9,5,4,1,59,0,0,0,2047
23,14,9,1,82,0,0,0,220
16,9,7,2,10,1,0,0,366
12,10,2,1,20,0,0,0,78
4,3,1,1,20,0,0,0,107
9,4,5,2,24,0,0,0,420
2,1,1,1,84,1,0,0,566
43,25,18,1,71,1,0,0,323
9,7,2,1,7,0,0,0,334
32,16,16,1,55,0,0,0,1021
4,2,2,1,55,0,0,0,43
29,14,15,1,55,0,0,0,176
72,36,36,1,55,0,0,0,663
27,13,14,1,55,0,0,0,281
70,35,35,1,55,0,0,0,634
60,30,30,1,55,0,0,0,229
30,15,15,1,55,0,0,0,425
8,4,4,1,55,0,0,0,55
16,8,8,1,55,0,0,0,196
9,1,8,1,10,0,0,0,821
22,11,11,4,42,1,0,0.00418410041841004,239
16,9,7,3,31,2,0,0.00254452926208651,786
3,1,2,1,73,0,0,0,94
3,1,2,1,73,0,0,0.00666666666666667,150
795,384,411,11,6,2,1,0.00569476082004556,878
90,39,51,5,16,1,0,0.00150602409638554,664
80,49,31,3,9,0,0,0.0072463768115942,138
22,20,2,2,17,1,0,0,296
4,3,1,1,17,0,0,0.00628140703517588,796
7,6,1,1,17,0,0,0.00204081632653061,490
163,81,82,6,4,2,1,0.00502008032128514,996
20,8,12,3,5,0,0,0.00301204819277108,332
90,63,27,4,35,2,0,0.00246913580246914,405
195,114,81,9,6,1,0,0.0164835164835165,182
121,56,65,6,16,2,0,0.00346020761245675,867
171,110,61,3,9,0,0,0.00233100233100233,429
51,33,18,3,6,0,0,0.000940733772342427,1063
6,3,3,1,49,1,0,0,789
456,213,243,10,9,3,0,0.00221238938053097,2260
70,35,35,4,8,1,0,0.00113960113960114,1755
512,241,271,14,9,7,0,0.00186046511627907,2150
308,184,124,8,6,1,0,0.00196463654223969,1527
62,52,10,2,49,1,0,0,356
109,70,39,5,6,1,0,0.00543478260869565,1104
7,4,3,2,6,0,0,0.0487804878048781,41
12,7,5,3,17,1,0,0.00183150183150183,546
6,3,3,3,17,1,0,0.0294117647058824,34
10,6,4,3,17,1,0,0.0151515151515152,132
6,3,3,3,17,1,0,0.00546448087431694,183
9,8,1,3,17,1,0,0.00696864111498258,287
2,2,0,2,17,1,0,0.0050761421319797,197
204,112,92,4,17,1,0,0.00190839694656489,524
2,2,0,2,17,1,0,0.0113636363636364,88
135,82,53,8,5,3,0,0.00136986301369863,730
61,35,26,5,35,3,0,0,1161
8,4,4,3,40,0,0,0,0
0,0,0,1,40,0,0,0,0
9,7,2,1,2,0,0,0,290
268,236,32,1,2,0,0,0,1413
61,1,60,1,11,0,0,0,1169
139,79,60,2,2,0,0,0,568
15,8,7,2,2,0,0,0,141
17,10,7,1,21,0,0,0,972
48,43,5,1,2,0,0,0,165
5,3,2,1,17,0,0,0,134
25,14,11,1,81,0,0,0,253
241,137,104,2,68,2,0,0,2005
71,15,56,2,54,0,0,0,342
6,1,5,1,54,0,0,0,1041
12,4,8,2,12,1,0,0,561
1124,74,1050,11,5,3,0,0,2047
15,8,7,4,12,1,0,0,276
54,21,33,4,12,2,0,0,1253
0,0,0,1,17,1,0,0,21
4,2,2,1,54,0,0,0,582
17,8,9,2,12,1,0,0,637
53,27,26,1,61,0,0,0,219
52,27,25,1,61,0,0,0,747
52,27,25,1,61,0,0,0,505
52,27,25,1,61,0,0,0,1054
53,27,26,1,61,0,0,0,624
52,27,25,1,61,0,0,0,170
52,27,25,1,61,0,0,0,248
53,27,26,1,61,0,0,0,513
52,27,25,1,61,0,0,0,110
52,27,25,1,61,0,0,0,954
52,27,25,1,61,0,0,0,167
52,27,25,1,61,0,0,0,500
52,27,25,1,61,0,0,0,165
60,29,31,1,61,0,0,0,705
0,0,0,1,15,0,0,0,0
18,7,11,2,15,0,0,0,0
0,0,0,1,15,0,0,0,0
0,0,0,1,15,0,0,0,0
0,0,0,1,3,0,0,0,0
33,28,5,1,40,0,0,0,153
8,7,1,1,40,0,0,0,51
8,4,4,1,62,0,0,0,647
4,2,2,1,89,0,0,0,576
6,3,3,1,62,0,0,0,362
31,28,3,1,89,0,0,0,219
7,6,1,1,62,0,0,0,563
10,5,5,1,62,0,0,0,356
20,18,2,1,62,0,0,0,703
122,104,18,5,4,1,0,0,830
4,3,1,1,89,0,0,0,29
35,34,1,1,62,0,0,0,314
0,0,0,1,62,0,0,0,140
13,11,2,2,62,0,0,0,96
41,26,15,1,88,1,0,0.000279095729835334,3583
4,2,2,1,31,0,0,0,163
7,4,3,1,31,0,0,0,85
12,6,6,1,31,0,0,0,136
3,2,1,1,26,0,0,0.00141776937618147,2116
5,3,2,1,54,0,0,0,165
3,2,1,1,62,0,0,0,303
11,9,2,2,42,0,0,0,454
52,42,10,4,40,1,0,0,597
25,20,5,3,40,1,0,0,178
26,15,11,3,40,1,0,0,112
5,3,2,2,40,0,0,0,157
5,3,2,2,40,0,0,0,162
632,587,45,4,4,2,0,0,2192
31,27,4,3,4,2,0,0,143
79,66,13,2,38,0,0,0.00111731843575419,895
14,11,3,2,38,0,0,0.00980392156862745,102
11,6,5,2,53,1,0,0,1872
3,2,1,1,62,0,0,0,1181
54,48,6,2,20,1,0,0.000529941706412295,1887
28,20,8,2,61,0,0,0,74
23,21,2,2,62,0,0,0.00051440329218107,1944
8,6,2,2,62,0,0,0.00819672131147541,122
4,3,1,1,62,0,0,0,138
26,24,2,2,40,0,0,0.000718907260963336,1391
3,2,1,1,40,0,0,0.00657894736842105,152
10,9,1,1,42,0,0,0,653
121,22,99,1,40,0,0,0.00249791840133222,1201
29,23,6,3,32,1,0,0.000588581518540318,1699
3,2,1,1,40,0,0,0.00574712643678161,174
220,122,98,1,40,0,0,0.000629722921914358,1588
4,2,2,1,40,0,0,0.00775193798449612,129
102,46,56,6,9,1,0,0.000453926463912846,2203
13,7,6,4,62,0,0,0,462
70,62,8,4,62,0,0,0,1332
4,2,2,1,62,0,0,0,184
10,6,4,4,52,2,0,0,162
134,101,33,9,4,1,0,0,2243
13,9,4,1,62,0,0,0,745
18,9,9,5,62,0,0,0,245
4,2,2,1,62,0,0,0,265
117,82,35,9,26,0,0,0.00131492439184747,1521
6,5,1,1,62,0,0,0,182
30,21,9,4,26,0,0,0,1259
3,2,1,1,26,0,0,0,72
7,5,2,2,40,0,0,0,1852
21,14,7,5,40,0,0,0,2199
4,2,2,1,62,0,0,0,92
4,2,2,1,62,0,0,0,29
4,2,2,1,85,0,0,0,3
15,5,10,2,3,0,0,0,918
0,0,0,1,14,0,0,0,0
0,0,0,1,14,0,0,0,0
0,0,0,1,14,0,0,0,0
0,0,0,1,14,0,0,0,0
0,0,0,1,14,0,0,0,0
0,0,0,1,14,0,0,0,0
0,0,0,1,14,0,0,0,0
0,0,0,1,14,0,0,0,0
0,0,0,1,14,0,0,0,0
0,0,0,1,14,0,0,0,0
0,0,0,1,14,0,0,0,0
0,0,0,1,14,0,0,0,0
0,0,0,1,14,0,0,0,0
0,0,0,1,14,0,0,0,0
0,0,0,1,14,0,0,0,0
0,0,0,1,14,0,0,0,0
0,0,0,1,14,0,0,0,0
0,0,0,1,14,0,0,0,0
0,0,0,1,14,0,0,0,0
0,0,0,1,14,0,0,0,0
0,0,0,1,14,0,0,0,0
0,0,0,1,14,0,0,0,0
0,0,0,1,14,0,0,0,0
0,0,0,1,14,0,0,0,0
0,0,0,1,14,0,0,0,0
0,0,0,1,14,0,0,0,0
0,0,0,1,14,0,0,0,0
0,0,0,1,14,0,0,0,0
0,0,0,1,14,0,0,0,0
0,0,0,1,14,0,0,0,0
0,0,0,1,14,0,0,0,0
0,0,0,1,14,0,0,0,0
0,0,0,1,14,0,0,0,0
0,0,0,1,14,0,0,0,0
0,0,0,1,14,0,0,0,0
0,0,0,1,14,0,0,0,0
0,0,0,1,14,0,0,0,0
0,0,0,1,14,0,0,0,0
4,2,2,1,39,0,0,0,370
10,5,5,1,4,0,0,0,1882
4,2,2,1,81,0,0,0,94
8,2,6,1,81,0,0,0,98
26,9,17,1,81,0,0,0,200
9,4,5,1,81,0,0,0,67
6,2,4,1,81,0,0,0,125
4,2,2,1,81,0,0,0,125
5,2,3,1,81,0,0,0,105
11,5,6,1,81,0,0,0,74
17,14,3,2,13,0,0,0,1019
119,56,63,1,17,0,0,0,653
28,14,14,1,70,1,0,0,431
351,250,101,4,14,0,0,0.00201612903225806,496
5,3,2,1,82,0,0,0,72
4,2,2,1,82,1,0,0,258
0,0,0,1,9,0,0,0,58
7,6,1,1,12,0,0,0,134
7,4,3,1,82,0,0,0,75
22,13,9,1,3,1,0,0,150
4,2,2,1,82,1,0,0,223
10,5,5,2,16,0,0,0.00671140939597315,149
7,6,1,1,82,1,0,0,62
7,5,2,2,36,0,0,0.00176991150442478,565
71,62,9,2,36,0,0,0,191
35,24,11,3,3,1,0,0,1119
10,5,5,2,16,0,0,0.00843881856540084,237
7,5,2,2,9,0,0,0,276
19,5,14,1,51,1,0,0,319
78,59,19,5,16,1,0,0.00212539851222104,941
35,28,7,4,23,0,0,0.00208768267223382,479
38,1,37,1,82,0,0,0,190
60,32,28,6,14,1,0,0.00185873605947955,538
44,43,1,1,54,0,0,0.00537634408602151,558
31,23,8,1,74,0,0,0,103
318,72,246,7,14,1,0,0.00209643605870021,477
58,35,23,9,3,2,0,0.00148075024679171,2026
0,0,0,1,51,1,0,0,97
19,15,4,2,51,1,0,0,496
72,27,45,4,16,1,0,0.00206043956043956,1456
8,6,2,2,51,0,0,0.000535905680600214,1866
41,25,16,5,9,0,0,0.00103092783505155,970
63,25,38,2,18,0,0,0,201
0,0,0,1,39,0,0,0,0
0,0,0,1,39,0,0,0,0
0,0,0,1,39,0,0,0,0
0,0,0,1,39,0,0,0,0
0,0,0,1,39,0,0,0,0
0,0,0,1,39,0,0,0,0
0,0,0,1,39,0,0,0,0
0,0,0,1,39,0,0,0,0
0,0,0,1,39,0,0,0,0
0,0,0,1,39,0,0,0,0
0,0,0,1,39,0,0,0,0
0,0,0,1,39,0,0,0,0
0,0,0,1,39,0,0,0,0
0,0,0,1,39,0,0,0,0
0,0,0,1,39,0,0,0,0
0,0,0,1,39,0,0,0,0
0,0,0,1,39,0,0,0,0
0,0,0,1,39,0,0,0,0
0,0,0,1,39,0,0,0,0
0,0,0,1,39,0,0,0,0
0,0,0,1,39,0,0,0,0
0,0,0,1,39,0,0,0,0
0,0,0,1,39,0,0,0,0
0,0,0,1,39,0,0,0,0
0,0,0,1,39,0,0,0,0
0,0,0,1,39,0,0,0,0
0,0,0,1,39,0,0,0,0
0,0,0,1,39,0,0,0,0
0,0,0,1,39,0,0,0,0
0,0,0,1,39,0,0,0,0
0,0,0,1,39,0,0,0,0
0,0,0,1,39,0,0,0,0
0,0,0,1,39,0,0,0,0
0,0,0,1,39,0,0,0,0
0,0,0,1,39,0,0,0,0
0,0,0,1,39,0,0,0,0
0,0,0,1,39,0,0,0,0
0,0,0,1,39,0,0,0,0
0,0,0,1,39,0,0,0,0
0,0,0,1,39,0,0,0,0
0,0,0,1,39,0,0,0,0
0,0,0,1,39,0,0,0,0
0,0,0,1,39,0,0,0,0
0,0,0,1,39,0,0,0,0
0,0,0,1,39,0,0,0,0
0,0,0,1,39,0,0,0,0
0,0,0,1,39,0,0,0,0
0,0,0,1,39,0,0,0,0
0,0,0,1,39,0,0,0,0
0,0,0,1,39,0,0,0,0
0,0,0,1,39,0,0,0,0
0,0,0,1,39,0,0,0,0
0,0,0,1,39,0,0,0,0
0,0,0,1,39,0,0,0,0
0,0,0,1,14,0,0,0,0
0,0,0,1,14,0,0,0,0
0,0,0,1,14,0,0,0,0
0,0,0,1,14,0,0,0,0
0,0,0,1,14,0,0,0,0
0,0,0,1,14,0,0,0,0
0,0,0,1,14,0,0,0,0
21,12,9,2,69,0,0,0,178
15,13,2,1,38,0,0,0,583
20,10,10,1,17,0,0,0,195
6,3,3,1,53,0,0,0,490
0,0,0,1,88,0,0,0,0
0,0,0,1,88,0,0,0,0
497,469,28,2,85,0,0,0,540
0,0,0,1,88,0,0,0,0
0,0,0,1,88,0,0,0,0
0,0,0,1,88,0,0,0,0
0,0,0,1,88,0,0,0,0
0,0,0,1,88,0,0,0,0
0,0,0,1,88,0,0,0,0
0,0,0,1,88,0,0,0,0
0,0,0,1,88,0,0,0,0
0,0,0,1,88,0,0,0,0
0,0,0,1,88,0,0,0,0
0,0,0,1,88,0,0,0,0
0,0,0,1,88,0,0,0,0
0,0,0,1,88,0,0,0,0
0,0,0,1,88,0,0,0,0
0,0,0,1,88,0,0,0,0
0,0,0,1,88,0,0,0,0
0,0,0,1,88,0,0,0,0
0,0,0,1,88,0,0,0,0
0,0,0,1,88,0,0,0,0
0,0,0,1,88,0,0,0,0
0,0,0,1,88,0,0,0,0
0,0,0,1,88,0,0,0,0
0,0,0,1,88,0,0,0,0
12,6,6,1,60,0,0,0,937
10,5,5,1,60,0,0,0,1524
4,2,2,1,60,0,0,0,817
4,2,2,1,8,0,0,0,957
8,4,4,2,8,0,0,0,342
4,2,2,1,3,0,0,0,481
19,13,6,3,21,0,0,0,3359
4,2,2,1,60,0,0,0,785
4,2,2,1,87,0,0,0,739
47,30,17,2,17,0,0,0.000591366055588409,3382
7,5,2,1,10,0,0,0,1398
17,10,7,2,17,0,0,0.000707714083510262,2826
9,8,1,1,17,0,0,0.00334448160535117,299
4,2,2,1,8,0,0,0,143
4,2,2,1,8,0,0,0,461
36,20,16,1,58,0,0,0,300
4,1,3,1,58,0,0,0,58
4,2,2,1,60,0,0,0,309
4,2,2,1,60,0,0,0,620
10,5,5,1,31,0,0,0,511
48,42,6,1,36,1,0,0,313
4,2,2,1,53,0,0,0,4396
331,209,122,10,24,0,0,0,840
73,41,32,6,24,0,0,0,380
120,87,33,4,24,0,0,0,401
44,34,10,4,24,0,0,0,91
6,3,3,2,37,0,0,0,276
0,0,0,1,38,0,0,0,55
0,0,0,1,38,0,0,0,219
20,14,6,4,37,0,0,0,387
4,1,3,2,38,0,0,0,325
10,5,5,3,37,1,0,0,409
8,4,4,3,37,0,0,0,226
4,2,2,2,37,0,0,0,297
4,2,2,2,37,0,0,0,225
0,0,0,1,38,0,0,0,35
8,4,4,2,37,0,0,0.00269541778975741,371
8,4,4,3,37,1,0,0,124
6,3,3,2,37,0,0,0,143
4,2,2,2,37,0,0,0,286
6,4,2,1,13,1,0,0,255
136,82,54,3,13,0,0,0.00237529691211401,421
4,2,2,1,13,1,0,0.000794912559618442,1258
12,6,6,1,61,0,0,0,3175
3,2,1,1,13,0,0,0.00324675324675325,308
121,37,84,1,61,0,0,0,250
0,0,0,1,61,0,0,0,160
0,0,0,1,61,0,0,0,48
159,69,90,2,6,0,0,0,366
14,4,10,2,13,0,0,0,505
53,24,29,1,61,0,0,0,525
4,2,2,1,61,0,0,0,540
75,60,15,4,41,0,0,0,1283
16,14,2,1,59,0,0,0,159
0,0,0,1,59,0,0,0,351
27,13,14,2,59,0,0,0,423
46,23,23,1,61,0,0,0,539
60,32,28,2,58,0,0,0,317
16,7,9,2,58,0,0,0,57
8,3,5,1,61,0,0,0,306
235,104,131,4,12,0,0,0,1352
162,110,52,3,6,0,0,0,702
218,148,70,2,6,1,0,0,841
24,14,10,2,6,1,0,0,144
250,164,86,4,6,3,0,0,575
10,9,1,1,6,0,0,0,233
12,6,6,1,61,0,0,0,742
43,11,32,3,25,0,0,0.00245700245700246,407
90,28,62,2,6,0,0,0.00192678227360308,519
12,3,9,2,6,0,0,0.0050251256281407,199
4,1,3,1,60,0,0,0,304
86,16,70,4,6,0,0,0.00158478605388273,631
27,24,3,1,39,0,0,0,381
26,26,0,1,39,0,0,0,59
8,1,7,1,38,0,0,0,169
0,0,0,1,39,0,0,0,0
0,0,0,1,39,0,0,0,0
0,0,0,1,39,0,0,0,0
25,24,1,1,39,0,0,0,49
29,28,1,1,39,0,0,0,46
15,11,4,1,38,0,0,0,497
16,9,7,1,38,0,0,0,1033
111,51,60,1,38,0,0,0,1712
16,14,2,1,38,0,0,0,88
181,143,38,1,38,0,0,0,906
7,3,4,1,38,1,0,0,363
27,13,14,1,40,1,0,0,991
620,284,336,1,40,1,0,0,412
96,46,50,1,40,1,0,0,52
8,4,4,1,40,1,0,0,971
108,78,30,2,38,0,0,0,2304
17,15,2,1,38,0,0,0,540
22,2,20,1,39,0,0,0,583
29,22,7,2,38,1,0,0,1103
3,2,1,1,38,1,0,0,813
6,3,3,1,40,0,0,0,412
31,19,12,2,35,0,0,0,1118
8,0,8,1,71,0,0,0,193
0,0,0,1,71,0,0,0,211
4,3,1,1,38,1,0,0,509
14,1,13,1,71,0,0,0,467
12,1,11,1,71,0,0,0,1068
82,47,35,1,71,0,0,0,1064
10,10,0,1,71,0,0,0,1029
2,0,2,1,71,0,0,0,583
2,0,2,1,71,0,0,0,1569
36,20,16,1,58,0,0,0,428
4,1,3,1,58,0,0,0,69
22,11,11,2,18,1,0,0,1571
47,25,22,1,71,0,0,0,799
7,2,5,1,71,0,0,0,572
17,15,2,1,71,1,0,0,1210
3,2,1,1,71,1,0,0,236
8,4,4,1,71,0,0,0,148
35,28,7,1,71,1,0,0,1686
10,7,3,1,71,1,0,0,982
8,5,3,1,37,0,0,0,1283
36,20,16,1,58,0,0,0,339
4,1,3,1,58,0,0,0,69
4,2,2,1,60,0,0,0,272
4,2,2,1,60,0,0,0,317
13,7,6,1,18,1,0,0,1545
4,2,2,1,60,0,0,0,888
4,3,1,1,37,0,0,0,597
6,3,3,1,31,0,0,0,1175
11,8,3,1,37,0,0,0.00078740157480315,1270
53,42,11,1,57,0,0,0.0013262599469496,754
26,15,11,2,30,0,0,0,731
4,2,2,1,7,0,0,0,83
6,3,3,2,5,0,0,0,394
6,3,3,1,30,0,0,0,144
2,1,1,1,5,0,0,0,148
2,1,1,1,5,0,0,0,677
19,9,10,4,4,2,0,0.00132978723404255,752
0,0,0,1,5,0,0,0,217
0,0,0,1,5,0,0,0,127
0,0,0,1,5,0,0,0,88
14,6,8,2,5,1,0,0,256
0,0,0,1,5,0,0,0,93
0,0,0,1,5,0,0,0,103
2,1,1,1,5,0,0,0,306
2,1,1,1,5,0,0,0,125
0,0,0,1,5,0,0,0,62
0,0,0,1,5,0,0,0,234
0,0,0,1,5,0,0,0,282
31,23,8,2,30,1,0,0,381
6,3,3,2,5,0,0,0,107
2,1,1,1,5,0,0,0,463
6,3,3,2,5,0,0,0,824
2,1,1,1,5,0,0,0,102
66,50,16,4,5,2,0,0.000544662309368192,1836
4,2,2,1,5,0,0,0,582
0,0,0,1,5,0,0,0,71
40,32,8,4,30,0,0,0,1110
0,0,0,1,5,0,0,0,130
7,6,1,1,30,0,0,0,637
0,0,0,1,5,0,0,0,252
39,30,9,5,5,1,0,0.00203873598369011,981
0,0,0,1,5,0,0,0,181
2,1,1,1,5,0,0,0,588
0,0,0,1,5,0,0,0.00275482093663912,363
3,2,1,1,7,0,0,0,96
110,57,53,2,7,0,0,0,308
12,6,6,2,4,0,0,0,242
0,0,0,1,5,0,0,0,171
0,0,0,1,5,0,0,0,249
2,1,1,1,5,0,0,0,187
0,0,0,1,5,0,0,0,182
2,1,1,1,5,0,0,0,173
37,32,5,2,8,0,0,0,480
0,0,0,1,5,0,0,0,127
0,0,0,1,5,0,0,0,110
0,0,0,1,5,0,0,0,186
4,2,2,1,30,0,0,0,327
2,1,1,1,5,0,0,0,405
68,48,20,3,30,1,0,0,810
4,2,2,1,30,0,0,0,502
0,0,0,1,5,0,0,0,143
20,3,17,1,7,0,0,0,120
133,64,69,2,61,0,0,0,672
16,6,10,1,17,0,0,0,413
12,6,6,1,81,0,0,0,492
10,5,5,1,81,0,0,0,1687
23,13,10,3,64,0,0,0,802
6,3,3,1,77,1,0,0,501
36,20,16,1,58,0,0,0,275
4,1,3,1,58,0,0,0,46
21,13,8,2,6,0,0,0,647
8,7,1,1,20,0,0,0.000618811881188119,3232
4,2,2,1,60,0,0,0.000734753857457752,1361
3,2,1,1,6,0,0,0.00105263157894737,950
18,9,9,1,67,0,0,0,253
40,22,18,2,57,0,0,0,318
4,1,3,1,58,0,0,0,57
4,2,2,1,63,1,0,0,278
17,12,5,1,23,0,0,0.0026525198938992,377
2,1,1,1,23,0,0,0,167
2,1,1,1,23,0,0,0,959
82,61,21,1,23,0,0,0,590
25,19,6,1,54,1,0,0.00185185185185185,540
4,2,2,1,23,0,0,0,602
23,13,10,1,23,0,0,0,110
616,289,327,5,3,2,0,0,850
4,2,2,1,23,0,0,0,171
24,12,12,1,23,0,0,0,100
172,97,75,1,23,0,0,0,418
103,72,31,3,3,0,0,0,295
329,194,135,2,3,0,0,0,745
41,19,22,2,23,0,0,0,228
7,2,5,2,23,0,0,0,45
1500,173,1327,2,23,1,0,0,377
0,0,0,1,23,0,0,0,0
0,0,0,1,23,0,0,0,0
7,4,3,2,4,0,0,0,818
11,6,5,2,4,0,0,0,890
115,74,41,1,23,0,0,0,576
105,57,48,1,23,0,0,0,1182
131,29,102,1,23,0,0,0,323
405,276,129,1,23,0,0,0,1191
340,208,132,4,3,1,0,0,1066
4,2,2,1,23,0,0,0,716
216,105,111,1,23,0,0,0,519
5,3,2,1,42,1,0,0,1252
4,2,2,1,17,0,0,0,1302
14,7,7,3,17,1,0,0,2112
8,4,4,1,42,0,0,0,763
47,36,11,1,42,1,0,0,347
4,2,2,1,42,1,0,0,403
24,16,8,3,42,1,0,0,803
3,2,1,1,72,0,0,0,710
4,2,2,1,89,0,0,0,228
180,90,90,2,14,0,0,0,1100
60,40,20,1,74,0,0,0,1820
5,3,2,1,89,0,0,0,586
25,22,3,2,23,0,0,0,195
6,5,1,1,41,0,0,0,523
13,7,6,1,49,0,0,0,1172
6,1,5,1,21,0,0,0,213
