CODECHURN,LOCADDED,LOCDELETED,REVISIONS,AGE,BUGFIXES,REFACTORINGS,ERROR_DENSITY,LOC
14,13,1,1,49,0,0,0,271
4,2,2,1,53,0,0,0,929
7,5,2,1,56,1,0,0,1327
10,5,5,2,0,1,0,0,984
9,7,2,1,0,1,0,0,749
4,2,2,1,0,1,0,0,266
4,2,2,1,0,1,0,0,420
147,144,3,1,29,1,0,0,1157
20,17,3,2,43,0,0,0,309
6,3,3,1,21,0,0,0,1882
4,3,1,1,46,0,0,0,127
7,4,3,1,86,0,0,0,153
4,2,2,1,9,0,0,0,661
4,2,2,1,9,0,0,0,112
4,2,2,1,9,0,0,0,580
4,2,2,1,9,0,0,0,292
5,4,1,1,19,0,0,0,57
5,1,4,1,19,0,0,0,523
26,11,15,1,53,0,0,0,2620
4,4,0,1,84,0,0,0,11204
18,15,3,2,7,0,0,0,6487
5,2,3,2,7,0,0,0,969
2,2,0,1,20,0,0,0,7969
2,0,2,1,11,0,0,0,1552
203,128,75,1,15,0,0,0,10858
87,36,51,2,7,0,0,0,84
0,0,0,1,15,0,0,0,23
2,1,1,1,8,0,0,0,19174
2,1,1,2,20,0,0,0,333
24,24,0,2,23,0,0,0,185
3,3,0,1,10,0,0,0,9526
3,3,0,2,20,1,0,0,135
3,2,1,2,20,1,0,0,1146
16,11,5,2,9,0,0,0,95
3,3,0,1,10,0,0,0,8954
3,1,2,2,3,1,0,0,1476
100,48,52,1,10,0,0,0,603
9,9,0,1,7,0,0,0,1999
0,0,0,1,12,0,0,0,9
27,27,0,1,12,0,0,0,1566
4,2,2,2,9,0,0,0,62
0,0,0,1,12,0,0,0.0125,80
4,2,2,2,9,0,0,0,96
0,0,0,1,12,0,0,0.0227272727272727,44
51,33,18,1,55,1,0,0,156
179,158,21,1,55,1,0,0,546
222,118,104,1,55,1,0,0,285
6,4,2,2,10,0,0,0,1098
2,1,1,1,11,0,0,0,2406
17,16,1,1,11,1,0,0,716
29,29,0,1,62,1,0,0,1943
19,0,19,1,11,1,0,0,93
62,62,0,1,17,0,0,0,198
35,34,1,1,17,0,0,0,170
10,5,5,2,12,0,0,0,1403
9,6,3,1,5,1,0,0,493
21,12,9,1,87,1,0,0,13230
8,4,4,1,9,1,0,0,14830
7,6,1,2,62,1,0,0,144
40,20,20,1,9,1,0,0,7369
16,8,8,1,53,0,0,0,2752
1,1,0,1,11,1,0,0,76
1,1,0,1,11,1,0,0,113
1,1,0,1,11,1,0,0,170
3,2,1,1,11,1,0,0,1228
25,21,4,1,11,1,0,0,6094
3,2,1,1,11,1,0,0,4873
2,1,1,1,44,0,0,0,1828
4,2,2,1,18,0,0,0,325
3,2,1,1,1,0,0,0,281
7,6,1,1,1,0,0,0,125
4,2,2,1,0,0,0,0,1491
19,19,0,2,52,1,0,0,4421
10,5,5,1,18,0,0,0,172
10,5,5,1,18,0,0,0,161
10,5,5,1,18,0,0,0,22
8,4,4,1,18,0,0,0,19
4,2,2,1,18,0,0,0,116
2,0,2,1,26,0,0,0,160
27,12,15,2,0,1,0,0,910
80,41,39,1,5,1,0,0,187
4,2,2,1,10,0,0,0,180
7,4,3,1,13,1,0,0,213
4,3,1,1,59,0,0,0,128
27,26,1,1,1,0,0,0,1490
0,0,0,1,1,0,0,0,0
0,0,0,1,1,0,0,0,0
0,0,0,1,1,0,0,0,0
69,30,39,1,47,1,0,0,139
150,112,38,1,28,0,0,0.00186915887850467,535
72,57,15,1,28,0,0,0,457
0,0,0,1,28,0,0,0,0
0,0,0,1,28,0,0,0,0
0,0,0,2,28,0,0,0,0
43,41,2,1,28,0,0,0,102
413,246,167,2,28,0,0,0.000992063492063492,1008
1031,938,93,2,28,0,0,0,1184
223,147,76,1,28,0,0,0,445
14,11,3,1,28,0,0,0,54
10,5,5,2,28,0,0,0.003584229390681,279
118,10,108,3,27,0,0,0,90
165,98,67,1,28,0,0,0.00222222222222222,450
54,11,43,1,28,0,0,0,187
22,15,7,1,28,0,0,0,53
0,0,0,1,28,0,0,0.00662251655629139,151
61,24,37,1,28,0,0,0,379
71,31,40,2,28,0,0,0,364
247,202,45,1,28,0,0,0.00280112044817927,357
29,17,12,1,6,1,0,0,6297
6,3,3,1,14,0,0,0,23
6,3,3,1,14,0,0,0,23
6,3,3,1,14,0,0,0,22
6,3,3,1,14,0,0,0,22
6,3,3,1,14,0,0,0,23
6,3,3,1,14,0,0,0,23
6,3,3,1,14,0,0,0,23
6,3,3,1,14,0,0,0,23
6,5,1,1,37,0,0,0,307
54,45,9,1,37,0,0,0,408
71,68,3,1,37,0,0,0,736
121,91,30,3,25,1,0,0,737
8,4,4,1,25,0,0,0,175
6,3,3,1,25,0,0,0,160
23,16,7,2,25,0,0,0,236
22,11,11,2,25,1,0,0,599
179,100,79,9,10,4,0,0.0010752688172043,930
2,1,1,1,29,1,0,0,1568
2,1,1,1,76,1,0,0,643
3,2,1,1,76,1,0,0,1096
10,6,4,1,76,1,0,0,973
2,1,1,1,16,0,0,0,1351
4,2,2,1,76,1,0,0,1070
7,4,3,1,35,1,0,0,1328
5,3,2,1,72,1,0,0,199
11,4,7,1,17,0,0,0,341
6,3,3,1,8,0,0,0,153
11,4,7,1,17,0,0,0,443
11,4,7,1,17,0,0,0,430
12,10,2,1,17,0,0,0,653
13,5,8,2,17,1,0,0,461
11,4,7,1,17,0,0,0,456
3,2,1,1,50,0,0,0,552
3,2,1,1,50,0,0,0,2278
3,2,1,1,50,0,0,0,292
8,5,3,2,10,0,0,0,482
64,54,10,2,53,0,0,0,154
73,58,15,2,16,1,0,0,318
21,9,12,2,16,0,0,0,657
9,4,5,2,17,0,0,0,278
11,4,7,1,17,0,0,0,877
11,4,7,1,17,0,0,0,535
28,16,12,2,10,2,0,0,329
30,16,14,2,17,1,0,0,770
0,0,0,1,56,0,0,0,15
0,0,0,1,5,0,0,0,8
3,2,1,1,11,1,0,0,110
1,1,0,1,11,1,0,0,81
267,192,75,4,33,0,0,0,239
376,291,85,5,12,0,0,0,295
12,10,2,1,84,0,0,0,327
0,0,0,1,55,0,0,0,19
0,0,0,1,55,0,0,0,97
7,4,3,2,1,0,0,0,1099
30,22,8,1,55,0,0,0,2184
109,70,39,5,1,0,0,0.000655737704918033,1525
745,369,376,14,1,0,0,0.000443458980044346,2255
3,2,1,1,1,0,0,0.00645161290322581,155
5,2,3,1,58,0,0,0,179
11,9,2,2,1,0,0,0,497
3,2,1,1,1,0,0,0,735
3,2,1,1,1,0,0,0,316
3,2,1,1,1,0,0,0,2418
67,54,13,4,13,1,0,0.000207986688851913,4808
34,33,1,1,76,0,0,0,1973
14,13,1,1,76,0,0,0,2540
3,2,1,1,34,1,0,0,528
4,2,2,1,9,0,0,0,865
4,2,2,1,53,0,0,0,184
38,23,15,1,37,0,0,0,363
0,0,0,1,37,0,0,0,0
0,0,0,1,37,0,0,0,0
4,2,2,1,58,0,0,0,2078
51,50,1,1,59,0,0,0,1204
38,15,23,4,1,0,0,0,804
3,2,1,1,1,0,0,0,538
3,2,1,1,1,0,0,0,876
48,28,20,2,32,0,0,0,354
15,0,15,1,0,0,0,0,867
106,27,79,2,47,1,0,0.00133214920071048,2252
4,1,3,1,57,0,0,0,121
7,1,6,1,57,0,0,0,1626
10,6,4,3,3,2,0,0.00168067226890756,1785
9,1,8,1,57,0,0,0,281
12,6,6,2,9,0,0,0,2457
37,23,14,3,0,0,0,0.00061576354679803,1624
72,26,46,3,0,0,0,0,955
3,2,1,1,57,0,0,0,27
41,29,12,5,28,0,0,0,2723
15,9,6,3,73,0,0,0,477
4,3,1,1,50,0,0,0,313
8,4,4,2,49,0,0,0,629
3,2,1,1,28,0,0,0,265
6,3,3,1,37,0,0,0,244
38,26,12,2,39,0,0,0,695
12,7,5,1,39,0,0,0,446
3,2,1,1,26,0,0,0,308
24,14,10,1,53,1,0,0,581
7,4,3,2,28,0,0,0,142
4,3,1,1,5,0,0,0,115
6,3,3,1,37,0,0,0,1240
30,15,15,1,45,0,0,0,653
66,61,5,3,29,1,0,0.00636942675159236,314
4,2,2,1,86,1,0,0,627
41,29,12,2,57,1,0,0,628
3,2,1,1,29,1,0,0,222
7,4,3,2,29,0,0,0,434
37,18,19,2,41,0,0,0,715
22,14,8,2,11,0,0,0,980
74,53,21,5,11,1,0,0,701
59,19,40,1,48,0,0,0,397
11,6,5,2,29,0,0,0,469
18,16,2,1,59,0,0,0,413
5,2,3,1,79,0,0,0,741
3,2,1,1,42,1,0,0,128
4,2,2,1,48,0,0,0,541
46,18,28,7,1,1,0,0.0010487676979549,1907
3,2,1,1,29,0,0,0,145
12,9,3,1,48,0,0,0,237
74,29,45,3,6,0,0,0,2607
3,2,1,1,29,0,0,0,517
60,24,36,2,29,1,0,0,953
39,19,20,1,13,0,0,0,218
87,43,44,1,13,0,0,0,511
6,3,3,1,44,1,0,0,822
46,31,15,2,41,0,0,0,686
16,7,9,3,6,0,0,0,579
27,18,9,2,11,0,0,0,147
19,17,2,2,20,0,0,0,691
74,13,61,1,55,0,0,0,788
137,131,6,2,9,0,0,0,347
5,3,2,1,47,0,0,0,335
2,0,2,1,26,0,0,0,376
6,3,3,1,10,1,0,0,528
4,2,2,1,45,0,0,0,272
28,20,8,2,49,0,0,0,1118
8,7,1,1,50,0,0,0,534
25,24,1,1,27,0,0,0,679
4,2,2,1,86,0,0,0,2568
5,3,2,1,49,0,0,0,5190
3,2,1,1,28,0,0,0,227
29,7,22,2,27,0,0,0,19
22,5,17,1,45,0,0,0,892
10,5,5,1,27,0,0,0,607
4,3,1,1,28,0,0,0,90
8,1,7,1,22,0,0,0,132
4,2,2,1,77,0,0,0,268
6,3,3,1,37,0,0,0,2179
11,10,1,1,50,0,0,0,1566
3,2,1,1,26,0,0,0,104
2,0,2,1,26,0,0,0,295
35,19,16,1,31,0,0,0,210
322,255,67,4,25,1,0,0,749
311,240,71,4,25,1,0,0,752
0,0,0,1,29,0,0,0,687
0,0,0,1,29,0,0,0,124
181,102,79,2,25,1,0,0,396
93,66,27,2,24,0,0,0,121
71,45,26,2,25,1,0,0,345
80,54,26,3,17,1,0,0,283
446,301,145,4,25,1,0,0.000905797101449275,1104
25,24,1,1,25,0,0,0,311
10,9,1,2,25,1,0,0,131
10,5,5,2,25,0,0,0,1034
130,86,44,3,25,1,0,0,253
60,39,21,4,25,1,0,0,179
54,14,40,1,28,1,0,0,557
37,31,6,3,25,1,0,0,117
6,3,3,1,28,1,0,0,225
4,2,2,1,28,1,0,0,23
843,596,247,4,25,1,0,0,1012
30,23,7,1,28,1,0,0,98
5,4,1,1,28,1,0,0,7
69,30,39,2,28,1,0,0,142
176,115,61,3,25,1,0,0,245
59,2,57,1,28,1,0,0,143
119,87,32,4,25,1,0,0,151
997,319,678,1,29,0,0,0,365
203,166,37,1,25,0,0,0,174
14,1,13,1,25,0,0,0,52
11,10,1,1,25,0,0,0,87
8,6,2,1,31,0,0,0,14
80,63,17,1,31,0,0,0,127
6,3,3,1,31,0,0,0,92
7,5,2,1,31,0,0,0,196
4,2,2,1,31,0,0,0,3
15,14,1,1,86,0,0,0,525
4,2,2,1,10,0,0,0,457
3,2,1,1,26,0,0,0,104
3,2,1,1,26,0,0,0,103
6,3,3,1,37,0,0,0.00101626016260163,984
6,3,3,1,37,0,0,0.000886524822695035,1128
6,3,3,1,37,0,0,0,1678
32,28,4,1,34,0,0,0,373
8,1,7,1,34,0,0,0,137
8,7,1,1,34,0,0,0,81
2,0,2,1,26,0,0,0,1372
16,9,7,1,57,1,0,0,2032
4,2,2,1,45,1,0,0,221
19,12,7,1,34,0,0,0,149
13,8,5,1,34,0,0,0,870
10,7,3,1,34,0,0,0,339
3,2,1,1,26,0,0,0,107
16,12,4,1,34,0,0,0,330
16,4,12,1,34,0,0,0,23
5,3,2,1,48,0,0,0,356
2,1,1,1,20,0,0,0,756
18,10,8,1,20,0,0,0,204
139,125,14,4,0,0,0,0,164
2,1,1,1,20,0,0,0,1817
48,27,21,1,22,0,0,0,542
9,4,5,2,29,0,0,0,453
2,1,1,1,20,0,0,0,77
4,2,2,1,20,0,0,0,136
5,2,3,2,20,0,0,0,315
8,7,1,1,29,0,0,0,172
40,33,7,2,13,0,0,0,511
5,4,1,1,50,0,0,0,282
4,2,2,1,23,0,0,0,123
39,22,17,4,20,0,0,0,412
17,10,7,2,2,1,0,0,206
263,196,67,6,0,0,0,0,2969
19,12,7,5,10,0,0,0.00116890707188778,1711
108,63,45,4,13,0,0,0,1214
66,25,41,6,14,1,0,0,1320
3,1,2,1,50,0,0,0,179
117,100,17,3,10,0,0,0,1020
8,6,2,2,17,0,0,0,255
3,2,1,1,20,0,0,0,83
78,61,17,8,0,0,0,0,270
7,4,3,2,26,0,0,0.00649350649350649,154
0,0,0,1,55,0,0,0,56
5,4,1,1,26,0,0,0,116
6,3,3,1,37,0,0,0,446
4,2,2,1,49,0,0,0.000823045267489712,1215
59,56,3,3,29,1,0,0.00294985250737463,339
2,1,1,1,86,1,0,0,477
3,1,2,1,29,0,0,0,147
14,13,1,1,50,0,0,0,1223
3,2,1,1,29,0,0,0,234
4,2,2,1,52,0,0,0,1000
38,27,11,2,53,0,0,0,679
70,54,16,4,11,0,0,0,642
58,19,39,1,48,0,0,0,348
4,2,2,1,26,0,0,0,141
11,6,5,2,29,0,0,0,1218
40,29,11,2,57,1,0,0,628
9,5,4,2,42,1,0,0,216
29,27,2,1,85,0,0,0,200
4,2,2,1,26,0,0,0,352
46,32,14,2,44,0,0,0,230
4,2,2,1,48,0,0,0,468
10,9,1,1,10,0,0,0,1783
3,2,1,1,29,0,0,0,127
60,47,13,3,11,0,0,0.000527843758247559,3789
3,2,1,1,29,0,0,0,146
14,10,4,1,48,0,0,0,262
3,2,1,1,29,0,0,0,135
35,21,14,2,11,0,0,0,2965
15,4,11,1,27,1,0,0,2286
3,2,1,1,29,0,0,0,452
3,2,1,1,29,0,0,0,516
3,2,1,1,29,0,0,0,104
72,41,31,2,29,0,0,0,953
140,69,71,1,10,0,0,0,809
34,33,1,1,41,0,0,0,690
6,4,2,1,11,0,0,0,492
17,13,4,2,11,0,0,0,204
19,17,2,2,20,0,0,0,549
4,3,1,1,10,0,0,0,181
88,22,66,1,55,0,0,0,1052
177,172,5,2,9,0,0,0,388
0,0,0,1,89,0,0,0,0
3,2,1,1,29,0,0,0,409
7,3,4,2,29,0,0,0,390
3,2,1,1,29,0,0,0,323
5,3,2,1,47,0,0,0,478
3,2,1,1,29,0,0,0,365
2,0,2,1,26,0,0,0,380
6,3,3,1,12,1,0,0,528
26,13,13,1,45,0,0,0,961
10,5,5,1,45,0,0,0,592
3,2,1,1,28,0,0,0,704
1,1,0,1,28,0,0,0,52
8,7,1,1,50,0,0,0,513
8,4,4,2,28,0,0,0.00396825396825397,504
1,1,0,1,28,0,0,0,114
14,7,7,1,45,0,0,0,302
17,11,6,3,11,0,0,0,351
713,347,366,4,11,0,0,0,1204
46,38,8,1,11,0,0,0,122
57,32,25,3,11,0,0,0,183
7,2,5,1,11,0,0,0,78
26,22,4,3,84,0,0,0,373
107,106,1,1,89,0,0,0,888
10,6,4,2,11,0,0,0,402
542,344,198,10,11,1,0,0,444
8,5,3,2,84,1,0,0,157
5,4,1,1,80,0,0,0,84
0,0,0,1,82,0,0,0,188
127,108,19,1,11,0,0,0,157
0,0,0,1,80,0,0,0,643
24,17,7,2,80,0,0,0,604
101,90,11,4,72,0,0,0,352
183,169,14,2,82,0,0,0,415
95,86,9,1,82,0,0,0,115
7,6,1,1,82,0,0,0,32
0,0,0,1,80,0,0,0,125
5,4,1,1,11,0,0,0,82
9,4,5,2,11,1,0,0,505
0,0,0,1,80,0,0,0.0238095238095238,42
3,2,1,1,26,0,0,0,188
28,22,6,1,11,0,0,0,51
26,18,8,1,51,0,0,0,703
15,10,5,2,50,0,0,0.00314465408805031,318
6,3,3,1,11,0,0,0,277
0,0,0,1,11,0,0,0,586
0,0,0,1,11,0,0,0,118
66,46,20,4,11,0,0,0,277
54,33,21,3,11,0,0,0.00197628458498024,1012
16,11,5,1,11,0,0,0,79
97,69,28,3,11,0,0,0,248
265,242,23,6,11,1,0,0,502
4,2,2,1,46,1,0,0,81
3,2,1,1,46,1,0,0,76
5,4,1,1,46,1,0,0,75
4,2,2,1,46,1,0,0,301
21,15,6,1,46,1,0,0,142
16,9,7,1,57,1,0,0,2121
4,2,2,1,57,1,0,0,214
6,3,3,1,37,0,0,0,660
16,8,8,1,45,0,0,0,495
19,10,9,3,24,0,0,0,367
6,3,3,1,18,0,0,0,943
4,2,2,1,9,0,0,0,124
4,3,1,1,23,0,0,0,50
9,7,2,1,6,0,0,0,560
22,19,3,1,6,0,0,0,2893
3,2,1,1,28,0,0,0,88
6,5,1,1,31,0,0,0,214
3,2,1,1,17,1,0,0,77
117,81,36,2,24,0,0,0,810
20,11,9,2,10,1,0,0,2645
6,3,3,1,29,0,0,0,1195
6,3,3,1,49,0,0,0,434
4,2,2,1,49,0,0,0,1173
16,7,9,1,57,1,0,0,1985
6,3,3,1,37,0,0,0,1322
3,2,1,1,26,0,0,0,124
5,2,3,1,82,0,0,0,158
3,1,2,1,82,0,0,0,207
3,1,2,1,82,0,0,0,109
3,2,1,1,28,0,0,0,1156
6,3,3,1,40,0,0,0,64
4,2,2,1,40,0,0,0,281
21,11,10,2,40,1,0,0,1190
26,3,23,1,40,0,0,0,823
0,0,0,1,40,0,0,0,93
10,5,5,1,40,0,0,0,702
6,3,3,1,37,0,0,0,1582
8,4,4,1,40,0,0,0,1167
4,2,2,1,45,0,0,0,609
4,2,2,1,49,0,0,0,798
24,18,6,1,51,0,0,0,617
3,2,1,1,28,0,0,0,571
9,4,5,1,28,0,0,0,115
4,2,2,1,5,0,0,0,377
45,32,13,2,73,0,0,0,472
6,4,2,2,11,0,0,0,92
10,4,6,1,21,0,0,0,310
20,13,7,3,21,0,0,0,644
4,3,1,1,28,0,0,0,84
4,2,2,1,79,0,0,0,99
6,4,2,1,77,0,0,0,511
9,7,2,1,80,0,0,0,436
5,3,2,1,21,0,0,0,289
16,15,1,1,21,0,0,0,208
111,65,46,3,21,0,0,0,433
14,9,5,1,9,0,0,0,448
3,2,1,1,28,0,0,0,253
11,6,5,2,21,0,0,0,225
3,2,1,1,28,0,0,0,273
3,2,1,1,26,0,0,0,103
6,3,3,1,37,0,0,0,2038
6,3,3,1,37,0,0,0,1045
16,9,7,2,53,2,0,0.000372856077554064,2682
4,2,2,1,53,1,0,0,201
33,20,13,1,57,1,0,0,1379
26,15,11,1,57,1,0,0,1635
6,3,3,1,37,0,0,0,1518
6,3,3,1,37,0,0,0,1179
3,2,1,1,26,0,0,0,78
24,18,6,1,51,0,0,0,756
28,18,10,3,26,0,0,0,249
4,0,4,1,26,0,0,0,195
6,3,3,1,37,0,0,0,1780
6,3,3,1,37,0,0,0,1011
35,22,13,1,57,1,0,0,1366
25,14,11,1,57,1,0,0,1634
6,3,3,1,37,0,0,0,1523
24,18,6,1,51,0,0,0,687
27,17,10,3,26,0,0,0,249
53,52,1,1,32,0,0,0,803
4,0,4,1,26,0,0,0,210
6,3,3,1,37,0,0,0,466
18,9,9,1,45,0,0,0,1136
24,18,6,1,51,0,0,0,659
3,2,1,1,26,0,0,0,105
3,2,1,1,26,0,0,0,167
164,131,33,6,25,1,0,0,2854
16,9,7,1,73,0,0,0,132
8,5,3,2,72,0,0,0,1381
30,14,16,1,65,0,0,0,1429
22,11,11,1,65,0,0,0,1413
369,259,110,2,43,0,0,0,1054
4,2,2,2,43,0,0,0,19
0,0,0,1,58,0,0,0,107
11,1,10,1,21,0,0,0,5
32,30,2,2,43,0,0,0,111
6,3,3,1,45,1,0,0,471
23,3,20,1,21,0,0,0,78
143,103,40,3,43,0,0,0,485
173,132,41,4,10,0,0,0,848
32,17,15,2,43,0,0,0,38
17,10,7,2,43,0,0,0,358
28,15,13,2,43,0,0,0,33
40,32,8,2,43,0,0,0,908
19,13,6,2,43,0,0,0,102
333,241,92,2,43,0,0,0,800
26,18,8,1,51,0,0,0,708
1,0,1,1,26,0,0,0,251
49,47,2,2,10,0,0,0,82
193,114,79,9,10,0,0,0,921
6,5,1,1,73,0,0,0,100
114,96,18,7,21,0,0,0,619
4,1,3,1,21,0,0,0,92
19,12,7,2,43,0,0,0,213
347,299,48,3,10,0,0,0,1190
55,39,16,3,10,0,0,0,97
35,22,13,3,21,0,0,0.00181983621474067,1099
361,311,50,3,43,0,0,0,690
273,230,43,4,43,0,0,0,328
5,3,2,2,1,0,0,0,608
40,19,21,6,43,1,0,0,840
0,0,0,1,73,0,0,0,118
6,3,3,2,43,0,0,0,20
189,143,46,6,42,0,0,0,1145
0,0,0,1,76,0,0,0,62
6,3,3,2,43,0,0,0,19
8,7,1,1,43,0,0,0,79
29,13,16,3,43,2,0,0,731
252,173,79,6,10,0,0,0,3655
10,5,5,2,33,0,0,0,1390
14,7,7,1,45,0,0,0,1354
14,7,7,1,45,0,0,0,250
4,3,1,1,24,1,0,0,267
4,3,1,1,23,0,0,0,82
6,2,4,1,24,1,0,0,74
3,2,1,1,28,0,0,0,646
3,2,1,1,28,0,0,0,250
3,2,1,1,28,0,0,0,1126
4,3,1,1,77,1,0,0,389
4,2,2,1,45,0,0,0,609
11,8,3,2,49,1,0,0,310
24,18,6,1,51,0,0,0,617
6,3,3,2,28,0,0,0,499
3,2,1,1,55,0,0,0,117
2,0,2,1,26,0,0,0,313
24,18,6,1,4,0,0,0,387
4,2,2,1,4,0,0,0,729
2,0,2,1,26,0,0,0,1982
3,2,1,1,28,0,0,0,2126
6,3,3,1,37,0,0,0,1908
2,0,2,1,26,0,0,0,382
6,3,3,1,37,0,0,0,1070
23,17,6,1,6,1,0,0,1019
4,2,2,1,77,0,0,0,154
134,105,29,2,37,0,0,0,1713
20,10,10,1,10,0,0,0,477
4,3,1,1,28,0,0,0,35
4,2,2,1,4,0,0,0,87
4,3,1,1,28,0,0,0,50
5,4,1,1,27,1,0,0.00699300699300699,143
3,2,1,1,28,0,0,0.000541711809317443,1846
23,11,12,4,24,0,0,0,485
3,2,1,1,28,0,0,0,768
38,23,15,1,53,1,0,0,6747
14,4,10,1,86,1,0,0,1680
5,2,3,2,0,1,0,0,2052
3,2,1,1,29,0,0,0,1804
6,3,3,1,80,1,0,0,1044
6,3,3,1,37,0,0,0,718
4,2,2,1,39,0,0,0,418
6,3,3,1,37,0,0,0,1410
6,3,3,1,37,0,0,0,675
17,9,8,1,29,0,0,0,270
6,3,3,1,37,0,0,0,486
6,3,3,1,37,0,0,0,339
55,29,26,2,56,2,0,0,1152
3,2,1,1,29,0,0,0,1111
3,2,1,1,29,0,0,0,959
58,41,17,3,34,1,0,0,1488
4,2,2,1,77,0,0,0,154
112,94,18,2,37,0,0,0,1674
24,12,12,2,10,1,0,0,538
8,1,7,1,9,0,0,0,122
6,3,3,1,22,1,0,0,56
5,4,1,1,27,1,0,0.00552486187845304,181
150,25,125,1,45,0,0,0,1215
22,5,17,1,45,0,0,0,525
5,4,1,1,50,0,0,0,466
3,2,1,1,29,0,0,0,797
23,11,12,4,24,0,0,0.00219298245614035,456
5,3,2,1,38,0,0,0,588
14,11,3,1,33,1,0,0,383
19,9,10,3,53,1,0,0,9206
23,18,5,1,51,0,0,0.000453103760761214,2207
18,7,11,1,39,0,0,0,841
10,8,2,2,29,0,0,0,3860
7,2,5,2,10,0,0,0,470
20,11,9,1,57,1,0,0.000569476082004556,1756
3,2,1,1,28,0,0,0,34
30,15,15,1,45,0,0,0,968
3,2,1,1,26,0,0,0,165
4,3,1,1,28,0,0,0,56
21,17,4,2,11,0,0,0,1005
6,3,3,1,37,0,0,0,881
6,3,3,1,37,0,0,0,510
6,3,3,1,37,0,0,0,734
6,3,3,1,37,0,0,0,3827
6,3,3,1,37,0,0,0,1316
24,18,6,1,51,0,0,0,782
6,3,3,1,37,0,0,0,349
3,2,1,1,28,0,0,0,395
2,0,2,1,26,0,0,0,872
6,3,3,1,37,0,0,0,1078
17,15,2,2,28,0,0,0,704
3,2,1,1,26,0,0,0,105
3,2,1,1,29,0,0,0,198
3,2,1,1,1,0,0,0,123
4,2,2,1,21,0,0,0,75
3,2,1,1,1,0,0,0,184
4,2,2,1,21,0,0,0.00137551581843191,1454
18,10,8,3,62,0,0,0,85
3,1,2,1,29,0,0,0,771
3,1,2,1,29,0,0,0,1017
3,1,2,1,29,0,0,0,768
95,73,22,5,42,2,0,0.00375312760633862,2398
12,8,4,1,49,0,0,0,171
13,11,2,2,42,1,0,0.00304878048780488,328
17,7,10,2,2,1,0,0,379
733,464,269,13,14,2,0,0,1220
61,35,26,6,14,0,0,0,346
20,16,4,3,1,0,0,0.000821018062397373,1218
19,9,10,1,57,1,0,0,1642
12,12,0,1,54,0,0,0,239
268,114,154,3,53,0,0,0,869
318,69,249,4,53,0,0,0,167
251,55,196,4,53,0,0,0,298
104,54,50,3,53,0,0,0,375
42,21,21,3,53,0,0,0,192
63,33,30,3,53,0,0,0,317
54,28,26,3,53,0,0,0,313
68,36,32,4,3,0,0,0,259
68,35,33,3,53,0,0,0,361
67,33,34,3,53,0,0,0,262
49,26,23,3,53,0,0,0,295
43,23,20,3,53,0,0,0,236
51,27,24,3,53,0,0,0,240
45,24,21,3,53,0,0,0,251
72,39,33,4,44,0,0,0,310
72,37,35,3,53,0,0,0,285
80,41,39,3,53,0,0,0,316
74,38,36,3,53,0,0,0,448
66,33,33,3,53,0,0,0,314
42,21,21,3,53,0,0,0,202
45,22,23,4,53,0,0,0,195
89,8,81,1,47,0,0,0,259
28,4,24,1,47,0,0,0,133
46,23,23,3,53,0,0,0,200
11,4,7,2,1,0,0,0,1401
30,19,11,1,57,1,0,0,1199
3,0,3,1,26,0,0,0,1083
12,11,1,1,58,0,0,0,1028
0,0,0,1,58,0,0,0,0
0,0,0,1,58,0,0,0,123
18,10,8,1,57,1,0,0,983
15,6,9,1,57,1,0,0,642
49,14,35,3,1,1,0,0,3099
3,2,1,1,83,0,0,0,1445
3,1,2,1,29,0,0,0,737
4,2,2,1,29,0,0,0,462
23,12,11,2,0,1,0,0,933
21,10,11,2,0,1,0,0.000779423226812159,1283
15,9,6,1,57,1,0,0,2149
40,21,19,1,57,1,0,0,780
46,24,22,1,66,0,0,0,7336
44,23,21,1,57,1,0,0.00127388535031847,785
81,46,35,4,1,2,0,0,2636
228,185,43,7,3,0,0,0.000768935024990388,2601
0,0,0,1,9,0,0,0,1015
127,91,36,4,9,2,0,0.00102774922918808,973
12,4,8,1,9,0,0,0,825
4,2,2,1,29,0,0,0,2328
269,206,63,11,3,2,0,0.000392156862745098,2550
0,0,0,1,9,0,0,0.00106269925611052,941
55,43,12,4,3,0,0,0.0032520325203252,615
32,29,3,1,8,0,0,0,995
135,105,30,3,9,0,0,0.00131578947368421,760
152,97,55,2,9,0,0,0,1033
92,60,32,6,9,2,0,0.00157232704402516,636
22,11,11,1,9,0,0,0,896
61,40,21,4,6,1,0,0,686
833,665,168,6,6,1,0,0,1467
3,1,2,1,29,0,0,0,3317
3287,616,2671,22,3,8,0,0.000367242012486228,2723
1159,114,1045,7,3,2,0,0,1461
184,103,81,6,3,0,0,0.00185185185185185,540
20,10,10,2,0,1,0,0,1491
8,3,5,1,0,0,0,0,9361
35,16,19,3,0,1,0,0,998
49,21,28,2,0,1,0,0,1453
6,3,3,1,37,0,0,0,1788
6,3,3,1,37,0,0,0,1431
5,2,3,1,0,0,0,0,3188
5,3,2,1,29,1,0,0,1203
22,13,9,1,57,1,0,0,1239
4,2,2,1,57,1,0,0,121
6,3,3,1,0,0,0,0,1902
38,20,18,2,51,1,0,0.000615384615384615,1625
0,0,0,1,11,0,0,0,95
28,12,16,2,0,1,0,0,2835
4,2,2,1,57,1,0,0,430
4,2,2,1,88,0,0,0,8375
54,21,33,2,53,2,0,0,1131
4,3,1,2,89,0,0,0,100
11,5,6,1,0,0,0,0,2356
94,61,33,5,3,2,0,0,2127
3,2,1,1,39,0,0,0,171
250,180,70,15,0,5,0,0,3117
103,87,16,1,0,0,0,0,1579
9,5,4,2,43,0,0,0,157
5,2,3,1,0,0,0,0,1082
18,8,10,2,55,2,0,0,2593
4,2,2,1,55,1,0,0,185
22,15,7,1,57,1,0,0,2850
4,2,2,1,57,1,0,0,432
9,1,8,1,29,1,0,0,764
30,12,18,3,0,1,0,0,1454
3,2,1,1,29,0,0,0,325
7,6,1,1,29,0,0,0,168
27,12,15,2,0,1,0,0,2049
10,5,5,1,19,0,0,0,315
15,7,8,3,0,0,0,0,3353
16,9,7,2,0,0,0,0.0008587376556462,2329
11,4,7,2,0,0,0,0,2747
11,4,7,2,0,0,0,0,2933
1087,867,220,12,9,5,0,0,3810
61,57,4,4,9,2,0,0,1252
19,15,4,2,43,0,0,0,204
6,2,4,1,0,0,0,0,1398
6,2,4,1,0,0,0,0,1153
92,62,30,2,43,1,0,0.000894854586129754,2235
3,2,1,1,43,0,0,0,132
4,2,2,1,22,0,0,0,218
31,15,16,3,0,2,0,0,2959
36,17,19,2,51,1,0,0,1051
18,11,7,1,57,1,0,0,534
4,2,2,1,10,0,0,0,330
5,2,3,1,0,0,0,0.000367242012486228,2723
6,3,3,1,37,0,0,0,1237
27,17,10,2,21,1,0,0.000687285223367698,1455
0,0,0,1,53,0,0,0,0
0,0,0,1,53,0,0,0,0
5,2,3,2,1,0,0,0,1147
2,0,2,1,26,0,0,0,1824
53,52,1,1,46,1,0,0,2403
17,10,7,1,57,1,0,0,1418
8,4,4,3,29,0,0,0,1059
21,12,9,1,57,1,0,0.000699790062981106,1429
782,391,391,1,44,0,0,0,3015
8,4,4,1,41,0,0,0,762
91,67,24,2,40,0,0,0,1030
36,1,35,1,29,0,0,0,265
8,7,1,1,54,0,0,0,444
3,1,2,1,29,0,0,0,271
3,1,2,1,41,0,0,0,260
9,3,6,2,41,0,0,0,339
93,64,29,5,7,0,0,0.00121359223300971,824
3,1,2,1,41,0,0,0.0027027027027027,370
3,1,2,1,41,0,0,0,239
3,1,2,1,41,0,0,0,287
14,12,2,2,9,0,0,0,254
33,14,19,6,0,0,0,0.000397772474144789,2514
3,1,2,1,41,0,0,0,406
3,1,2,1,41,0,0,0,399
3,1,2,1,29,0,0,0,161
3,1,2,1,41,0,0,0,543
25,9,16,3,0,1,0,0,1978
7,3,4,2,41,0,0,0,1102
21,2,19,3,29,0,0,0,1363
10,5,5,1,50,0,0,0.000535618639528656,1867
3,1,2,1,41,0,0,0,1624
127,77,50,6,29,2,0,0.000227221086116792,4401
5,3,2,1,59,1,0,0,730
32,24,8,2,59,2,0,0,2396
3,1,2,1,41,0,0,0,244
10,6,4,1,78,0,0,0,187
3,1,2,1,41,0,0,0,2016
47,3,44,1,25,0,0,0,100
6,3,3,1,37,0,0,0,1651
157,146,11,3,24,2,0,0.00137741046831956,726
20,10,10,2,20,1,0,0.00666666666666667,150
636,592,44,3,19,2,0,0.000658761528326746,1518
2,1,1,1,34,0,0,0.00263852242744063,379
3,2,1,1,20,0,0,0,151
224,141,83,3,9,1,0,0,694
71,46,25,1,49,1,0,0.0015220700152207,657
5729,5208,521,38,1,11,0,0.000865051903114187,5780
399,347,52,10,9,4,0,0.00165220983064849,2421
117,23,94,2,9,1,0,0.00609756097560976,328
2,1,1,1,34,0,0,0,171
2,1,1,1,34,0,0,0,203
2,1,1,1,34,0,0,0,179
2,1,1,1,34,0,0,0,126
5,5,0,1,53,0,0,0,1783
0,0,0,1,53,0,0,0,850
0,0,0,1,53,0,0,0,1095
0,0,0,1,53,0,0,0,14
0,0,0,1,53,0,0,0,23292
2529,2249,280,3,51,0,0,0,3646
9,8,1,1,53,0,0,0.00132100396301189,757
92,84,8,9,20,0,0,0,880
891,790,101,1,53,0,0,0,2065
33,19,14,2,34,0,0,0,375
231,211,20,1,53,0,0,0.000370507595405706,2699
3,1,2,1,41,0,0,0,1717
4,2,2,1,41,0,0,0.00306748466257669,326
475,370,105,5,41,1,0,0,2057
24,18,6,3,73,0,0,0,233
29,24,5,3,73,0,0,0,111
7,3,4,2,21,0,0,0,2074
12,6,6,1,45,0,0,0,907
10,5,5,2,0,0,0,0,2833
3,1,2,1,41,0,0,0,358
29,9,20,3,0,1,0,0,2258
9,5,4,2,41,1,0,0,2381
26,9,17,3,0,1,0,0,2039
5,3,2,1,3,0,0,0,209
40,19,21,2,43,1,0,0.000268024658268561,3731
11,4,7,1,0,0,0,0,6292
6,2,4,1,0,0,0,0,1930
3,1,2,1,41,0,0,0,4729
4,2,2,1,17,0,0,0,868
6,4,2,2,1,1,0,0.000920810313075506,3258
3,2,1,1,29,0,0,0,424
103,96,7,2,1,1,0,0.00011258725512272,8882
13,11,2,2,1,1,0,0,3443
6,2,4,1,0,0,0,0,2082
3,1,2,1,29,0,0,0,2075
12,4,8,2,0,0,0,0,2327
329,239,90,10,6,3,0,0.000172205958326158,5807
39,33,6,3,14,0,0,0.000587199060481503,1703
6,4,2,2,14,1,0,0,306
422,277,145,8,29,1,0,0,3148
8,5,3,2,58,0,0,0,311
3,2,1,1,29,0,0,0,317
4,2,2,1,88,0,0,0,106
6,2,4,1,0,0,0,0,2321
5,2,3,1,0,0,0,0,1499
3,1,2,1,41,0,0,0,347
5,2,3,1,41,0,0,0,1129
3,1,2,1,41,0,0,0,427
10,4,6,1,0,0,0,0,2257
5,2,3,1,0,0,0,0,1248
10,3,7,1,0,0,0,0,1802
6,3,3,1,0,0,0,0,2243
6,2,4,1,0,0,0,0,2204
21,12,9,1,44,0,0,0,218
2,2,0,2,47,0,0,0,1427
2,2,0,2,47,0,0,0,289
5,2,3,1,0,0,0,0,1989
5,2,3,1,0,0,0,0,2916
10,4,6,2,0,0,0,0,1936
5,2,3,1,0,0,0,0,2197
7,1,6,1,84,0,0,0,1909
6,2,4,1,0,0,0,0,1424
6,3,3,1,0,0,0,0,1572
5,2,3,1,0,0,0,0,1695
3,1,2,1,29,0,0,0,3329
3,1,2,1,41,0,0,0,1475
3,1,2,1,41,0,0,0.00291545189504373,343
3,1,2,1,41,0,0,0.00684931506849315,146
58,32,26,2,43,1,0,0,2169
1364,1100,264,1,89,0,0,0,2687
77,64,13,2,85,0,0,0,272
1340,741,599,1,89,0,0,0,1258
3,2,1,2,83,0,0,0,2352
1247,1122,125,2,89,0,0,0,1668
1438,1305,133,3,83,0,0,0,2734
3,1,2,1,41,0,0,0,193
3,1,2,1,41,0,0,0,546
3,1,2,1,41,0,0,0,1947
4,2,2,1,41,0,0,0,578
15,11,4,2,48,0,0,0,212
3354,1704,1650,11,34,4,0,0,5120
9,3,6,2,0,0,0,0,2003
4,2,2,1,43,0,0,0,705
3,1,2,1,41,0,0,0,315
4,2,2,1,41,0,0,0,227
3,1,2,1,41,0,0,0,95
3,1,2,1,41,0,0,0,102
3,1,2,1,41,0,0,0,102
221,82,139,5,41,0,0,0,2873
192,185,7,3,28,0,0,0.00175592625109745,1139
14,9,5,1,80,0,0,0,409
131,94,37,26,1,0,0,0,5561
288,254,34,25,1,0,0,0,19827
30,22,8,2,29,0,0,0,8874
3,1,2,1,41,0,0,0,367
4,2,2,1,43,0,0,0,774
47,43,4,3,22,0,0,0,1730
3,1,2,1,41,0,0,0,98
15,6,9,2,1,1,0,0,1175
3,1,2,1,43,0,0,0,2146
4,2,2,1,41,0,0,0,2761
4,2,2,1,41,0,0,0.00446428571428571,224
3,1,2,1,41,0,0,0,407
3,1,2,1,41,0,0,0,315
3,1,2,1,43,0,0,0,1925
4,2,2,1,0,0,0,0.00030826140567201,3244
5,2,3,2,26,0,0,0,3498
2,0,2,1,26,0,0,0,649
3,1,2,1,29,0,0,0,1244
6,3,3,1,37,0,0,0,1771
6,3,3,1,37,0,0,0,1141
29,14,15,1,57,1,0,0,515
293,229,64,8,1,2,0,0,4170
12,6,6,1,74,0,0,0,932
159,90,69,5,1,0,0,0,1401
3,1,2,1,54,0,0,0,472
2,1,1,1,54,0,0,0,662
4,2,2,1,54,0,0,0,1092
4,2,2,1,54,0,0,0,899
62,48,14,3,31,0,0,0,649
0,0,0,1,58,0,0,0.00125944584382872,794
0,0,0,1,58,0,0,0,69
8,5,3,2,24,0,0,0,120
5,4,1,1,74,0,0,0,1002
49,27,22,3,29,0,0,0,2318
3,1,2,1,29,0,0,0,2218
3,1,2,1,29,0,0,0.000435729847494553,2295
124,77,47,13,20,4,0,0,3519
3,1,2,1,29,0,0,0,2138
3,1,2,1,29,0,0,0,2383
373,139,234,20,44,1,0,0,1573
122,47,75,13,73,0,0,0.00326797385620915,306
26,22,4,1,18,0,0,0,3460
3,1,2,1,29,0,0,0,204
13,6,7,2,27,0,0,0,744
4,1,3,1,27,0,0,0,1613
5,3,2,1,88,0,0,0,1052
8,4,4,1,37,0,0,0,1212
3,1,2,1,29,0,0,0,614
56,44,12,1,37,0,0,0,2471
3,2,1,1,37,0,0,0,840
3,1,2,1,28,0,0,0,1476
343,339,4,1,85,0,0,0,1259
26,22,4,1,18,0,0,0,3516
4,2,2,1,86,1,0,0,924
12,5,7,1,57,1,0,0,435
37,27,10,5,24,0,0,0,739
8,1,7,1,73,0,0,0,518
3,2,1,1,79,0,0,0,690
59,29,30,3,42,0,0,0.00467289719626168,214
57,22,35,1,42,0,0,0,62
574,508,66,27,14,0,0,0,3768
2268,1954,314,27,14,0,0,0,11461
4,2,2,1,75,1,0,0,1133
10,4,6,1,57,1,0,0,769
807,635,172,6,29,1,0,0,856
21,18,3,1,34,0,0,0,294
5,3,2,1,22,0,0,0.000294290759270159,3398
4,2,2,1,22,0,0,0,609
28,13,15,3,76,0,0,0,358
5,2,3,2,1,0,0,0.000918273645546373,1089
47,22,25,3,57,1,0,0.00524475524475524,572
7,5,2,3,73,0,0,0,513
118,114,4,2,37,0,0,0,3418
4,3,1,1,50,0,0,0,232
18,8,10,1,26,0,0,0,495
4,2,2,1,17,0,0,0.000731528895391368,1367
3,2,1,1,5,0,0,0.00268817204301075,744
8,7,1,1,56,0,0,0.000768049155145929,1302
6,3,3,1,1,0,0,0.000991080277502478,1009
4,2,2,1,1,0,0,0.00122399020807834,817
11,8,3,2,1,0,0,0.00332225913621262,602
11,7,4,2,1,0,0,0.00367647058823529,544
422,7,415,1,23,0,0,0,396
5,4,1,1,56,0,0,0.00194174757281553,515
61,53,8,3,5,0,0,0.00144927536231884,690
41,24,17,1,29,0,0,0,267
8,4,4,1,1,0,0,0.000592768227622999,1687
49,35,14,3,17,0,0,0.000473484848484848,2112
3,2,1,1,29,0,0,0,595
50,25,25,1,45,0,0,0,857
3,2,1,1,29,0,0,0,118
27,4,23,1,43,0,0,0,158
3,2,1,1,1,0,0,0.00149925037481259,667
4,1,3,1,80,0,0,0,873
102,92,10,4,16,0,0,0,1355
3,2,1,1,29,0,0,0,139
6,3,3,1,38,1,0,0.00113636363636364,880
18,9,9,1,17,0,0,0.00149476831091181,669
12,6,6,1,37,0,0,0.000421052631578947,2375
26,13,13,1,37,0,0,0,178
15,7,8,1,37,0,0,0,535
15,7,8,1,37,0,0,0,426
134,72,62,3,26,0,0,0.00179533213644524,557
18,13,5,2,37,0,0,0.000799360511590727,1251
10,4,6,2,19,0,0,0,333
35,11,24,1,0,0,0,0,493
3,2,1,1,29,0,0,0,278
3,1,2,1,0,0,0,0,430
26,15,11,1,0,0,0,0,737
4,2,2,1,13,1,0,0.000432338953739732,2313
8,2,6,1,48,0,0,0,176
6,3,3,1,29,0,0,0,362
4,3,1,1,10,0,0,0,125
3,1,2,1,10,0,0,0,209
3,2,1,1,1,0,0,0.00149925037481259,667
8,5,3,1,3,1,0,0,311
4,2,2,1,51,0,0,0,660
4,2,2,1,28,1,0,0,584
134,91,43,8,11,0,0,0.000877577885037297,2279
10,6,4,2,32,0,0,0.00118623962040332,843
4,1,3,1,12,0,0,0,102
12,7,5,2,12,0,0,0,370
4,1,3,1,40,0,0,0.00636942675159236,157
15,8,7,3,12,0,0,0.000798722044728434,1252
6,4,2,1,13,0,0,0,252
12,7,5,2,12,0,0,0,486
229,155,74,1,8,0,0,0.00142857142857143,700
15,12,3,2,8,0,0,0.00279329608938547,716
4,3,1,1,29,0,0,0,624
36,22,14,4,7,2,0,0.00042571306939123,2349
14,7,7,3,17,0,0,0,1626
12,6,6,3,17,0,0,0,992
4,2,2,1,18,0,0,0,5299
30,8,22,4,11,1,0,0,1620
40,3,37,1,13,0,0,0.000835421888053467,1197
51,30,21,4,47,0,0,0,200
3,1,2,1,29,0,0,0,782
45,26,19,1,12,0,0,0.000317662007623888,6296
5,2,3,1,40,0,0,0,589
3,2,1,1,84,0,0,0,2284
20,11,9,2,12,0,0,0,1943
6,3,3,1,12,0,0,0,520
4,2,2,1,12,0,0,0,60
95,22,73,3,0,0,0,0.0006635700066357,1507
26,16,10,2,12,0,0,0.0024390243902439,410
107,62,45,3,0,0,0,0,1327
3,1,2,1,29,0,0,0,112
14,7,7,1,83,1,0,0,2886
3,2,1,1,52,1,0,0.000590318772136954,1694
3,1,2,1,29,0,0,0,277
3,2,1,1,58,0,0,0,733
4,2,2,1,12,0,0,0,285
8,4,4,2,12,0,0,0,1158
3,2,1,1,29,0,0,0,649
3,2,1,1,8,0,0,0.0012453300124533,803
38,25,13,1,8,0,0,0,208
4,2,2,1,8,0,0,0,39
11,6,5,1,12,0,0,0.000869565217391304,1150
23,15,8,1,8,0,0,0,346
65,42,23,1,24,0,0,0,2766
4,2,2,1,24,0,0,0,183
12,8,4,3,29,0,0,0.00294985250737463,339
367,257,110,2,8,0,0,0,585
7,6,1,1,8,0,0,0,77
19,16,3,2,8,0,0,0,470
9,5,4,2,12,0,0,0.00190114068441065,1052
14,7,7,2,12,0,0,0.000574382538770821,1741
90,53,37,2,8,0,0,0,674
3,2,1,1,29,0,0,0,1315
12,4,8,2,8,0,0,0,664
3,2,1,1,29,0,0,0,3172
21,12,9,1,12,0,0,0.000464252553389044,2154
3,2,1,1,29,0,0,0,1187
5,4,1,1,69,0,0,0.000229305205228159,4361
3,2,1,1,29,0,0,0,955
8,6,2,2,29,0,0,0.00078064012490242,1281
23,9,14,1,12,0,0,0,775
7,4,3,2,12,0,0,0.000349895031490553,2858
20,18,2,1,11,1,0,0,2653
6,4,2,2,12,0,0,0,838
76,27,49,2,8,0,0,0,204
4,2,2,1,8,0,0,0,39
28,24,4,1,43,0,0,0,773
10,5,5,1,12,0,0,0,638
3,2,1,1,43,0,0,0,612
12,8,4,3,29,0,0,0.00291545189504373,343
15,7,8,1,12,0,0,0,549
9,4,5,1,12,0,0,0,1502
1,1,0,1,29,0,0,0,1884
7,3,4,1,12,0,0,0,3198
17,3,14,1,58,0,0,0,449
2,1,1,2,58,1,0,0,113
11,6,5,1,12,0,0,0,2214
7,6,1,1,43,0,0,0,423
67,55,12,1,43,0,0,0,1966
3,2,1,1,29,0,0,0,849
5,2,3,1,12,0,0,0.00588235294117647,340
4,2,2,1,12,0,0,0.00719424460431655,139
3,2,1,1,27,0,0,0,147
34,16,18,3,37,0,0,0,684
4,2,2,1,46,0,0,0,566
4,3,1,1,51,0,0,0,2872
4,1,3,1,0,0,0,0,1905
4,3,1,1,37,0,0,0,724
4,2,2,1,37,0,0,0,271
13,5,8,3,0,0,0,0,3259
2,1,1,1,0,0,0,0,1665
1,0,1,1,0,0,0,0,424
19,7,12,1,26,0,0,0.00813008130081301,123
5,1,4,1,29,0,0,0.00126903553299492,788
19,11,8,4,1,0,0,0.00395843641761504,2021
12,5,7,1,57,1,0,0.00313479623824451,319
63,62,1,1,26,0,0,0.00175438596491228,570
636,504,132,6,32,2,0,0.0021079258010118,2372
52,50,2,2,14,0,0,0,446
98,96,2,2,26,0,0,0,347
41,32,9,3,26,0,0,0.000777000777000777,1287
111,94,17,5,32,3,0,0.00295420974889217,677
257,156,101,7,0,0,0,0.00339443312966735,1473
9,4,5,2,0,0,0,0.0119047619047619,84
7,4,3,1,37,0,0,0.00273972602739726,1095
7,4,3,1,37,0,0,0.004739336492891,633
7,4,3,1,37,0,0,0.00506756756756757,592
7,4,3,1,37,0,0,0.00138888888888889,2160
14,13,1,1,19,0,0,0,355
6,3,3,1,37,0,0,0.00145137880986938,689
6,6,0,1,16,0,0,0,174
32,4,28,2,24,0,0,0,477
10,9,1,1,0,0,0,0,71
29,25,4,1,17,0,0,0,719
3,2,1,1,56,0,0,0,114
3,1,2,1,1,0,0,0,85
105,45,60,2,23,0,0,0,175
49,39,10,1,1,0,0,0,127
3,1,2,1,0,0,0,0,242
3,1,2,1,26,0,0,0,256
16,15,1,1,28,0,0,0,77
29,6,23,4,1,0,0,0.004149377593361,482
20,13,7,3,5,0,0,0,215
24,14,10,5,28,0,0,0,166
0,0,0,1,26,0,0,0,0
7,5,2,1,28,0,0,0.00198019801980198,505
4,2,2,1,17,0,0,0.00100200400801603,998
23,21,2,2,29,0,0,0,361
6,3,3,1,37,0,0,0.00315457413249211,317
3,2,1,1,1,0,0,0,1082
4,2,2,1,51,0,0,0,5794
3,2,1,1,1,0,0,0,1576
5,3,2,1,24,0,0,0,132
15,9,6,1,24,0,0,0,1079
25,11,14,1,26,0,0,0,155
3,2,1,1,29,0,0,0,1185
33,31,2,1,27,1,0,0.00495049504950495,202
72,44,28,3,19,1,0,0.000726744186046512,1376
8,2,6,1,19,0,0,0,448
30,19,11,2,27,1,0,0.00317460317460317,630
55,27,28,3,23,1,0,0,4026
3,1,2,1,29,0,0,0,424
23,18,5,3,18,1,0,0,172
4,2,2,1,19,0,0,0,106
255,88,167,3,27,1,0,0.000689179875947622,1451
6,4,2,2,27,1,0,0.00320512820512821,312
347,28,319,1,27,1,0,0.0145985401459854,137
1087,829,258,2,26,2,0,0.00275633958103638,1814
6,3,3,1,27,1,0,0,83
3,2,1,1,29,0,0,0,229
10,4,6,2,1,0,0,0,1703
331,130,201,3,43,2,0,0,607
85,36,49,3,43,2,0,0,123
17,9,8,4,43,2,0,0,114
2755,1615,1140,11,12,3,0,0,2329
191,118,73,7,17,2,0,0,272
1165,651,514,11,11,2,0,0.00210970464135021,948
43,15,28,3,43,2,0,0,50
2023,1200,823,13,11,4,0,0.000875656742556918,1142
108,55,53,6,11,2,0,0,50
192,105,87,4,17,2,0,0,728
68,31,37,4,17,2,0,0.00398406374501992,251
20,10,10,4,43,3,0,0,192
696,398,298,8,11,2,0,0,1206
16,10,6,3,43,2,0,0,34
129,74,55,4,28,2,0,0,121
40,25,15,5,17,2,0,0,48
153,102,51,3,43,2,0,0,192
13,8,5,3,43,2,0,0,40
526,344,182,4,17,2,0,0,465
23,13,10,4,17,2,0,0,32
1112,639,473,8,11,2,0,0,1719
31,18,13,3,43,2,0,0,73
2280,1319,961,7,11,2,0,0,883
92,54,38,4,28,2,0,0,72
4,3,1,1,47,0,0,0,384
6,5,1,1,47,0,0,0,82
4,3,1,1,47,0,0,0,283
3,1,2,1,21,0,0,0,122
4,3,1,1,21,0,0,0,714
11,7,4,1,79,1,0,0,1708
4,2,2,1,79,1,0,0,92
168,160,8,1,79,1,0,0,625
4,2,2,1,16,0,0,0,101
23,12,11,1,45,0,0,0,569
10,3,7,1,50,0,0,0.000821692686935086,3651
5,3,2,1,30,0,0,0,260
4,2,2,1,4,0,0,0,1745
16,8,8,1,87,0,0,0,413
6,4,2,1,58,1,0,0,1535
82,57,25,3,23,3,0,0,383
3,1,2,1,19,0,0,0.00684931506849315,146
4,3,1,1,19,0,0,0,230
52,23,29,2,29,2,0,0,482
6,3,3,1,44,1,0,0,122
17,5,12,2,24,2,0,0,583
105,54,51,1,57,0,0,0,421
1,1,0,1,80,1,0,0.00176678445229682,566
18,14,4,1,55,1,0,0,1021
13,10,3,1,58,1,0,0,663
3,2,1,1,58,1,0,0,634
6,3,3,1,24,0,0,0,312
12,6,6,1,24,0,0,0,1132
18,9,9,1,24,0,0,0,817
8,4,4,1,24,0,0,0,2016
2,1,1,1,24,0,0,0,464
34,17,17,1,24,0,0,0,461
2,1,1,1,24,0,0,0,1310
309,175,134,1,61,1,0,0,828
4,2,2,1,54,1,0,0.0202020202020202,198
8,5,3,2,5,0,0,0.0555555555555556,36
15,7,8,2,5,2,0,0.00531208499335989,753
25,12,13,1,42,1,0,0.0128205128205128,156
66,37,29,8,3,5,0,0.0245901639344262,122
3,2,1,1,5,0,0,0.0555555555555556,36
116,67,49,10,4,5,0,0.024390243902439,205
704,414,290,10,3,4,0,0.00628930817610063,795
4,2,2,1,4,0,0,0.0208333333333333,48
404,252,152,12,3,6,0,0.00542005420054201,738
117,63,54,7,3,1,0,0.0238095238095238,126
109,47,62,6,3,2,0,0.0164835164835165,182
80,52,28,4,3,2,0,0,101
84,61,23,6,3,2,0,0.00536912751677852,745
524,359,165,7,3,4,0,0.00175438596491228,570
220,138,82,13,3,3,0,0.00523012552301255,956
137,86,51,11,3,4,0,0.00946372239747634,317
82,61,21,4,4,1,0,0.0118343195266272,338
0,0,0,1,3,0,0,0.142857142857143,42
488,283,205,18,3,10,0,0.00851581508515815,822
306,155,151,7,4,2,0,0.0228013029315961,307
127,62,65,9,4,4,0,0.00591133004926108,1015
194,115,79,9,4,4,0,0.00506970849176172,789
28,14,14,3,5,2,0,0,88
136,70,66,8,4,3,0,0.00488021295474712,2254
1116,652,464,15,4,6,0,0.00438871473354232,1595
128,63,65,5,4,3,0,0,214
223,131,92,11,4,4,0,0.00599354541263255,2169
248,79,169,12,4,4,0,0.00795544948289578,1257
149,96,53,1,42,1,0,0.00253164556962025,395
4,3,1,1,42,1,0,0.0121951219512195,82
0,0,0,1,3,0,0,0.0214477211796247,373
0,0,0,1,3,0,0,0.0263157894736842,38
345,191,154,13,2,3,0,0.0100574712643678,696
19,13,6,6,4,3,0,0.0481927710843374,83
5,3,2,1,77,0,0,0,185
41,20,21,3,29,1,0,0.00111856823266219,894
18,9,9,1,29,0,0,0,326
3,2,1,1,57,0,0,0,145
68,25,43,2,0,0,0,0,965
8,4,4,1,21,0,0,0,127
31,17,14,1,60,1,0,0.000725689404934688,1378
8,4,4,1,41,1,0,0,693
45,34,11,3,29,2,0,0,653
12,6,6,2,38,1,0,0,156
78,77,1,1,82,0,0,0,496
261,228,33,7,12,1,0,0,569
11,7,4,3,12,0,0,0,40
5,4,1,1,76,0,0,0,101
10,2,8,1,73,1,0,0,317
14,9,5,3,8,0,0,0,325
77,63,14,3,12,0,0,0.00174520069808028,573
12,8,4,3,12,0,0,0,175
5,4,1,1,76,0,0,0,194
232,200,32,5,12,0,0,0.00226757369614512,441
30,27,3,2,33,0,0,0,687
64,63,1,1,76,0,0,0,744
3,2,1,1,76,0,0,0,27
8,5,3,1,54,0,0,0,281
16,11,5,1,5,1,0,0.000843170320404722,3558
8,5,3,1,5,1,0,0,296
7,4,3,2,39,2,0,0.000977517106549365,2046
3,2,1,1,3,0,0,0.0142857142857143,70
8,4,4,1,82,0,0,0,302
6,3,3,1,82,0,0,0,52
133,108,25,2,76,0,0,0,433
9,6,3,2,76,0,0,0,36
5,3,2,1,82,0,0,0,163
19,12,7,1,82,0,0,0,163
20,13,7,1,82,0,0,0,208
833,749,84,6,12,0,0,0,1649
46,39,7,3,33,0,0,0,120
4,2,2,1,82,0,0,0,27
23,4,19,2,73,1,0,0,1871
19,1,18,1,73,1,0,0,1180
170,147,23,4,3,3,0,0.00162513542795233,1846
13,9,4,2,33,0,0,0,62
1,1,0,1,84,0,0,0,1357
3,2,1,1,3,0,0,0.00227963525835866,1316
3,2,1,1,3,0,0,0.0202702702702703,148
83,66,17,6,12,0,0,0.000596302921884317,1677
12,9,3,3,12,0,0,0,173
87,58,29,2,26,2,0,0.00127064803049555,2361
4,3,1,1,14,0,0,0.000451875282422052,2213
93,64,29,4,5,0,0,0,461
29,27,2,2,33,0,0,0,1278
22,12,10,2,33,0,0,0,184
866,710,156,11,26,2,0,0.00150602409638554,1992
1,1,0,1,84,0,0,0,230
6,3,3,2,84,0,0,0,349
57,46,11,4,34,1,0,0.00172711571675302,579
1,1,0,1,84,0,0,0,20
22,12,10,2,33,0,0,0,262
93,66,27,4,3,2,0,0.00216763005780347,1384
5,4,1,1,82,0,0,0,178
124,98,26,6,33,1,0,0,1247
20,13,7,4,23,1,0,0,1849
135,118,17,3,33,1,0,0,2192
8,4,4,2,64,1,0,0,3
4,0,4,1,76,0,0,0,202
4,0,4,1,76,0,0,0,224
4,0,4,1,76,0,0,0,87
4,0,4,1,76,0,0,0,84
4,0,4,1,76,0,0,0,169
4,0,4,1,76,0,0,0,202
4,0,4,1,76,0,0,0,159
4,0,4,1,76,0,0,0,108
4,0,4,1,76,0,0,0,319
4,0,4,1,76,0,0,0,336
4,0,4,1,76,0,0,0,105
4,0,4,1,76,0,0,0,141
4,0,4,1,76,0,0,0,98
4,0,4,1,76,0,0,0,108
4,0,4,1,76,0,0,0,232
4,0,4,1,76,0,0,0,137
4,0,4,1,76,0,0,0,269
2,0,2,1,76,0,0,0,113
4,0,4,1,76,0,0,0,612
2,0,2,1,76,0,0,0,276
18,9,9,3,36,0,0,0,136
4,0,4,1,76,0,0,0,799
2,0,2,1,76,0,0,0,113
4,0,4,1,76,0,0,0,935
4,0,4,1,76,0,0,0,129
2,0,2,1,76,0,0,0,34
4,0,4,1,76,0,0,0,177
9,4,5,2,36,0,0,0,138
4,0,4,1,76,0,0,0,198
4,0,4,1,76,0,0,0,51
4,0,4,1,76,0,0,0,67
2,0,2,1,76,0,0,0,33
2,0,2,1,76,0,0,0,37
2,0,2,1,76,0,0,0,39
2,0,2,1,76,0,0,0,48
2,0,2,1,76,0,0,0,61
4,0,4,1,76,0,0,0,354
2,0,2,1,76,0,0,0,58
4,0,4,1,76,0,0,0,281
2,0,2,1,76,0,0,0,39
4,0,4,1,76,0,0,0,1945
4,0,4,1,76,0,0,0,133
2,0,2,1,76,0,0,0,83
4,0,4,1,76,0,0,0,759
2,0,2,1,76,0,0,0,58
8,2,6,3,71,0,0,0,911
4,0,4,1,76,0,0,0,668
2,0,2,1,76,0,0,0,190
4,0,4,1,76,0,0,0,567
4,0,4,1,76,0,0,0,473
2,0,2,1,76,0,0,0,58
4,0,4,1,76,0,0,0,583
6,1,5,2,69,1,0,0,1523
2,0,2,1,76,0,0,0,340
4,0,4,1,76,0,0,0,382
4,0,4,1,76,0,0,0,111
4,0,4,1,76,0,0,0,296
2,0,2,1,76,0,0,0,39
18,18,0,1,36,0,0,0,32
4,0,4,1,76,0,0,0,176
5,0,5,1,76,0,0,0,575
4,0,4,1,76,0,0,0,285
4,0,4,1,76,0,0,0,1156
4,0,4,1,76,0,0,0,36
34,23,11,5,28,0,0,0,355
6,3,3,1,5,0,0,0,93
84,33,51,4,7,1,0,0.0029673590504451,337
5,3,2,1,28,0,0,0,180
6,5,1,1,14,0,0,0,270
3,2,1,1,43,0,0,0,71
0,0,0,1,58,0,0,0,0
11,6,5,2,32,1,0,0.00387596899224806,258
6,5,1,1,58,0,0,0.00704225352112676,142
45,18,27,1,86,1,0,0,99
15,9,6,2,43,0,0,0,337
40,34,6,1,53,0,0,0,233
183,153,30,3,0,0,0,0.0102040816326531,98
10,5,5,3,15,1,0,0,142
5,4,1,1,24,1,0,0,91
43,39,4,1,58,0,0,0,94
0,0,0,1,14,0,0,0,0
8,6,2,2,5,0,0,0,561
20,4,16,1,89,0,0,0,342
0,0,0,1,58,0,0,0,0
25,18,7,2,14,0,0,0,1047
40,38,2,1,45,0,0,0,181
43,1,42,1,43,0,0,0,545
4,2,2,1,42,0,0,0,271
4,1,3,1,22,0,0,0,107
2309,1150,1159,2,32,1,0,0,1497
19,10,9,5,15,2,0,0,237
27,16,11,4,14,1,0,0.003690036900369,271
210,94,116,3,16,0,0,0.00448430493273543,223
103,102,1,1,24,1,0,0,550
36,34,2,2,58,0,0,0,465
7,4,3,1,43,0,0,0.000849617672047579,1177
14,10,4,2,43,0,0,0,342
21,7,14,2,32,0,0,0,427
6,4,2,1,89,0,0,0,229
219,82,137,5,15,1,0,0.00376647834274953,531
20,9,11,5,5,1,0,0,88
49,17,32,4,5,1,0,0,1163
262,112,150,7,5,1,0,0.00451127819548872,665
120,64,56,13,14,1,0,0.00101626016260163,1968
4,2,2,1,58,0,0,0,626
154,96,58,2,79,0,0,0.000691562932226833,1446
760,579,181,10,21,3,0,0.000550357732526142,1817
0,0,0,1,43,0,0,0,0
262,212,50,7,15,1,0,0,916
107,71,36,2,48,2,0,0,397
19,13,6,3,26,0,0,0,841
30,6,24,2,23,0,0,0,770
74,37,37,6,25,1,0,0,968
5,4,1,1,57,1,0,0,84
12,4,8,2,76,0,0,0,312
29,20,9,1,55,1,0,0,624
10,5,5,1,18,0,0,0,430
2,0,2,1,18,0,0,0,102
3,2,1,1,50,0,0,0,152
36,8,28,2,47,0,0,0,779
117,61,56,3,16,0,0,0,1524
4,2,2,1,9,0,0,0,291
48,36,12,2,16,0,0,0,946
6,4,2,1,16,0,0,0,72
295,137,158,9,0,1,0,0,774
200,135,65,9,0,0,0,0,955
30,29,1,1,2,0,0,0,341
19,13,6,1,16,0,0,0,481
4,2,2,1,42,0,0,0,271
4,1,3,1,22,0,0,0,107
1567,1100,467,8,0,1,0,0,3371
14,11,3,1,27,1,0,0,736
10,5,5,2,27,0,0,0,316
143,90,53,5,2,0,0,0,735
508,367,141,8,0,2,0,0.000305250305250305,3276
41,19,22,7,0,1,0,0,477
155,147,8,3,2,0,0,0,1395
4,2,2,1,16,0,0,0,278
35,25,10,3,2,0,0,0,667
8,3,5,1,54,0,0,0,287
85,33,52,7,16,2,0,0,1305
16,7,9,3,16,0,0,0,2809
12,7,5,2,2,0,0,0,292
43,39,4,1,51,0,0,0,461
21,17,4,1,25,1,0,0,5420
9,7,2,1,17,1,0,0,895
16,12,4,2,39,1,0,0,786
69,47,22,2,47,0,0,0,1367
24,21,3,2,51,1,0,0,1694
18,11,7,1,30,0,0,0.00293255131964809,341
4,2,2,1,30,0,0,0,698
37,34,3,1,30,0,0,0.0015600624024961,641
10,3,7,1,53,0,0,0,863
16,7,9,1,53,0,0,0,624
5,3,2,1,53,0,0,0,482
8,3,5,2,5,0,0,0,309
4,2,2,1,42,0,0,0,271
4,1,3,1,22,0,0,0,107
4,2,2,1,83,1,0,0,193
6,3,3,1,85,1,0,0,233
4,2,2,1,83,1,0,0,1178
8,4,4,1,83,1,0,0,184
16,8,8,1,83,1,0,0,1246
14,7,7,2,9,1,0,0,3545
14,7,7,1,83,1,0,0,3465
34,15,19,2,83,2,0,0,3182
2,1,1,1,85,1,0,0,396
6,3,3,1,49,0,0,0,1102
2,1,1,1,83,1,0,0,1670
2,1,1,1,83,1,0,0,715
2,1,1,1,9,0,0,0,1310
10,5,5,1,83,1,0,0,1223
4,2,2,1,83,1,0,0,736
41,28,13,2,36,0,0,0,554
22,8,14,2,83,1,0,0,248
12,5,7,3,5,0,0,0,308
9,1,8,1,34,0,0,0,43
4,2,2,1,0,0,0,0,222
4,2,2,1,42,0,0,0,271
4,1,3,1,22,0,0,0,107
13,5,8,2,83,1,0,0,128
228,62,166,4,0,0,0,0,505
13,5,8,2,83,1,0,0,84
551,278,273,6,0,1,0,0.000635324015247776,1574
121,51,70,5,2,1,0,0,561
70,27,43,5,0,2,0,0,740
43,23,20,3,0,1,0,0.00746268656716418,134
115,66,49,8,0,2,0,0,527
16,7,9,3,2,1,0,0,225
44,42,2,2,77,2,0,0,771
72,39,33,9,0,2,0,0,448
34,14,20,5,0,1,0,0,548
68,29,39,7,0,1,0,0,205
80,67,13,3,20,0,0,0,287
195,49,146,7,0,1,0,0,688
47,27,20,4,5,0,0,0,139
308,182,126,8,5,2,0,0,518
6,4,2,1,58,0,0,0,1639
10,6,4,1,29,0,0,0,343
4,2,2,1,83,1,0,0,327
4,2,2,1,18,0,0,0,162
4,2,2,1,18,0,0,0,292
0,0,0,1,7,0,0,0,0
0,0,0,1,7,0,0,0,763
0,0,0,1,7,0,0,0,0
8,4,4,1,7,0,0,0,144
37,6,31,1,7,0,0,0,82
0,0,0,1,34,0,0,0,25
0,0,0,1,34,0,0,0,73
0,0,0,2,34,0,0,0,0
0,0,0,2,34,0,0,0,0
0,0,0,2,34,0,0,0,0
13,8,5,2,34,0,0,0,479
46,27,19,3,34,0,0,0,1052
73,63,10,1,34,0,0,0,1019
19,14,5,1,34,0,0,0,382
0,0,0,2,34,0,0,0,0
0,0,0,2,34,0,0,0,0
0,0,0,2,34,0,0,0,0
4,2,2,1,42,0,0,0,271
4,1,3,1,22,0,0,0,107
25,18,7,1,29,0,0,0,298
81,63,18,2,83,2,0,0,1332
8,3,5,2,5,0,0,0.00317460317460317,315
4,2,2,1,42,0,0,0,271
4,1,3,1,22,0,0,0,107
58,30,28,1,85,1,0,0.00134952766531714,1482
18,11,7,1,85,0,0,0,299
263,144,119,2,33,0,0,0.00306372549019608,1632
10,7,3,2,79,0,0,0.00518134715025907,193
195,151,44,4,79,0,0,0.00308641975308642,972
204,150,54,2,79,0,0,0.000815660685154976,1226
6,6,0,1,89,0,0,0,1280
1,1,0,1,89,0,0,0,335
1,1,0,1,89,0,0,0,71
9,4,5,3,5,0,0,0,317
4,2,2,1,6,0,0,0,262
4,2,2,1,42,0,0,0,271
4,1,3,1,22,0,0,0,107
3,2,1,1,5,1,0,0.00115874855156431,863
752,353,399,8,1,1,0,0.000645994832041344,1548
6,3,3,1,12,0,0,0,708
8,6,2,2,5,1,0,0,888
2,2,0,1,89,0,0,0,595
60,51,9,1,79,0,0,0,675
82,42,40,4,9,1,0,0,714
107,20,87,2,9,1,0,0.00740740740740741,405
10,5,5,1,9,1,0,0,143
6,3,3,1,9,1,0,0,147
54,24,30,4,9,1,0,0.00149476831091181,669
56,32,24,4,9,1,0,0.00132100396301189,757
23,10,13,2,9,1,0,0,340
2,1,1,1,9,1,0,0,124
2,1,1,1,9,1,0,0,88
10,6,4,2,9,1,0,0.00386100386100386,259
4,2,2,1,9,1,0,0,93
0,0,0,1,9,1,0,0,103
118,93,25,4,9,1,1,0,306
2,1,1,2,9,1,0,0,111
2,1,1,1,9,1,0,0,58
8,4,4,2,9,1,0,0,234
2,1,1,1,9,1,0,0,283
12,6,6,1,9,1,0,0,359
0,0,0,1,9,1,0,0.0102040816326531,98
20,10,10,1,9,1,0,0,468
56,28,28,1,9,1,0,0,804
6,3,3,2,9,2,0,0,232
8,4,4,1,9,1,0,0,253
0,0,0,1,9,1,0,0,79
0,0,0,1,9,1,0,0.0114942528735632,87
107,71,36,3,9,1,0,0,1793
72,39,33,4,9,1,0,0,582
6,5,1,4,9,1,0,0,69
2,1,1,1,9,1,0,0,121
14,7,7,1,9,1,0,0,252
18,9,9,1,9,1,0,0,350
160,36,124,4,9,1,0,0,79
16,8,8,3,9,2,0,0.00719424460431655,278
34,12,22,2,9,1,0,0,238
6,3,3,1,9,1,0,0,171
6,3,3,1,9,1,0,0,249
4,2,2,1,9,1,0,0.00609756097560976,164
2,1,1,1,9,1,0,0,182
4,2,2,2,9,1,0,0,188
0,0,0,1,9,1,0,0,126
4,2,2,1,9,1,0,0,110
2,1,1,1,9,1,0,0,186
28,14,14,1,9,1,0,0,323
30,16,14,4,9,1,0,0.00253807106598985,394
72,41,31,2,9,1,0,0.00131578947368421,760
15,11,4,2,9,1,0,0.00213675213675214,468
0,0,0,1,9,1,0,0,143
12,6,6,1,9,1,0,0,122
4,2,2,1,18,0,0,0,440
4,2,2,1,9,0,0,0,1553
8,4,4,2,5,0,0,0,414
26,17,9,1,5,0,0,0,558
4,2,2,1,42,0,0,0,271
4,1,3,1,22,0,0,0,107
26,17,9,1,5,0,0,0,1036
8,7,1,1,56,1,0,0,642
29,20,9,1,5,0,0,0,3224
29,15,14,1,5,0,0,0,1361
12,9,3,2,5,0,0,0,947
8,3,5,2,5,0,0,0,308
4,2,2,1,42,0,0,0,271
4,1,3,1,22,0,0,0,107
18,12,6,2,28,0,0,0,791
319,104,215,2,0,0,0,0.00264550264550265,378
13,3,10,2,0,1,0,0.00598802395209581,167
6,4,2,1,29,0,0,0,233
471,91,380,3,28,0,0,0.00170068027210884,588
39,18,21,1,28,1,0,0.00166389351081531,601
42,27,15,2,0,0,0,0.00900900900900901,111
12,5,7,1,22,0,0,0,105
4,2,2,1,42,0,0,0,271
4,1,3,1,22,0,0,0,107
738,205,533,6,22,0,0,0.00346020761245675,867
3,1,2,1,0,0,0,0.00581395348837209,172
44,16,28,2,22,0,0,0,417
303,86,217,7,22,1,0,0.01,100
4,2,2,2,22,0,0,0,191
150,141,9,3,22,0,0,0,192
986,417,569,8,28,1,0,0.00239808153477218,417
278,39,239,2,28,0,0,0.00341296928327645,293
450,123,327,3,28,0,0,0.00134952766531714,741
650,164,486,4,27,0,0,0.00266666666666667,375
98,59,39,3,28,2,0,0,190
860,255,605,9,0,3,0,0.00112359550561798,890
697,198,499,4,0,0,0,0.00174825174825175,572
122,53,69,4,25,1,0,0.000846023688663283,1182
14,7,7,1,28,0,0,0.00309597523219814,323
1237,363,874,8,10,0,0,0.000834724540901503,1198
189,113,76,13,22,1,0,0.000931966449207828,1073
3,1,2,1,0,0,0,0.00139470013947001,717
7,2,5,1,84,0,0,0.000799360511590727,1251
4,2,2,1,5,0,0,0,316
4,2,2,1,42,0,0,0,271
4,1,3,1,22,0,0,0,107
1236,653,583,5,22,1,0,0,1279
27,26,1,1,51,0,0,0,205
87,53,34,5,22,0,0,0,1866
58,37,21,3,48,0,0,0,400
1,1,0,1,19,0,0,0,69
6,3,3,1,43,0,0,0,291
196,193,3,1,43,0,0,0,762
5,3,2,1,43,0,0,0,238
7,4,3,1,43,0,0,0,366
12,10,2,1,47,0,0,0,319
5,3,2,1,21,0,0,0.00172265288544358,1161
7,2,5,1,84,0,0,0.000799360511590727,1251
4,2,2,1,42,0,0,0,271
4,1,3,1,22,0,0,0,107
6,3,3,1,48,1,0,0.00139664804469274,716
4,2,2,1,13,0,0,0.00163132137030995,613
4,2,2,1,48,1,0,0,518
4,2,2,1,48,1,0,0,243
