CODECHURN,LOCADDED,LOCDELETED,REVISIONS,AGE,BUGFIXES,REFACTORINGS,ERROR_DENSITY,LOC
4,2,2,1,31,0,0,0.00254452926208651,393
102,52,50,1,78,0,0,0.000654450261780105,1528
134,75,59,5,18,1,0,0.000433275563258232,2308
4,2,2,1,31,0,0,0,61
41,21,20,3,31,1,0,0,100
91,46,45,4,31,1,0,0,236
4,2,2,1,31,0,0,0.00129032258064516,775
4,2,2,1,31,0,0,0.00578034682080925,173
4,2,2,1,78,0,0,0,56
98,49,49,1,78,0,0,0,135
85,41,44,2,77,0,0,0,554
34,18,16,2,78,0,0,0.00152671755725191,655
6,2,4,1,77,0,0,0,176
10,5,5,1,78,0,0,0.00127064803049555,787
13,7,6,1,78,0,0,0,132
7,4,3,2,78,0,0,0,549
80,40,40,2,77,0,0,0,608
8,4,4,2,31,0,0,0,1140
4,2,2,1,31,0,0,0,54
53,26,27,2,77,0,0,0,585
14,5,9,1,77,0,0,0.00409836065573771,244
83,43,40,2,77,0,0,0,721
8,4,4,1,78,0,0,0.00192678227360308,519
4,2,2,1,78,0,0,0.00900900900900901,111
67,43,24,1,52,0,0,0,599
410,189,221,3,78,0,0,0,468
103,53,50,3,31,1,0,0.00431034482758621,232
45,23,22,3,31,1,0,0.00606060606060606,165
8,4,4,1,78,0,0,0,212
458,253,205,2,78,0,0,0.00298953662182362,669
6,2,4,1,77,0,0,0,82
36,18,18,1,78,0,0,0,77
67,33,34,2,77,0,0,0,627
134,76,58,6,52,2,0,0.00174013921113689,1724
21,10,11,1,78,0,0,0,499
20,9,11,1,78,0,0,0,46
4,2,2,1,78,0,0,0,730
7,4,3,1,78,0,0,0,216
6,3,3,1,78,0,0,0,688
215,148,67,2,78,0,0,0,1032
3,1,2,1,78,0,0,0,329
19,16,3,2,78,1,0,0,441
3,2,1,1,162,1,0,0,249
4,2,2,1,78,0,0,0,991
73,29,44,3,63,1,0,0,217
55,30,25,2,78,0,0,0.00371747211895911,269
43,25,18,5,18,2,0,0,492
0,0,0,1,60,0,0,0,0
0,0,0,1,60,0,0,0,0
149,87,62,4,31,2,0,0.000604960677555959,1653
2,1,1,1,31,0,0,0,45
78,43,35,4,31,1,0,0,138
0,0,0,1,80,0,0,0,0
0,0,0,1,80,0,0,0,0
0,0,0,1,80,0,0,0,0
0,0,0,1,80,0,0,0,0
0,0,0,1,80,0,0,0,0
0,0,0,1,80,0,0,0,0
0,0,0,1,80,0,0,0,0
0,0,0,1,80,0,0,0,0
0,0,0,1,80,0,0,0,0
0,0,0,1,80,0,0,0,0
0,0,0,1,80,0,0,0,0
0,0,0,1,80,0,0,0,0
0,0,0,1,80,0,0,0,0
0,0,0,1,80,0,0,0,0
0,0,0,1,80,0,0,0,0
0,0,0,1,80,0,0,0,0
0,0,0,1,80,0,0,0,0
0,0,0,1,80,0,0,0,0
0,0,0,1,80,0,0,0,0
0,0,0,1,80,0,0,0,0
0,0,0,1,80,0,0,0,0
0,0,0,1,80,0,0,0,0
0,0,0,1,80,0,0,0,0
0,0,0,1,80,0,0,0,0
0,0,0,1,80,0,0,0,0
0,0,0,1,80,0,0,0,0
0,0,0,1,80,0,0,0,0
0,0,0,1,80,0,0,0,0
0,0,0,1,80,0,0,0,0
0,0,0,1,80,0,0,0,0
0,0,0,1,80,0,0,0,0
0,0,0,1,80,0,0,0,0
0,0,0,1,80,0,0,0,0
0,0,0,1,80,0,0,0,0
0,0,0,1,80,0,0,0,0
0,0,0,1,80,0,0,0,0
0,0,0,1,80,0,0,0,0
0,0,0,1,80,0,0,0,0
0,0,0,1,80,0,0,0,0
0,0,0,1,80,0,0,0,0
0,0,0,1,80,0,0,0,0
0,0,0,1,80,0,0,0,0
0,0,0,1,80,0,0,0,0
0,0,0,1,80,0,0,0,0
0,0,0,1,80,0,0,0,0
0,0,0,1,80,0,0,0,0
0,0,0,1,80,0,0,0,0
0,0,0,1,80,0,0,0,0
0,0,0,1,80,0,0,0,0
0,0,0,1,80,0,0,0,0
284,201,83,5,31,0,0,0.00178890876565295,559
0,0,0,1,80,0,0,0,0
0,0,0,1,80,0,0,0,0
0,0,0,1,80,0,0,0,0
0,0,0,1,80,0,0,0,0
0,0,0,1,80,0,0,0,0
0,0,0,1,80,0,0,0,0
0,0,0,1,80,0,0,0,0
0,0,0,1,80,0,0,0,0
0,0,0,1,80,0,0,0,0
0,0,0,1,80,0,0,0,0
322,225,97,5,111,1,0,0,0
137,95,42,5,31,2,0,0.00398406374501992,251
62,40,22,3,31,0,0,0,393
100,53,47,3,31,0,0,0,2003
32,16,16,3,31,0,0,0,448
4,2,2,1,31,0,0,0,635
57,51,6,3,31,1,0,0.00539083557951483,371
4,2,2,1,31,0,0,0,105
9,4,5,2,31,0,1,0,651
30,20,10,3,31,1,0,0,129
10,5,5,2,31,0,0,0,449
21,12,9,2,31,0,0,0.00313479623824451,319
24,12,12,2,31,0,0,0,645
90,51,39,5,31,2,0,0.00164203612479475,609
58,29,29,2,31,0,0,0.00188679245283019,530
21,9,12,2,31,0,0,0,409
16,8,8,2,31,0,0,0.00326797385620915,306
18,9,9,3,31,0,0,0,243
47,25,22,4,31,1,0,0,771
147,78,69,5,31,2,0,0,623
18,9,9,4,31,1,0,0,1074
33,17,16,3,31,0,0,0,491
109,50,59,3,31,0,0,0,817
4,2,2,1,31,0,0,0,239
4,2,2,1,31,0,0,0,599
12,6,6,3,31,1,0,0.00294550810014728,679
16,8,8,4,31,1,0,0,833
4,2,2,1,31,0,0,0,990
18,9,9,3,31,0,0,0.00144300144300144,693
24,12,12,3,31,1,0,0,320
12,6,6,3,31,1,0,0,209
24,12,12,4,31,1,0,0,743
60,31,29,4,31,1,0,0.0011441647597254,874
4,2,2,1,31,0,0,0.00746268656716418,134
4,2,2,1,31,0,0,0,367
4,2,2,1,31,0,0,0.00448430493273543,223
1109,824,285,13,2,5,0,0.000835770998746344,4786
16,8,8,3,31,1,0,0.00602409638554217,332
294,161,133,6,31,2,0,0.00547945205479452,730
233,118,115,5,31,1,0,0.00151745068285281,659
70,35,35,3,31,0,0,0,318
178,105,73,7,31,3,0,0.00182260024301337,1646
10,7,3,2,31,1,0,0.00769230769230769,260
310,239,71,3,31,1,0,0.00113765642775882,879
4,2,2,1,31,0,0,0,248
319,174,145,6,31,2,0,0.000518134715025907,1930
85,43,42,4,31,0,0,0.00150602409638554,1328
4,2,2,1,31,0,0,0,981
29,15,14,3,31,0,0,0,1491
14,7,7,3,31,1,0,0,813
65,33,32,3,31,0,0,0,1397
123,70,53,6,31,2,0,0,959
35,14,21,3,31,1,0,0,521
19,8,11,3,31,1,0,0,1962
35,18,17,3,31,1,0,0,1196
4,2,2,1,31,0,0,0.00276243093922652,362
47,37,10,3,31,1,0,0.004,500
94,48,46,7,31,3,0,0.00110864745011086,1804
8,4,4,2,31,0,0,0,53
61,33,28,3,31,1,0,0,375
1400,667,733,11,17,3,0,0.000687915615684476,4361
455,279,176,15,11,5,0,0.00142470437384243,7019
4,2,2,1,31,0,0,0.00373134328358209,536
12,6,6,2,31,0,0,0.000773395204949729,1293
96,79,17,4,31,1,0,0.000413907284768212,2416
4,2,2,1,31,0,0,0.00216450216450216,462
199,167,32,3,31,1,0,0.00126796280642434,2366
4,2,2,1,31,0,0,0,433
171,102,69,5,31,1,0,0.00125156445556946,2397
594,451,143,8,2,4,0,0.000829187396351575,2412
14,11,3,2,31,1,0,0,159
723,666,57,7,31,3,0,0.000637145587766805,3139
46,18,28,4,21,1,0,0.00847457627118644,354
78,70,8,3,15,1,0,0.00143472022955524,697
91,10,81,4,31,0,0,0.0036101083032491,277
186,156,30,2,31,1,0,0,536
53,26,27,3,12,0,0,0,158
4,2,2,1,31,0,0,0,137
4,2,2,1,31,0,0,0,80
12,6,6,3,31,0,0,0,905
21,13,8,3,31,0,0,0.00485436893203883,824
30,20,10,3,9,0,0,0.00147383935151069,1357
38,19,19,2,31,0,0,0.00277777777777778,720
8,5,3,2,31,1,0,0,352
12,6,6,2,31,0,1,0.00266666666666667,375
30,27,3,2,31,1,0,0.00738007380073801,271
73,50,23,6,29,0,0,0.00130718954248366,2295
9,5,4,2,31,1,0,0.000936329588014981,1068
119,87,32,7,2,3,0,0.000903342366757001,1107
98,88,10,4,31,1,1,0.000648508430609598,1542
4,2,2,1,31,0,0,0.00344827586206897,290
254,162,92,10,31,4,0,0.000289519397799653,3454
121,82,39,7,31,1,0,0.00129954515919428,1539
4,2,2,1,31,0,0,0,319
20,10,10,3,31,0,0,0,71
141,80,61,5,31,2,0,0.00247729149463253,1211
198,149,49,5,31,0,1,0.00229226361031519,1745
328,229,99,9,23,6,0,0.00272108843537415,1470
4,2,2,1,31,0,0,0,76
108,55,53,4,31,0,1,0,2180
14,7,7,3,31,0,1,0,339
27,14,13,4,31,0,0,0.0069284064665127,433
38,19,19,3,31,0,1,0.00481927710843374,830
8,5,3,2,31,0,0,0.0033003300330033,606
35,18,17,3,29,0,0,0.00241545893719807,414
80,46,34,6,31,3,0,0.00151515151515152,1320
541,301,240,11,2,6,1,0.00114893005888267,6963
94,55,39,4,31,1,0,0.000744047619047619,1344
992,620,372,11,30,6,0,0.00108078897595245,3701
714,492,222,9,31,2,0,0.000901713255184851,2218
358,193,165,7,31,1,1,0.00111815132314573,2683
26,13,13,2,31,0,0,0.000675675675675676,1480
672,447,225,9,29,4,0,0.0013259082471493,3771
332,186,146,13,31,5,0,0.000788643533123028,1268
162,92,70,4,29,0,0,0.00104931794333683,953
29,16,13,3,31,1,0,0.00212314225053079,471
17,9,8,2,31,0,0,0.0020703933747412,483
81,40,41,3,31,0,0,0.00423728813559322,236
4,2,2,1,31,0,0,0,567
4,2,2,1,31,0,0,0,321
289,205,84,7,31,3,0,0.000722804481387785,2767
4,2,2,1,31,0,0,0,720
297,170,127,6,31,2,0,0.000415627597672485,4812
15,8,7,2,31,0,0,0,251
4,2,2,1,31,0,0,0,1227
27,19,8,5,31,3,0,0,1210
41,20,21,2,31,0,0,0.00275735294117647,1088
4,2,2,1,31,0,0,0.00869565217391304,115
33,20,13,4,21,2,0,0.000588928150765607,1698
4,2,2,1,31,0,0,0,362
4,2,2,1,31,0,0,0,222
114,48,66,4,31,1,0,0.003690036900369,542
12,6,6,2,31,0,0,0,340
4,2,2,1,31,0,0,0,238
4,2,2,1,31,0,0,0.0026246719160105,381
4,2,2,1,31,0,0,0,260
24,12,12,2,31,0,0,0,891
12,6,6,2,31,0,0,0,890
18,9,9,2,31,0,0,0,1041
27,14,13,2,31,0,0,0,428
14,7,7,2,31,0,0,0,347
36,18,18,2,31,0,0,0,1626
4,2,2,1,31,0,0,0,431
16,8,8,2,31,0,0,0,318
4,2,2,1,31,0,0,0,348
4,2,2,1,31,0,0,0,318
4,2,2,1,31,0,0,0,338
105,58,47,3,31,1,0,0,1069
8,4,4,2,31,0,0,0,227
35,25,10,3,31,1,0,0.00171821305841924,582
4,2,2,1,31,0,0,0,207
4,2,2,1,31,0,0,0,336
139,83,56,8,31,4,0,0.00240963855421687,2075
4,2,2,1,31,0,0,0,90
4,2,2,1,31,0,0,0,214
14,7,7,3,31,0,0,0,276
469,271,198,8,2,3,0,0.000624219725343321,1602
4,2,2,1,31,0,0,0.00166112956810631,602
29,14,15,3,31,0,0,0,998
4,2,2,1,31,0,0,0,164
8,4,4,2,31,0,0,0,1647
7,4,3,2,31,0,0,0,503
4,2,2,1,31,0,0,0,336
37,21,16,3,31,1,0,0,1439
10,5,5,2,31,0,0,0,679
4,2,2,1,31,0,0,0,180
8,4,4,2,31,0,0,0,398
4,2,2,1,31,0,0,0,792
104,46,58,7,31,3,0,0.000558815311539536,3579
89,39,50,6,31,2,0,0.000796495420151334,2511
4,2,2,1,31,0,0,0,1239
15,8,7,2,31,1,0,0,355
4,2,2,1,31,0,0,0,74
4,2,2,1,31,0,0,0,27
85,50,35,9,23,6,0,0.000810044552450385,2469
4,2,2,1,31,0,0,0,93
8,4,4,2,31,0,0,0.00204498977505112,489
4,2,2,1,31,0,0,0,423
4,2,2,1,31,0,0,0,1199
11,5,6,2,31,1,0,0,937
4,2,2,1,31,0,0,0,75
4,2,2,1,31,0,0,0,53
10,5,5,2,31,0,0,0,266
4,2,2,1,31,0,0,0,335
4,2,2,1,31,0,0,0,132
4,2,2,1,31,0,0,0,266
4,2,2,1,31,0,0,0,105
67,45,22,4,21,2,0,0.00232738557020946,1289
53,34,19,4,21,2,0,0,766
299,203,96,6,31,3,0,0.000378357926598562,2643
631,394,237,6,23,3,0,0.000516528925619835,1936
164,83,81,4,31,0,0,0.000691323885240235,2893
50,41,9,3,23,1,0,0.001,1000
331,221,110,5,21,3,0,0.00112994350282486,885
16,9,7,2,23,1,0,0,185
540,325,215,8,23,4,0,0,1493
4,2,2,1,31,0,0,0,258
288,162,126,6,31,3,0,0.00058021467943139,3447
366,229,137,6,23,4,0,0.00147058823529412,1360
72,48,24,4,31,1,0,0.00493421052631579,608
35,22,13,4,21,2,0,0,398
40,23,17,5,31,2,0,0.00387596899224806,1806
499,319,180,5,31,1,0,0.000619195046439629,1615
260,148,112,6,15,3,0,0.00211864406779661,1416
4,2,2,1,31,0,0,0.000757575757575758,1320
4,2,2,1,31,0,0,0,526
4,2,2,1,31,0,0,0,371
23,11,12,3,31,1,0,0,1421
148,88,60,7,21,2,0,0.0008994827973915,4447
10,5,5,2,31,0,0,0,100
23,11,12,2,31,0,0,0.000771604938271605,1296
86,67,19,4,20,2,0,0.00418848167539267,955
115,65,50,3,20,1,0,0,1560
23,12,11,2,31,0,0,0,613
8,4,4,2,31,0,0,0,597
71,55,16,4,31,2,0,0,246
53,48,5,3,31,1,0,0,709
40,27,13,4,31,0,0,0.000523560209424084,1910
26,16,10,5,31,2,0,0.00418410041841004,478
4,2,2,1,31,0,0,0,438
21,11,10,2,31,0,0,0,1788
161,98,63,6,21,4,0,0.000488997555012225,2045
109,61,48,5,31,0,1,0.000791139240506329,2528
97,66,31,4,21,1,1,0.00149253731343284,1340
4,2,2,1,31,0,0,0,440
312,292,20,6,21,1,1,0.000773993808049536,1292
13,6,7,3,31,1,1,0.000493339911198816,2027
29,16,13,4,31,2,0,0.000735835172921266,1359
350,190,160,3,31,0,1,0.00160513643659711,623
455,237,218,6,31,2,1,0.00189663347558084,2109
12,7,5,2,31,0,0,0,173
4,2,2,1,31,0,0,0,208
4,2,2,1,31,0,0,0,96
4,2,2,1,31,0,0,0,50
4,2,2,1,31,0,0,0,36
12,6,6,2,78,0,0,0,135
4,2,2,1,31,0,0,0,44
4,2,2,1,31,0,0,0,107
4,2,2,1,31,0,0,0,59
4,2,2,1,31,0,0,0,68
4,2,2,1,31,0,0,0,25
4,2,2,1,31,0,0,0,46
4,2,2,1,31,0,0,0,133
4,2,2,1,31,0,0,0,44
4,2,2,1,31,0,0,0,106
4,2,2,1,31,0,0,0,60
4,2,2,1,31,0,0,0,106
4,2,2,1,31,0,0,0,59
4,2,2,1,31,0,0,0,47
4,2,2,1,31,0,0,0,46
4,2,2,1,31,0,0,0,38
4,2,2,1,31,0,0,0,46
4,2,2,1,31,0,0,0,46
4,2,2,1,31,0,0,0,67
4,2,2,1,31,0,0,0,109
2,1,1,1,31,0,0,0,46
2,1,1,1,31,0,0,0,46
4,2,2,1,31,0,0,0,328
41,7,34,2,6,1,0,0,315
4,2,2,1,31,0,0,0,31
23,16,7,2,6,1,0,0,499
8,4,4,2,31,0,0,0,492
24,12,12,4,31,0,0,0,77
4,2,2,1,31,0,0,0,248
10,5,5,2,31,0,0,0.00320512820512821,312
76,38,38,2,31,0,0,0,617
4,2,2,1,31,0,0,0,123
12,9,3,2,6,1,0,0,207
14,7,7,2,31,0,0,0.00346020761245675,289
747,428,319,15,18,3,0,0.00176865935620799,2827
147,83,64,7,31,3,0,0,1075
4,2,2,1,31,0,0,0,68
214,164,50,8,21,3,0,0,706
302,144,158,7,31,2,0,0.00126103404791929,3172
1445,779,666,12,21,3,0,0.000871459694989107,4590
520,338,182,8,7,3,0,0,1267
28,16,12,3,31,0,0,0,315
52,30,22,3,29,1,0,0.00126903553299492,788
7,4,3,2,29,1,0,0.000874125874125874,1144
111,108,3,1,29,1,0,0.000602046959662854,1661
4,2,2,1,118,1,0,0.000446030330062444,2242
21,11,10,1,118,1,0,0,699
54,29,25,3,31,1,0,0.00133689839572193,748
39,19,20,4,31,2,0,0,1884
21,11,10,3,31,1,0,0,1049
4,2,2,1,31,0,0,0,158
4,2,2,1,31,0,0,0,90
69,27,42,6,31,2,0,0,311
0,0,0,1,164,1,0,0,64
0,0,0,1,164,1,0,0,337
0,0,0,1,164,1,0,0,624
0,0,0,1,164,1,0,0,1117
0,0,0,1,164,1,0,0,762
0,0,0,1,164,1,0,0,1246
0,0,0,1,164,1,0,0,503
0,0,0,1,164,1,0,0,1230
0,0,0,1,164,1,0,0,1065
0,0,0,1,164,1,0,0,297
0,0,0,1,164,1,0,0,749
0,0,0,1,164,1,0,0,1017
0,0,0,1,164,1,0,0,1093
0,0,0,1,164,1,0,0,307
0,0,0,1,164,1,0,0,998
0,0,0,1,164,1,0,0,700
0,0,0,1,164,1,0,0,339
0,0,0,1,164,1,0,0,634
0,0,0,1,164,1,0,0,1125
0,0,0,1,164,1,0,0,768
0,0,0,1,164,1,0,0,1256
0,0,0,1,164,1,0,0,509
0,0,0,1,164,1,0,0,1234
0,0,0,1,164,1,0,0,1073
0,0,0,1,164,1,0,0,299
0,0,0,1,164,1,0,0,755
0,0,0,1,164,1,0,0,1023
0,0,0,1,164,1,0,0,1004
0,0,0,1,164,1,0,0,694
0,0,0,1,164,1,0,0,1097
0,0,0,1,164,1,0,0,309
0,0,0,1,164,1,0,0,2205
0,0,0,1,164,1,0,0,473
4,2,2,1,31,0,0,0,186
4,2,2,1,31,0,0,0,167
534,412,122,5,31,3,0,0.000775795190069822,2578
107,69,38,4,31,1,0,0,522
10,5,5,2,31,0,0,0,425
4,2,2,1,31,0,0,0,582
45,23,22,3,31,0,0,0,1798
4,2,2,1,31,0,0,0,1872
50,29,21,3,31,0,0,0,235
8,4,4,2,31,0,0,0,231
4,2,2,1,31,0,0,0,124
770,496,274,12,23,6,0,0.00222551928783383,1348
4,2,2,1,31,0,0,0,441
4,2,2,1,31,0,0,0,255
4,2,2,1,31,0,0,0.0028328611898017,353
63,56,7,3,31,1,0,0.00992555831265509,403
58,28,30,2,31,0,0,0.00232828870779977,859
65,54,11,3,31,0,0,0.00212314225053079,942
104,87,17,4,24,1,0,0.00127713920817369,783
100,65,35,3,31,1,0,0.000793021411578113,2522
12,6,6,2,31,0,0,0,694
282,177,105,8,6,4,0,0.00066711140760507,1499
4,2,2,1,31,0,0,0,378
4,2,2,1,31,0,0,0,94
211,147,64,5,31,1,0,0.00375469336670839,799
4,2,2,1,31,0,0,0,65
497,349,148,6,31,2,0,0.000623441396508728,1604
92,63,29,4,31,2,0,0,907
4,2,2,1,31,0,0,0,79
4,2,2,1,31,0,0,0,245
4,2,2,1,31,0,0,0.00158478605388273,631
93,47,46,5,6,2,0,0.00126871352448617,3941
41,20,21,4,31,0,0,0.000620347394540943,1612
264,171,93,5,31,2,0,0.00194931773879142,2565
70,14,56,4,31,1,0,0.0112359550561798,89
69,27,42,7,31,2,0,0,149
107,74,33,7,31,2,0,0,106
163,94,69,7,31,3,0,0,201
271,139,132,11,31,4,0,0,894
102,64,38,4,11,2,0,0,262
491,252,239,11,11,8,1,0.000568181818181818,1760
146,94,52,8,31,3,1,0.00493827160493827,405
300,192,108,7,31,4,0,0,325
116,62,54,7,31,3,1,0,634
305,70,235,9,31,3,0,0.00606060606060606,165
70,41,29,8,17,2,0,0,372
1371,693,678,14,31,3,1,0,1888
22,11,11,2,31,0,0,0.00413223140495868,242
4,2,2,1,31,0,0,0.000302480338777979,3306
4,2,2,1,31,0,0,0,467
4,2,2,1,31,0,0,0.000706713780918728,4245
8,4,4,2,31,0,0,0,235
19,15,4,2,31,1,0,0,160
20,10,10,2,31,0,0,0.00325732899022801,307
87,45,42,6,69,3,0,0.00229621125143513,871
4,2,2,1,31,0,0,0,213
69,43,26,3,31,0,0,0.00078064012490242,2562
55,28,27,2,31,0,0,0.000742758108442684,4039
4,2,2,1,31,0,0,0,208
106,64,42,4,31,0,0,0.0046189376443418,433
4,2,2,1,31,0,0,0.0033003300330033,303
4,2,2,1,31,0,0,0.00359712230215827,556
193,134,59,3,31,1,0,0,435
107,55,52,3,31,0,0,0,2754
10,5,5,2,31,0,0,0.00210526315789474,475
118,64,54,6,31,1,0,0.000379362670713202,5272
4,2,2,1,31,0,0,0.00732600732600733,273
33,17,16,3,31,1,0,0.000190548780487805,5248
4,2,2,1,31,0,0,0,95
4,2,2,1,31,0,0,0,1382
26,15,11,2,31,1,0,0,1220
156,91,65,4,31,1,0,0,392
97,55,42,4,31,1,0,0.0028328611898017,353
100,70,30,4,24,1,0,0.00177304964539007,564
10,5,5,2,31,1,0,0,315
4,2,2,1,31,0,0,0.000624219725343321,1602
4,2,2,1,31,0,0,0,380
10,5,5,1,78,0,0,0.000671591672263264,1489
0,0,0,1,158,0,0,0,0
77,38,39,2,31,0,0,0.000183250870441635,5457
4,2,2,1,31,0,0,0,135
4,2,2,1,31,0,0,0,421
469,311,158,7,31,3,0,0.000668002672010688,1497
4,2,2,1,31,0,0,0,426
18,9,9,2,31,0,0,0.00281293952180028,711
71,51,20,5,31,2,0,0.00235849056603774,848
4,2,2,1,31,0,0,0,400
4,2,2,1,31,0,0,0.0102040816326531,98
957,517,440,7,31,3,1,0.000856164383561644,1168
241,234,7,3,31,1,0,0.000664451827242525,1505
259,137,122,7,7,2,0,0.000252206809583859,3965
4,2,2,1,31,0,0,0,737
388,200,188,6,26,4,0,0.00109229929000546,5493
721,472,249,9,31,4,0,0.000903668895716609,5533
24,21,3,2,31,0,0,0,389
92,46,46,3,31,1,0,0.000426075841499787,4694
72,40,32,9,31,2,2,0.00606060606060606,165
135,71,64,7,31,1,2,0,791
1100,656,444,15,24,5,1,0.00204290091930541,979
148,89,59,10,31,4,1,0,291
12,6,6,4,31,1,0,0.00386100386100386,259
31,14,17,3,31,1,1,0,286
260,84,176,11,31,3,1,0.00231481481481481,432
245,164,81,8,31,3,1,0,400
424,238,186,12,31,4,2,0,856
817,342,475,11,31,7,1,0.00181818181818182,550
369,226,143,12,31,5,2,0.00141143260409315,1417
175,94,81,6,31,2,1,0,370
146,77,69,4,31,0,0,0.00169204737732657,591
102,51,51,3,31,1,0,0,240
39,22,17,3,31,1,0,0,1572
53,27,26,2,31,0,0,0.00221238938053097,904
128,65,63,5,31,1,0,0.00102880658436214,2916
4,2,2,1,31,0,0,0.0333333333333333,30
4,2,2,1,31,0,0,0,169
2287,1271,1016,22,17,13,1,0.00115174200978981,3473
18,10,8,3,31,1,0,0,1825
25,19,6,3,31,1,0,0.000908265213442325,1101
54,42,12,3,31,1,0,0.000741564701520208,2697
195,113,82,5,31,2,0,0.00204708290685773,977
205,160,45,4,31,2,0,0.00076844262295082,3904
119,116,3,2,31,1,0,0.00101936799184506,981
71,36,35,5,31,2,0,0,642
8,4,4,2,31,0,0,0,531
4,2,2,1,31,0,0,0,60
784,537,247,8,31,4,0,0.000401929260450161,2488
4,2,2,1,31,0,0,0,624
160,109,51,5,29,0,0,0.00224921277552856,2223
4,2,2,1,31,0,0,0.00346921075455334,1153
35,19,16,3,31,0,0,0,1528
4,2,2,1,31,0,0,0,91
4,2,2,1,31,0,0,0,514
68,28,40,3,31,0,0,0.00102459016393443,976
8,4,4,2,31,0,0,0,117
94,61,33,4,29,0,0,0,1215
32,19,13,4,31,0,0,0.00152671755725191,655
4,2,2,1,31,0,0,0,112
4,2,2,1,31,1,0,0,248
4,2,2,1,31,0,0,0,250
4,2,2,1,31,0,0,0,112
4,2,2,1,31,0,0,0,134
4,2,2,1,31,1,0,0,189
4,2,2,1,31,0,0,0,126
4,2,2,1,31,0,0,0,143
4,2,2,1,31,0,0,0,27
60,32,28,3,31,1,0,0,609
4,2,2,1,31,0,0,0,67
4,2,2,1,31,0,0,0.00158478605388273,631
4,2,2,1,31,0,0,0,140
42,24,18,2,31,1,0,0,339
4,2,2,1,31,0,0,0,704
4,2,2,1,31,0,0,0,148
4,2,2,1,31,0,0,0,373
4,2,2,1,31,0,0,0,222
4,2,2,1,31,0,0,0,182
4,2,2,1,31,0,0,0,69
10,5,5,2,31,0,0,0,70
12,6,6,2,31,0,0,0,71
10,5,5,2,31,0,0,0,70
10,5,5,2,31,0,0,0,76
10,5,5,2,31,0,0,0,70
10,5,5,2,31,0,0,0,70
10,5,5,2,31,0,0,0,70
10,5,5,2,31,0,0,0,70
4,2,2,1,31,0,0,0,70
10,5,5,2,31,0,0,0,168
4,2,2,1,31,0,0,0,119
10,5,5,2,31,0,0,0,70
10,5,5,2,31,0,0,0,76
4,2,2,1,31,0,0,0,70
4,2,2,1,31,0,0,0,70
10,5,5,2,31,0,0,0,158
45,26,19,3,78,2,0,0,587
156,106,50,6,23,2,0,0.00401069518716578,748
153,81,72,3,78,1,0,0,1578
1962,1059,903,22,2,8,1,0.0015406162464986,7140
4,2,2,1,31,0,0,0.00763358778625954,131
4,2,2,1,31,0,0,0,73
12,6,6,3,1,1,0,0,392
4,2,2,1,31,0,0,0,109
4,2,2,1,31,0,0,0,462
96,31,65,4,31,0,0,0.000886524822695035,1128
19,13,6,2,31,0,0,0,701
25,13,12,3,31,0,0,0.0031413612565445,955
24,12,12,3,31,0,0,0,937
4,2,2,1,31,0,0,0,1023
94,47,47,4,31,0,0,0,2943
29,15,14,2,31,0,0,0,926
54,27,27,3,31,0,0,0,282
379,196,183,6,31,3,0,0.000698812019566737,1431
725,383,342,13,31,3,0,0.000638365783593999,3133
4,2,2,1,31,0,0,0,503
7,6,1,1,11,0,0,0,219
104,60,44,9,31,2,0,0.00210748155953635,1898
244,173,71,6,31,2,0,0,1032
36,18,18,3,31,0,0,0,968
4,2,2,1,31,0,0,0,41
129,84,45,8,18,3,0,0.000351000351000351,2849
4,2,2,1,86,0,0,0,357
38,27,11,2,96,1,0,0,1022
6,3,3,1,54,1,0,0,681
46,32,14,2,96,1,0,0,559
83,50,33,4,78,2,0,0,1387
1075,920,155,13,2,2,0,0.000582637405321422,10298
103,71,32,4,31,1,0,0,501
34,31,3,2,31,1,0,0,1114
123,62,61,8,31,2,0,0.000671140939597315,1490
9,2,7,1,52,0,0,0.00240384615384615,416
37,19,18,3,31,0,0,0,944
62,43,19,6,31,3,0,0.000551876379690949,1812
4,2,2,1,31,0,0,0,41
15,7,8,3,31,1,0,0.000656598818122127,1523
4,2,2,1,31,0,0,0.0102040816326531,98
18,9,9,2,31,0,0,0,824
4,2,2,1,31,0,0,0,22
24,14,10,2,12,1,0,0,139
972,792,180,7,31,2,0,0.00235849056603774,2544
18,15,3,2,31,1,0,0,70
83,54,29,5,12,2,0,0,451
4,2,2,1,31,0,0,0,19
17,12,5,2,31,0,0,0,373
4,2,2,1,31,0,0,0,47
12,7,5,2,31,1,0,0,302
4,2,2,1,31,0,0,0,16
10,7,3,2,31,0,0,0,372
4,2,2,1,31,0,0,0,15
62,46,16,4,31,2,0,0.00529100529100529,378
60,42,18,5,31,1,0,0.00193236714975845,2070
9,5,4,2,31,1,0,0,98
4,2,2,1,31,0,0,0,319
4,2,2,1,31,0,0,0,25
4,2,2,1,31,0,0,0,66
4,2,2,1,31,0,0,0,125
56,15,41,5,31,3,0,0.00112233445566779,891
4,2,2,1,31,0,0,0,274
4,2,2,1,31,0,0,0,22
274,214,60,3,31,0,0,0,2648
4,2,2,1,31,0,0,0,15
4,2,2,1,31,0,0,0,243
4,2,2,1,31,0,0,0,60
8,4,4,2,31,0,0,0,242
17,8,9,4,31,1,0,0,405
8,4,4,2,31,0,0,0.0222222222222222,45
14,6,8,3,31,1,0,0,224
21,14,7,4,31,2,0,0,224
8,4,4,2,31,0,0,0,336
8,4,4,2,31,0,0,0,152
21,14,7,4,31,2,0,0,341
8,4,4,2,31,0,0,0,151
8,4,4,2,31,0,0,0,328
8,4,4,2,31,0,0,0,271
4,2,2,1,31,0,0,0.0158730158730159,63
4,2,2,1,31,0,0,0,54
8,4,4,2,31,0,0,0.00689655172413793,145
22,12,10,4,31,2,0,0.00642398286937901,467
4,2,2,1,31,0,0,0,152
4,2,2,1,31,0,0,0,341
4,2,2,1,31,0,0,0,25
18,9,9,2,31,0,0,0.0060790273556231,329
52,35,17,4,18,2,0,0.00371747211895911,269
4,2,2,1,31,0,0,0,26
156,121,35,5,31,1,0,0.00137362637362637,728
4,2,2,1,31,0,0,0.00675675675675676,148
4,2,2,1,31,0,0,0,73
33,20,13,3,31,1,0,0.00333889816360601,599
4,2,2,1,31,0,0,0,33
8,5,3,2,31,1,0,0,40
21,13,8,4,18,2,0,0.00934579439252336,107
8,4,4,2,31,0,0,0,30
4,2,2,1,31,0,0,0,58
4,2,2,1,31,0,0,0,146
10,5,5,2,31,0,0,0,134
4,2,2,1,31,0,0,0,30
38,31,7,3,31,1,0,0.00613496932515337,163
4,2,2,1,31,0,0,0,121
12,6,6,2,31,0,0,0,241
23,12,11,3,31,0,0,0.00578034682080925,173
4,2,2,1,31,0,0,0,52
4,2,2,1,31,0,0,0,40
4,2,2,1,31,0,0,0,68
21,11,10,5,31,3,0,0.00531914893617021,188
59,26,33,5,31,1,0,0,214
4,2,2,1,31,0,0,0,259
4,2,2,1,31,0,0,0.00719424460431655,139
4,2,2,1,31,0,0,0,29
14,7,7,3,31,0,0,0,76
8,5,3,2,31,1,0,0.00118623962040332,843
4,2,2,1,31,0,0,0,41
104,52,52,26,31,9,0,0.172413793103448,58
26,19,7,4,31,2,0,0.00413223140495868,242
4,2,2,1,31,0,0,0,103
4,2,2,1,31,0,0,0,74
55,39,16,3,31,1,0,0,258
37,25,12,5,31,1,0,0.00833333333333333,120
14,7,7,3,31,1,0,0,242
12,6,6,2,31,0,0,0,126
299,167,132,3,31,1,0,0,690
109,69,40,4,31,2,0,0,336
4,2,2,1,31,0,0,0,61
26,15,11,3,31,1,0,0.00622406639004149,482
4,2,2,1,31,0,0,0,54
4,2,2,1,31,0,0,0,98
22,11,11,2,31,0,0,0,68
44,29,15,4,31,2,0,0,334
12,6,6,3,31,0,0,0.0131578947368421,152
7,4,3,2,15,1,0,0,215
4,2,2,1,31,0,0,0,162
4,2,2,1,31,0,0,0,96
12,6,6,3,31,0,0,0,79
4,2,2,1,31,0,0,0,95
4,2,2,1,31,0,0,0,89
8,4,4,2,31,0,0,0,72
22,13,9,2,31,1,0,0,94
4,2,2,1,31,0,0,0,59
10,5,5,2,31,0,0,0,82
4,2,2,1,31,0,0,0,63
4,2,2,1,31,0,0,0,64
12,6,6,2,31,0,0,0,87
17,11,6,3,31,1,0,0,214
184,105,79,4,31,1,0,0,960
14,9,5,2,31,1,0,0,148
4,2,2,1,31,0,0,0,80
4695,2492,2203,20,31,6,0,0.00134318334452653,4467
4,2,2,1,31,0,0,0,74
4,2,2,1,31,0,0,0,91
4,2,2,1,31,0,0,0,80
4,2,2,1,31,0,0,0,238
4,2,2,1,31,0,0,0,68
10,5,5,2,31,0,0,0,113
8,4,4,3,31,1,0,0,65
12,6,6,3,31,1,0,0,83
12,6,6,3,31,1,0,0,68
8,4,4,3,31,1,0,0,72
14,7,7,4,31,1,0,0,72
91,59,32,5,31,1,0,0.00288600288600289,693
4,2,2,1,31,0,0,0,61
4,2,2,1,31,0,0,0,23
4,2,2,1,31,0,0,0,46
4,2,2,1,31,0,0,0,29
2,1,1,1,31,0,0,0,39
4,2,2,1,31,0,0,0.037037037037037,27
4,2,2,1,31,0,0,0,25
4,2,2,1,31,0,0,0,68
75,53,22,6,31,2,0,0.00719424460431655,139
12,6,6,3,31,0,0,0,20
32,16,16,3,31,0,0,0,44
4,2,2,1,31,0,0,0,24
14,7,7,3,31,0,0,0,34
14,7,7,2,31,0,0,0,65
8,4,4,2,31,0,0,0.0333333333333333,30
4,2,2,1,31,0,0,0,106
14,8,6,3,2,1,0,0.0294117647058824,68
4,2,2,1,31,0,0,0,55
28,13,15,4,30,2,0,0,172
18,9,9,3,31,0,0,0.0217391304347826,46
15,8,7,2,31,0,0,0.0212765957446809,141
8,4,4,2,31,0,0,0,39
4,2,2,1,31,0,0,0,17
4,2,2,1,31,0,0,0.0454545454545455,22
4,2,2,1,31,0,0,0,208
4,2,2,1,31,0,0,0,33
20,10,10,3,31,0,0,0,67
37,19,18,5,31,2,0,0,297
4,2,2,1,31,0,0,0.0384615384615385,26
4,2,2,1,31,0,0,0,121
4,2,2,1,31,0,0,0.0131578947368421,76
4,2,2,1,31,0,0,0,29
4,2,2,1,31,0,0,0,25
4,2,2,1,31,0,0,0,25
4,2,2,1,31,0,0,0,25
4,2,2,1,31,0,0,0,25
4,2,2,1,31,0,0,0,25
4,2,2,1,31,0,0,0,27
4,2,2,1,31,0,0,0,25
4,2,2,1,31,0,0,0,48
4,2,2,1,31,0,0,0,29
4,2,2,1,31,0,0,0,39
4,2,2,1,31,0,0,0,25
4,2,2,1,31,0,0,0,27
4,2,2,1,31,0,0,0,25
4,2,2,1,31,0,0,0,25
4,2,2,1,31,0,0,0,27
4,2,2,1,31,0,0,0,27
4,2,2,1,31,0,0,0,25
4,2,2,1,31,0,0,0,27
4,2,2,1,31,0,0,0,29
4,2,2,1,31,0,0,0,25
4,2,2,1,31,0,0,0,27
4,2,2,1,31,0,0,0,25
4,2,2,1,31,0,0,0,27
20,10,10,3,31,1,0,0.00671140939597315,149
12,6,6,2,31,0,0,0,73
4,2,2,1,31,0,0,0,25
4,2,2,1,31,0,0,0,173
20,11,9,5,31,3,0,0.00186567164179104,536
4,2,2,1,31,0,0,0,302
8,5,3,2,31,0,0,0,161
4,2,2,1,31,0,0,0,46
4,2,2,1,31,0,0,0,85
4,2,2,1,31,0,0,0,148
7,4,3,2,31,0,0,0,27
4,2,2,1,31,0,0,0,54
4,2,2,1,31,0,0,0,21
4,2,2,1,31,0,0,0,50
39,20,19,2,31,0,0,0.00537634408602151,186
4,2,2,1,31,0,0,0,24
4,2,2,1,31,0,0,0,76
4,2,2,1,31,0,0,0,29
8,4,4,2,31,0,0,0,191
4,2,2,1,31,0,0,0,48
4,2,2,1,31,0,0,0,48
131,79,52,6,31,2,0,0,422
15,8,7,3,29,0,0,0,333
4,2,2,1,31,0,0,0,86
63,39,24,7,31,4,0,0,1470
8,4,4,2,31,1,0,0,70
8,4,4,2,31,0,0,0,77
4,2,2,1,31,0,0,0,23
11,6,5,3,31,1,0,0.00198412698412698,504
8,4,4,2,31,0,0,0,88
229,130,99,8,31,2,0,0.0019351717464925,2067
4,2,2,1,31,0,0,0.0031055900621118,322
26,15,11,5,31,2,0,0,561
48,24,24,5,31,1,0,0,1100
4,2,2,1,31,0,0,0,35
4,2,2,1,31,0,0,0,31
164,96,68,10,21,7,0,0.0016025641025641,1248
4,2,2,1,31,0,0,0,57
4,2,2,1,31,0,0,0,61
4,2,2,1,31,0,0,0.0186915887850467,107
7,4,3,2,31,1,0,0,118
4,2,2,1,31,0,0,0,88
4,2,2,1,31,0,0,0,29
4,2,2,1,31,0,0,0,45
4,2,2,1,31,0,0,0,35
4,2,2,1,31,0,0,0,29
4,2,2,1,31,0,0,0,40
4,2,2,1,31,0,0,0,38
4,2,2,1,31,0,0,0,80
4,2,2,1,31,0,0,0,30
8,4,4,2,31,0,0,0,27
4,2,2,1,31,0,0,0,99
81,46,35,5,31,2,0,0.00518134715025907,193
12,6,6,2,31,0,0,0.0392156862745098,51
46,24,22,5,31,2,0,0.00934579439252336,107
24,12,12,3,31,0,0,0,36
4,2,2,1,31,0,0,0,25
4,2,2,1,31,0,0,0.0172413793103448,58
4,2,2,1,31,0,0,0,39
4,2,2,1,31,0,0,0.04,25
15,9,6,4,31,2,0,0,37
7,4,3,2,31,1,0,0,31
4,2,2,1,31,0,0,0,32
7,3,4,2,31,0,0,0,58
4,2,2,1,31,0,0,0,33
4,2,2,1,31,0,0,0,31
4,2,2,1,31,0,0,0,46
29,15,14,4,21,1,0,0.0103092783505155,97
4,2,2,1,31,0,0,0,29
4,2,2,1,31,0,0,0.0121951219512195,82
4,2,2,1,31,0,0,0,100
4,2,2,1,31,0,0,0,70
4,2,2,1,31,0,0,0,86
4,2,2,1,31,0,0,0,41
33,17,16,3,31,0,1,0,47
10,5,5,2,31,0,0,0,28
4,2,2,1,31,0,0,0,19
4,2,2,1,31,0,0,0,79
4,2,2,1,31,0,0,0,27
4,2,2,1,30,0,0,0,54
173,89,84,7,31,2,0,0.00689655172413793,580
4,2,2,1,31,0,0,0,73
21,13,8,4,31,0,0,0.0050125313283208,399
4,2,2,1,78,0,0,0,14
4,2,2,1,78,0,0,0,38
61,40,21,7,23,1,0,0,331
141,72,69,6,31,2,0,0.00137362637362637,728
10,7,3,2,31,0,0,0,27
11,6,5,3,31,0,0,0,63
4,2,2,1,31,0,0,0,36
4,2,2,1,31,0,0,0,17
4,2,2,1,31,0,0,0,26
4,2,2,1,31,0,0,0,49
47,24,23,4,31,1,0,0,89
4,2,2,1,31,0,0,0,20
5,3,2,1,118,0,0,0.0151515151515152,66
6,5,1,1,29,1,0,0,79
3,2,1,1,29,1,0,0,169
13,11,2,1,29,1,0,0.00238095238095238,420
4,2,2,1,31,0,0,0,47
18,9,9,3,31,1,0,0,42
4,2,2,1,31,0,0,0,24
4,2,2,1,31,0,0,0,43
4,2,2,1,31,0,0,0,24
4,2,2,1,31,0,0,0,25
4,2,2,1,31,0,0,0,34
8,4,4,3,31,1,0,0,62
0,0,0,1,164,1,0,0,26
0,0,0,1,164,1,0,0,58
0,0,0,1,164,1,0,0,16
0,0,0,1,164,1,0,0,16
0,0,0,1,164,1,0,0,16
0,0,0,1,164,1,0,0,16
0,0,0,1,164,1,0,0,16
0,0,0,1,164,1,0,0,16
0,0,0,1,164,1,0,0,16
0,0,0,1,164,1,0,0,16
0,0,0,1,164,1,0,0,16
0,0,0,1,164,1,0,0,16
0,0,0,1,164,1,0,0,16
0,0,0,1,164,1,0,0,16
0,0,0,1,164,1,0,0,16
0,0,0,1,164,1,0,0,16
0,0,0,1,164,1,0,0,16
0,0,0,1,164,1,0,0,16
0,0,0,1,164,1,0,0,16
0,0,0,1,164,1,0,0,16
0,0,0,1,164,1,0,0,16
0,0,0,1,164,1,0,0,16
0,0,0,1,164,1,0,0,16
0,0,0,1,164,1,0,0,16
0,0,0,1,164,1,0,0,16
0,0,0,1,164,1,0,0,16
0,0,0,1,164,1,0,0,16
0,0,0,1,164,1,0,0,16
0,0,0,1,164,1,0,0,16
0,0,0,1,164,1,0,0,16
0,0,0,1,164,1,0,0,16
0,0,0,1,164,1,0,0,16
0,0,0,1,164,1,0,0,16
4,2,2,1,31,0,0,0,27
4,2,2,1,31,0,0,0,121
4,2,2,1,31,0,0,0,46
14,7,7,3,31,1,0,0,211
4,2,2,1,31,0,0,0,45
28,15,13,5,31,2,0,0.00578034682080925,173
104,70,34,5,31,1,0,0.0101522842639594,394
4,2,2,1,31,0,0,0,104
4,2,2,1,31,0,0,0,168
4,2,2,1,31,0,0,0,34
4,2,2,1,31,0,0,0,19
150,118,32,3,31,0,0,0,183
4,2,2,1,31,0,0,0,45
4,2,2,1,31,0,0,0,146
8,4,4,2,31,0,0,0.0120481927710843,83
11,8,3,2,31,1,0,0.0123456790123457,81
87,68,19,6,24,1,0,0,516
4,2,2,1,31,0,0,0,101
4,2,2,1,31,0,0,0,58
4,2,2,1,31,0,0,0,83
4,2,2,1,31,0,0,0,54
10,5,5,2,31,0,0,0,43
4,2,2,1,31,0,0,0,64
40,27,13,5,6,2,0,0,178
34,20,14,6,23,4,0,0.02,50
4,2,2,1,31,0,0,0,60
4,2,2,1,31,0,0,0,899
4,2,2,1,31,0,0,0,102
4,2,2,1,31,0,0,0,106
19,14,5,3,31,1,0,0.00793650793650794,126
21,13,8,4,31,2,0,0,123
4,2,2,1,31,0,0,0,73
4,2,2,1,31,0,0,0,137
4,2,2,1,31,0,0,0,20
4,2,2,1,31,0,0,0,45
4,2,2,1,31,0,0,0,44
10,5,5,2,31,0,0,0,77
10,5,5,2,31,0,0,0,36
26,13,13,5,11,2,0,0,49
110,63,47,6,31,3,0,0,169
28,14,14,4,31,1,0,0,98
87,33,54,5,31,3,0,0,67
80,34,46,8,31,3,1,0,116
243,147,96,10,31,2,2,0.00343642611683849,291
264,111,153,12,31,4,1,0.00366300366300366,273
10,7,3,2,31,1,0,0,289
4,2,2,1,31,0,0,0,272
4,2,2,1,31,0,0,0,20
75,45,30,9,31,3,0,0.00308008213552361,974
4,2,2,1,31,0,0,0,192
4,2,2,1,31,0,0,0,25
4,2,2,1,31,0,0,0,192
8,4,4,2,31,0,0,0,316
4,2,2,1,31,0,0,0,49
4,2,2,1,31,0,0,0,19
4,2,2,1,31,0,0,0,25
11,6,5,3,31,1,0,0,315
4,2,2,1,31,0,0,0,346
4,2,2,1,31,0,0,0,39
4,2,2,1,31,0,0,0,36
4,2,2,1,31,0,0,0,432
48,31,17,7,31,0,0,0.0116731517509728,257
76,39,37,5,31,1,0,0.00446428571428571,224
4,2,2,1,31,0,0,0,17
4,2,2,1,31,0,0,0,150
10,5,5,2,31,0,0,0,83
4,2,2,1,31,0,0,0,117
4,2,2,1,31,0,0,0.0172413793103448,58
4,2,2,1,31,0,0,0,44
29,15,14,3,31,1,0,0.0072463768115942,138
4,2,2,1,31,0,0,0,139
4,2,2,1,31,0,0,0,167
10,5,5,2,31,0,0,0,87
4,2,2,1,31,0,0,0,106
4,2,2,1,31,0,0,0,147
4,2,2,1,31,0,0,0,45
10,5,5,1,78,0,0,0.00813008130081301,123
4,2,2,1,31,0,0,0,37
76,39,37,4,31,1,0,0.0087719298245614,114
12,6,6,3,31,0,0,0.00460829493087558,217
26,14,12,3,31,1,0,0,352
7,4,3,2,31,1,0,0,80
16,8,8,3,31,0,0,0,124
18,9,9,4,31,2,0,0.00561797752808989,178
19,14,5,2,31,1,0,0.00925925925925926,108
18,9,9,3,9,1,0,0,341
52,28,24,4,31,1,0,0.0062111801242236,161
4,2,2,1,31,0,0,0,105
4,2,2,1,31,0,0,0,70
8,4,4,2,31,0,0,0,91
4,2,2,1,31,0,0,0,35
8,4,4,2,31,1,0,0,29
4,2,2,1,31,0,0,0,99
38,20,18,4,17,0,0,0,90
73,47,26,6,24,0,0,0,1041
226,105,121,7,78,3,0,0,567
108,54,54,2,78,0,0,0,734
382,213,169,7,17,1,0,0,729
98,75,23,3,78,0,0,0,259
1342,712,630,8,17,1,0,0.00121065375302663,1652
148,81,67,9,17,4,0,0.00561797752808989,178
137,88,49,4,78,2,0,0,153
200,102,98,6,78,2,0,0,449
4,2,2,1,31,0,0,0,73
1042,674,368,7,78,3,0,0.00404858299595142,494
10,5,5,2,78,0,0,0,101
126,84,42,4,78,2,0,0,58
31,13,18,4,19,1,0,0,89
11,10,1,1,171,0,0,0,104
9,4,5,2,78,0,0,0,716
87,40,47,3,78,0,0,0,338
39,21,18,4,78,1,0,0,3044
86,1,85,1,163,0,0,0,781
33,1,32,2,163,0,0,0,1000
25,4,21,1,163,0,0,0,57
12,6,6,1,42,1,0,0,328
58,32,26,4,42,2,0,0,489
80,3,77,2,78,0,0,0,65
29,18,11,4,78,1,0,0,124
77,47,30,5,31,0,0,0,476
115,86,29,4,78,2,0,0,208
12,7,5,3,31,0,0,0,142
0,0,0,1,98,0,0,0,0
66,35,31,5,42,1,0,0.0016366612111293,611
20,14,6,3,78,0,0,0,196
18,9,9,2,42,1,0,0.00170648464163823,586
1,0,1,1,171,0,0,0,260
34,17,17,2,171,1,0,0,294
50,25,25,2,171,1,0,0,247
30,15,15,2,171,1,0,0,293
20,10,10,2,171,1,0,0,105
8,4,4,2,171,1,0,0,107
70,37,33,3,35,1,0,0,150
16,8,8,2,171,1,0,0,435
12,6,6,2,171,1,0,0,160
14,7,7,2,171,1,0,0.00377358490566038,265
18,9,9,2,171,1,0,0,183
20,10,10,2,171,1,0,0,165
24,12,12,2,171,1,0,0,262
12,6,6,2,171,1,0,0,171
48,24,24,2,171,1,0,0,270
36,18,18,2,171,1,0,0,245
34,17,17,2,171,1,0,0,278
32,16,16,2,171,1,0,0,165
24,12,12,2,171,1,0,0,165
20,10,10,2,171,1,0,0,161
28,14,14,2,171,1,0,0,206
199,105,94,3,128,2,0,0,374
20,10,10,2,171,1,0,0,341
36,18,18,2,171,1,0,0,257
36,18,18,3,128,2,0,0,490
112,55,57,3,128,2,0,0,277
58,29,29,3,17,1,0,0,197
130,83,47,2,171,1,0,0,171
40,20,20,2,171,1,0,0,191
32,16,16,2,171,1,0,0,141
20,10,10,3,128,2,0,0,271
24,12,12,2,171,1,0,0,126
165,108,57,2,171,1,0,0,208
32,16,16,2,171,1,0,0,147
6,3,3,3,121,2,0,0,218
26,16,10,4,121,2,0,0,161
10,5,5,4,121,3,0,0,256
20,10,10,4,121,1,0,0,214
20,10,10,4,121,1,0,0,215
50,26,24,2,31,0,0,0,179
332,168,164,6,1,3,0,0,1079
8,4,4,2,31,0,0,0,24
278,143,135,5,3,2,0,0.000259000259000259,3861
11,7,4,2,31,1,0,0.000344708721130645,2901
12,6,6,2,31,0,0,0,817
10,7,3,2,31,1,0,0.000864304235090752,1157
4,2,2,1,31,0,0,0,770
4,2,2,1,31,0,0,0,1442
167,116,51,4,15,2,0,0.000514933058702369,1942
284,187,97,8,3,3,0,0,1287
17,12,5,3,31,2,0,0,525
48,26,22,3,31,1,0,0.00175438596491228,570
4,2,2,1,31,0,0,0,327
4,2,2,1,31,0,0,0,164
4,2,2,1,31,0,0,0,46
4,2,2,1,31,0,0,0,27
4,2,2,1,31,0,0,0.0196078431372549,51
2,1,1,1,31,0,0,0,329
211,132,79,7,9,4,0,0.00037821482602118,2644
11,8,3,2,31,0,0,0,67
250,93,157,4,31,1,1,0.00192307692307692,2080
110,55,55,3,31,0,0,0.000591482649842271,5072
143,94,49,4,31,1,0,0.000853242320819113,1172
4,2,2,1,31,0,0,0,225
10,7,3,2,17,0,0,0,752
38,20,18,4,31,1,0,0.00123152709359606,812
250,119,131,4,30,3,0,0.00130335614206582,3069
183,140,43,5,78,3,0,0.0008424599831508,2374
167,131,36,9,31,0,0,0,341
4,2,2,1,31,0,0,0.00595238095238095,168
4,2,2,1,31,0,0,0,114
31,14,17,2,31,0,0,0.0044543429844098,449
12,6,6,2,31,0,0,0.00455235204855842,659
4,2,2,1,31,0,0,0,104
4,2,2,1,31,0,0,0,418
4,2,2,1,31,0,0,0,33
4,2,2,1,31,0,0,0,107
4,2,2,1,31,0,0,0,77
8,4,4,2,31,0,0,0,61
4,2,2,1,31,0,0,0,70
4,2,2,1,31,0,0,0,50
81,48,33,6,31,0,0,0,166
33,19,14,3,31,0,0,0,708
4,2,2,1,31,0,0,0,50
4,2,2,1,31,0,0,0,125
4,2,2,1,31,0,0,0,95
4,2,2,1,31,0,0,0,25
4,2,2,1,31,0,0,0,160
4,2,2,1,31,0,0,0,25
4,2,2,1,31,0,0,0,28
18,10,8,1,78,0,0,0,57
4,2,2,1,31,0,0,0,71
2,1,1,1,31,0,0,0,146
4,2,2,1,31,0,0,0,158
4,2,2,1,31,0,0,0,56
4,2,2,1,31,0,0,0,200
4,2,2,1,166,1,0,0,17
4,2,2,1,31,0,0,0,262
426,246,180,5,13,1,0,0.00090702947845805,2205
28,14,14,2,31,0,0,0,59
12,6,6,2,31,0,0,0,78
4,2,2,1,31,0,0,0,469
4,2,2,1,98,1,0,0,76
18,10,8,2,78,1,0,0,1110
59,32,27,4,31,1,0,0.00138888888888889,1440
10,5,5,2,31,0,0,0,70
4,2,2,1,98,1,0,0,63
4,2,2,1,98,1,0,0,2400
10,6,4,2,31,1,0,0,149
69,35,34,2,78,0,0,0,346
0,0,0,2,94,1,0,0,0
4,2,2,1,31,0,0,0,258
200,138,62,10,60,4,0,0.00596421471172962,503
41,24,17,9,80,1,0,0.0056710775047259,529
19,16,3,2,52,0,0,0.0017636684303351,567
49,30,19,3,121,1,0,0.00431965442764579,463
0,0,0,1,131,0,0,0,67
4,2,2,2,57,0,0,0.0476190476190476,21
12,7,5,2,1,2,0,0,65
0,0,0,1,127,0,0,0,0
22,12,10,6,80,2,0,0.00373134328358209,268
