CODECHURN,LOCADDED,LOCDELETED,REVISIONS,AGE,BUGFIXES,REFACTORINGS,ERROR_DENSITY,LOC
345,173,172,6,26,1,0,0,393
5,5,0,1,145,0,0,0,44
2,1,1,1,157,0,1,0,172
5,3,2,2,142,0,1,0,231
6,5,1,3,141,1,0,0,220
2,1,1,1,157,0,1,0,210
3,2,1,2,142,0,1,0,266
2,1,1,1,157,0,1,0,278
2,1,1,1,157,0,1,0,250
13,11,2,5,141,1,0,0,111
33,17,16,6,58,2,1,0.00166666666666667,600
11,9,2,3,141,1,0,0,77
4,1,3,1,141,1,0,0.00581395348837209,172
999,688,311,5,59,1,1,0.00133244503664224,1501
6,3,3,2,88,0,0,0,0
0,0,0,1,88,0,0,0,0
0,0,0,1,88,0,0,0,0
0,0,0,1,88,0,0,0,0
563,395,168,5,44,3,0,0.00043956043956044,2275
12,10,2,2,91,1,0,0,61
4,2,2,2,88,1,0,0,0
0,0,0,1,88,0,0,0,0
5,3,2,2,88,0,0,0,0
14,9,5,2,44,1,0,0,84
0,0,0,1,88,0,0,0,0
0,0,0,1,88,0,0,0,0
0,0,0,1,88,0,0,0,0
20,7,13,3,71,3,0,0.000677966101694915,1475
8,4,4,1,145,0,0,0,775
5,1,4,1,145,0,0,0,173
0,0,0,1,88,0,0,0,103
0,0,0,1,88,0,0,0,10
57,30,27,2,59,0,0,0.0192307692307692,52
376,217,159,2,59,0,0,0.00378071833648393,529
551,327,224,5,59,3,0,0.00422832980972516,473
707,385,322,2,59,0,0,0.00476190476190476,630
8,4,4,1,144,0,0,0.00357142857142857,280
21,13,8,2,59,0,0,0.0112359550561798,178
54,29,25,1,59,0,0,0.00254129606099111,787
158,88,70,2,59,0,0,0.00847457627118644,118
34,19,15,3,59,0,1,0.00185528756957328,539
23,14,9,1,59,0,0,0.00255102040816327,392
29,16,13,3,59,0,1,0.00164473684210526,608
0,0,0,1,84,0,0,0,0
263,132,131,2,59,0,0,0,148
44,22,22,2,59,0,0,0,732
46,23,23,2,59,0,0,0,52
50,25,25,2,59,0,0,0,49
26,13,13,2,59,0,0,0,28
1005,659,346,4,59,1,0,0,1223
10,7,3,2,83,0,0,0,61
10,5,5,1,144,0,0,0,112
15,8,7,3,59,1,1,0.00170940170940171,585
4,2,2,1,71,1,0,0,112
4,2,2,1,59,0,0,0,362
9,6,3,2,59,1,0,0.00403225806451613,248
124,65,59,5,59,3,1,0.00139275766016713,718
10,5,5,1,71,1,0,0.00168634064080944,593
46,39,7,2,59,0,0,0.00300751879699248,665
4,2,2,1,71,1,0,0.00192678227360308,519
0,0,0,1,88,0,0,0,0
4,3,1,1,44,0,0,0,579
140,53,87,4,41,0,0,0,198
148,71,77,3,44,1,0,0,392
4,1,3,2,141,1,0,0.0121951219512195,82
12,6,6,2,59,0,1,0.00328407224958949,609
441,324,117,9,42,5,0,0.00243605359317905,1642
5,4,1,1,142,0,0,0,774
24,12,12,2,59,0,0,0,188
20,17,3,2,59,0,0,0,168
50,32,18,2,59,0,0,0,462
4476,2448,2028,6,59,4,0,0,3681
259,131,128,5,59,3,0,0,215
11,5,6,2,59,0,0,0,316
236,14,222,2,59,0,0,0,686
0,0,0,1,142,0,0,0,0
95,67,28,3,59,0,0,0,951
153,38,115,4,22,0,0,0.0019723865877712,507
12,6,6,3,88,0,0,0,49
297,272,25,3,59,1,0,0,308
31,1,30,1,22,0,0,0.00108225108225108,924
10,1,9,1,142,0,0,0,82
6,3,3,1,177,0,0,0,244
144,102,42,2,59,0,0,0,1025
12,10,2,1,142,0,0,0,100
56,28,28,2,59,0,0,0,232
2,1,1,2,89,1,0,0.00141643059490085,706
799,526,273,4,59,1,0,0.00206185567010309,485
8,6,2,2,83,0,1,0,1095
1,1,0,1,144,0,0,0.00155763239875389,642
156,91,65,5,59,0,0,0.00273972602739726,365
30,12,18,2,59,1,0,0,1627
2,2,0,1,145,0,0,0,45
22,12,10,3,59,1,0,0.00531914893617021,188
8,3,5,2,59,0,0,0,34
32,17,15,1,59,0,0,0,349
93,48,45,1,59,0,0,0,114
6,4,2,1,12,1,0,0,70
12,7,5,2,12,1,0,0,169
11,7,4,1,12,1,0,0.0213903743315508,187
885,525,360,2,59,0,0,0.00108932461873638,918
144,78,66,2,59,0,0,0.0127388535031847,157
18,9,9,2,59,0,1,0.00133333333333333,750
76,40,36,3,11,2,0,0,215
6,3,3,1,59,0,0,0,38
486,328,158,5,9,3,0,0.000647668393782383,1544
11,7,4,3,59,1,0,0,135
14,7,7,1,59,0,0,0,178
72,42,30,3,59,0,0,0.00286259541984733,1048
8,4,4,2,59,0,0,0.0185185185185185,54
10,6,4,2,59,0,0,0,9
35,26,9,4,59,0,1,0,389
1,1,0,1,145,0,0,0,47
157,90,67,3,10,1,0,0.00220264317180617,908
4,2,2,1,145,0,0,0,56
1511,872,639,1,59,0,0,0,942
11,6,5,1,59,0,0,0,17
18,10,8,2,12,1,0,0.0175438596491228,114
84,46,38,2,59,0,0,0.00461538461538462,650
242,139,103,1,59,0,0,0,297
131,88,43,2,12,1,0,0.00574712643678161,174
40,20,20,1,59,0,0,0.0128205128205128,78
5,3,2,1,59,0,0,0.0017636684303351,567
1,1,0,1,145,0,0,0.0294117647058824,34
250,153,97,7,58,3,0,0.000902527075812274,1108
24,19,5,2,59,0,0,0.0099009900990099,101
10,5,5,1,144,0,0,0.00301204819277108,332
14,7,7,1,59,0,0,0.00167785234899329,1192
4,2,2,1,59,0,0,0.0016366612111293,611
3,1,2,2,88,1,0,0,0
2,2,0,2,88,0,0,0,0
13,8,5,3,59,0,0,0.00105596620908131,947
2,0,2,1,82,0,0,0.00552486187845304,181
303,237,66,6,9,2,0,0.00172314761631246,1741
11,5,6,3,141,1,0,0.00485436893203883,412
18,8,10,3,59,0,0,0,635
64,32,32,2,59,1,0,0.00306748466257669,326
50,47,3,2,141,1,0,0,651
275,59,216,6,57,1,0,0.00961538461538462,104
329,189,140,3,20,1,0,0.00225225225225225,444
555,358,197,5,59,2,0,0.00632911392405063,316
533,298,235,4,20,1,0,0,632
436,244,192,3,20,1,0,0,584
460,259,201,3,20,1,0,0.00425531914893617,470
276,153,123,3,59,0,0,0.0048780487804878,410
261,148,113,5,57,0,0,0.00677966101694915,295
296,168,128,7,58,4,0,0.00411522633744856,243
667,382,285,7,2,4,0,0.0026281208935611,761
471,266,205,3,59,0,0,0,605
387,131,256,6,20,2,1,0,1074
33,17,16,5,20,1,1,0.00415800415800416,481
265,172,93,4,59,1,1,0,826
9,4,5,2,59,0,0,0.00418410041841004,239
491,276,215,3,59,0,0,0,599
659,201,458,5,59,1,1,0.00147492625368732,678
240,132,108,6,59,2,0,0,831
170,94,76,4,59,0,0,0,990
6,1,5,1,141,0,0,0.00288600288600289,693
8,4,4,1,59,0,0,0,272
3,1,2,1,141,0,0,0,211
78,52,26,1,13,1,0,0.00412654745529574,727
173,144,29,4,13,2,0,0.00510855683269476,783
3,1,2,1,141,0,0,0.00571428571428571,350
38,27,11,2,152,1,0,0,191
768,573,195,9,15,3,0,0.00176411290322581,3968
51,34,17,2,152,1,0,0.00301204819277108,332
105,47,58,7,58,2,0,0.00343642611683849,1455
107,53,54,4,59,2,0,0.00766283524904215,261
118,34,84,2,59,1,0,0.00142450142450142,702
223,162,61,9,21,3,0,0.0040045766590389,1748
298,232,66,4,31,1,0,0,1327
240,129,111,4,31,2,0,0.00102040816326531,980
72,45,27,2,59,0,0,0.00137931034482759,1450
111,58,53,6,59,3,0,0.00121359223300971,824
124,74,50,5,59,1,0,0.00271493212669683,1105
253,167,86,6,31,1,0,0.00229885057471264,870
82,65,17,3,27,1,0,0,476
81,63,18,5,15,0,0,0,1965
42,21,21,3,27,1,0,0,42
45,23,22,3,59,0,0,0,1107
3,2,1,1,142,0,0,0,362
69,35,34,6,57,1,0,0.000561167227833895,1782
144,100,44,6,27,2,0,0,370
184,110,74,9,9,2,0,0.00184459303666129,4337
1386,1005,381,21,2,9,0,0.00059206631142688,6756
19,9,10,4,59,1,0,0,531
252,154,98,12,11,4,0,0,1303
128,63,65,5,16,1,0,0.000435540069686411,2296
81,74,7,2,59,1,0,0.00219298245614035,456
503,322,181,6,59,2,0,0.000966183574879227,2070
24,23,1,1,124,1,0,0,433
588,348,240,15,27,6,0,0.000891662951404369,2243
864,596,268,8,59,4,0,0.00240269101393561,2081
10,5,5,2,152,1,0,0,151
34,24,10,3,59,0,0,0.00194836824159766,2053
137,76,61,4,59,1,0,0,367
9,3,6,2,141,0,0,0.00150829562594268,663
26,12,14,3,93,1,0,0.00574712643678161,348
161,104,57,3,59,1,0,0,410
3,1,2,1,141,0,0,0,137
6,3,3,2,141,0,0,0,971
13,5,8,3,44,0,0,0,813
163,68,95,6,59,2,0,0.000772200772200772,1295
45,22,23,2,59,0,0,0.0017825311942959,561
9,5,4,3,59,1,0,0.00294117647058824,340
118,65,53,7,59,3,0,0,376
6,1,5,1,141,0,0,0,231
142,69,73,8,27,2,0,0.00178970917225951,2235
12,6,6,3,141,0,0,0.000936329588014981,1068
134,82,52,7,59,3,0,0.00522466039707419,957
72,35,37,4,20,1,0,0,1373
10,4,6,2,141,0,0,0.00344827586206897,290
1018,621,397,7,57,0,0,0.000898203592814371,3340
214,129,85,6,27,1,0,0.00204220558202859,1469
86,64,22,4,57,1,0,0,319
46,31,15,5,59,0,0,0.00497100248550124,1207
66,42,24,6,57,1,0,0,1549
294,220,74,10,59,3,0,0.00158102766798419,1265
7,5,2,1,106,0,0,0,76
67,43,24,4,59,0,0,0.000931098696461825,1074
34,21,13,3,59,0,0,0,365
57,25,32,11,44,3,0,0.00879120879120879,455
113,51,62,14,59,3,0,0.00628930817610063,795
39,23,16,5,59,0,0,0,490
3,2,1,1,142,0,0,0.00485436893203883,412
242,183,59,9,57,3,0,0,1308
2358,1404,954,22,50,10,0,0.00113862795331625,7026
47,30,17,5,59,0,0,0.00184842883548983,1082
321,224,97,8,9,2,0,0.000295945546019532,3379
43,21,22,7,59,1,0,0.00130491518051327,2299
39,20,19,3,59,1,0,0,1480
1159,599,560,12,27,5,0,0.00202487706103558,3457
430,233,197,11,27,6,0,0.00338409475465313,1182
9,3,6,2,59,0,0,0,826
15,8,7,4,59,1,0,0.0021978021978022,455
27,20,7,2,122,0,0,0,461
36,17,19,3,141,0,0,0,511
10,4,6,2,141,1,0,0,316
808,535,273,10,59,3,0,0.00194024058983314,2577
30,23,7,4,59,1,0,0,743
452,293,159,9,15,5,0,0.00190839694656489,4192
235,199,36,5,59,2,0,0,1227
147,85,62,6,59,3,0,0.00338696020321761,1181
53,33,20,6,51,1,0,0.00276243093922652,1086
235,47,188,2,176,2,0,0,115
431,284,147,7,59,2,0,0.000593119810201661,1686
12,5,7,2,59,0,0,0,362
40,19,21,3,59,1,0,0.00352733686067019,567
39,18,21,2,59,1,0,0.00303030303030303,330
19,7,12,2,158,2,0,0.00515463917525773,388
3,1,2,1,141,0,0,0.00390625,256
62,33,29,4,141,0,0,0.00237247924080664,843
108,50,58,4,59,1,0,0.00227272727272727,880
77,36,41,4,59,2,0,0.00202839756592292,986
62,31,31,2,129,1,0,0.00802139037433155,374
72,33,39,3,59,1,0,0,341
25,10,15,3,59,1,0,0.000587889476778366,1701
10,5,5,1,59,0,0,0.00232018561484919,431
11,5,6,3,59,1,0,0.00289017341040462,346
3,1,2,1,141,0,0,0,319
32,13,19,2,59,1,0,0.00303951367781155,329
41,20,21,6,59,2,0,0.00460829493087558,1085
20,9,11,3,59,1,0,0.0101010101010101,297
36,17,19,3,59,1,0,0.00183823529411765,544
3,1,2,1,141,0,0,0,208
203,105,98,3,59,0,0,0.00589970501474926,339
274,158,116,14,11,5,0,0.00330214639515685,1817
4,2,2,1,158,1,0,0,90
370,203,167,10,26,4,0,0,971
4,2,2,1,86,0,0,0.00167785234899329,596
40,20,20,4,57,0,0,0.0030060120240481,998
14,5,9,3,141,1,0,0,164
39,16,23,6,27,2,0,0,1640
55,41,14,4,44,2,0,0,502
6,3,3,1,165,1,0,0,336
31,23,8,4,59,1,0,0,1403
3,1,2,1,141,1,0,0.00144927536231884,690
464,269,195,4,59,0,0,0.00253164556962025,395
104,69,35,18,27,8,0,0.0026857654431513,3351
77,45,32,16,27,7,0,0.00341588385994876,2342
20,17,3,2,59,1,0,0.0029585798816568,338
60,41,19,11,74,5,0,0.00405588102748986,2219
8,4,4,1,59,0,0,0.0161290322580645,62
19,15,4,2,122,0,0,0.00154083204930663,649
4,2,2,1,66,1,0,0,423
22,14,8,6,112,3,0,0.0036101083032491,1108
4,2,2,1,142,0,0,0.00107066381156317,934
20,13,7,1,39,1,0,0.01,300
4,1,3,1,141,0,0,0,335
7,3,4,2,140,1,0,0,132
3,1,2,1,141,0,0,0,266
109,71,38,8,59,3,0,0.000823045267489712,1215
58,42,16,3,59,1,0,0,741
631,438,193,12,21,5,0,0.00262697022767075,2284
280,146,134,6,59,3,0,0.00105374077976818,2847
62,31,31,4,59,2,0,0.00105485232067511,948
44,26,18,2,39,1,0,0.00465116279069767,645
15,7,8,3,59,1,0,0,183
99,66,33,3,59,0,0,0,1566
6,3,3,1,59,0,0,0,246
364,241,123,6,59,1,0,0.00065359477124183,3060
200,137,63,6,59,1,0,0.00307929176289453,1299
96,44,52,8,59,4,0,0.00530973451327434,565
99,52,47,4,59,1,0,0.0028735632183908,348
213,151,62,10,59,3,0,0.00234055002925688,1709
210,155,55,5,59,0,0,0.00208188757807078,1441
61,37,24,5,59,0,0,0.00226586102719033,1324
200,105,95,6,59,2,0,0,1314
13,6,7,2,59,0,0,0,526
49,43,6,2,59,0,0,0.00271739130434783,368
89,46,43,2,59,1,0,0.00211565585331453,1418
409,291,118,12,38,5,0,0.00168756027000964,4148
114,63,51,6,59,3,0,0.000799360511590727,1251
181,131,50,8,59,1,0,0.00233100233100233,858
171,136,35,4,59,1,0,0.00135043889264011,1481
57,42,15,5,59,1,0,0.00166944908180301,599
127,100,27,2,59,1,0,0.00141242937853107,708
4,3,1,1,114,1,0,0,207
3,1,2,1,141,0,0,0,626
1234,920,314,19,52,6,0,0.000259605399792316,3852
18,11,7,6,56,2,0,0.0068649885583524,437
59,27,32,2,128,1,0,0.00230414746543779,434
635,317,318,10,4,3,0,0.000579038795599305,1727
157,105,52,8,4,4,0,0.00217627856365615,1838
237,119,118,6,59,0,0,0.00309187279151943,2264
70,34,36,4,59,1,0,0.000778210116731518,1285
15,7,8,3,59,0,0,0.00238095238095238,420
27,13,14,3,59,0,0,0,1010
162,141,21,2,59,0,0,0,2028
281,213,68,7,59,1,0,0.000755857898715042,1323
77,55,22,4,59,1,0,0,503
21,11,10,2,59,1,0,0.0078125,128
28,25,3,2,71,1,0,0,208
1,0,1,1,141,1,0,0,609
51,46,5,1,55,0,0,0,135
5,2,3,1,178,0,0,0.0117647058823529,85
3,1,2,1,141,1,0,0,328
3,1,2,1,141,1,0,0,342
3,1,2,1,141,1,0,0,490
3,1,2,1,141,1,0,0.00203252032520325,492
0,0,0,1,177,0,0,0,0
5,1,4,1,141,1,0,0,128
16,12,4,1,139,0,0,0,312
124,95,29,3,50,2,0,0.00336700336700337,594
34,19,15,5,59,1,0,0,123
28,17,11,2,59,1,0,0.00497512437810945,201
655,316,339,10,11,2,0,0.00592885375494071,1012
138,106,32,9,1,3,0,0.00381679389312977,786
60,42,18,5,11,1,0,0,590
2134,800,1334,13,11,3,0,0.00234558248631744,2558
563,282,281,21,2,9,1,0.000946969696969697,4224
34,22,12,6,11,0,0,0,896
320,185,135,6,59,1,0,0.00155763239875389,642
345,292,53,5,57,1,0,0.0010851871947911,1843
15,7,8,3,59,0,0,0,996
39,23,16,4,59,0,0,0,158
62,46,16,3,132,1,0,0,167
210,141,69,6,41,1,0,0.000929800092980009,2151
29,18,11,2,59,1,0,0.0036231884057971,276
4,1,3,1,141,1,0,0,576
42,21,21,3,26,1,0,0,1702
147,99,48,5,8,2,0,0,1872
3,1,2,1,141,1,0,0.00510204081632653,196
99,62,37,6,48,2,0,0,225
6,3,3,2,139,0,0,0,124
198,115,83,8,27,3,0,0.00101522842639594,985
437,206,231,7,48,2,0,0,441
3,1,2,1,141,0,0,0,353
22,11,11,4,86,1,0,0.00292825768667643,683
27,18,9,4,71,2,0,0,966
279,207,72,6,59,3,0,0,637
661,402,259,10,59,3,0,0,2486
237,134,103,8,48,2,0,0,694
182,98,84,7,11,2,0,0.000768049155145929,1302
8,3,5,2,59,0,0,0,378
12,6,6,2,133,1,0,0,94
42,35,7,4,59,0,0,0,65
108,66,42,3,12,1,0,0.00392927308447937,1018
21,10,11,2,59,0,0,0.00102459016393443,976
18,16,2,2,94,0,0,0,245
97,68,29,8,44,1,0,0,637
1835,1007,828,32,11,7,1,0.00156412930135558,3836
376,218,158,10,59,4,0,0.00132802124833997,1506
516,470,46,12,59,2,1,0.0022212350066637,2251
4,2,2,1,88,1,0,0,240
31,15,16,3,57,0,0,0.000302571860816944,3305
5,1,4,1,141,0,0,0.00214132762312634,467
497,373,124,7,24,3,0,0.000671892497200448,4465
7,3,4,2,141,0,0,0,149
4,1,3,1,141,0,0,0.00124223602484472,805
3,1,2,1,141,0,0,0.000382409177820268,2615
1331,631,700,8,45,5,0,0.000498877525567473,4009
49,18,31,1,26,0,0,0.00497512437810945,402
92,49,43,3,59,1,0,0,303
540,498,42,6,58,3,0,0.0017531556802244,2852
7,3,4,2,141,0,0,0,520
678,342,336,6,4,4,0,0.00136612021857923,5124
30,13,17,3,8,1,0,0.00366300366300366,273
21,10,11,1,159,0,0,0.000190512478567346,5249
6,3,3,2,141,1,0,0,530
6,3,3,2,141,1,0,0,564
50,37,13,3,59,1,0,0.00138792505204719,1441
28,25,3,2,59,1,0,0.000794912559618442,1258
177,107,70,2,59,1,0,0.0016025641025641,624
293,274,19,5,59,2,0,0,524
33,19,14,4,11,0,0,0,315
4,1,3,1,141,0,0,0.000624219725343321,1602
98,50,48,1,59,0,0,0.00202020202020202,1485
69,34,35,3,59,1,0,0.000378429517502365,5285
10,5,5,1,59,0,0,0.00215982721382289,463
6,3,3,2,141,1,0,0.00157728706624606,1268
30,16,14,2,8,1,0,0,426
315,64,251,2,58,1,0,0.00281293952180028,711
259,110,149,5,59,0,0,0.00321543408360129,622
11,5,6,3,59,0,0,0.00638977635782748,626
3,1,2,1,141,0,0,0,1278
69,37,32,4,59,1,0,0.00108607113765952,3683
10,6,4,2,141,1,0,0,738
657,449,208,12,22,7,0,0.00213467882786726,5153
748,487,261,8,59,3,0,0.00197044334975369,5075
168,111,57,4,59,1,0,0,371
278,181,97,6,21,1,0,0.000445533526397861,4489
6,1,5,1,141,0,0,0.000674763832658569,1482
21,8,13,3,59,0,0,0.00247524752475248,808
551,341,210,6,24,3,0,0.000693240901213172,2885
4,2,2,1,142,0,0,0,169
245,72,173,6,57,2,0,0,1825
15,7,8,2,59,0,0,0.000931966449207828,1073
80,62,18,4,59,1,0,0.00134710372698698,2227
623,393,230,9,27,4,0,0.00138504155124654,3610
211,144,67,5,57,1,0,0.00122249388753056,818
128,90,38,4,59,1,0,0,513
83,48,35,9,4,3,0,0.000963855421686747,2075
391,263,128,7,57,3,1,0,625
4,2,2,1,59,0,0,0.0014402304368699,2083
15,7,8,2,144,1,0,0,1124
564,446,118,6,59,2,0,0.000754147812971342,1326
21,14,7,3,59,1,0,0,86
3,1,2,1,141,0,0,0,514
103,60,43,5,27,2,0,0.00102774922918808,973
4,2,2,1,59,0,0,0.00900900900900901,111
147,73,74,5,59,2,1,0,1187
87,42,45,5,27,1,0,0.00173010380622837,578
6,3,3,1,59,0,0,0,432
8,4,4,1,59,0,0,0,373
3,1,2,1,59,0,0,0,71
4,2,2,1,59,0,0,0,70
58,29,29,4,5,1,0,0,168
4,2,2,1,59,0,0,0,119
50,25,25,4,5,1,0,0,158
7,2,5,2,141,0,0,0,565
36,17,19,3,59,0,0,0.00305810397553517,654
221,120,101,3,59,0,0,0.00129785853341986,1541
3735,2047,1688,39,3,14,2,0.00168815224063843,6516
3,1,2,1,141,0,0,0,131
84,40,44,4,59,1,0,0,388
113,57,56,3,57,1,0,0,462
54,21,33,3,24,1,0,0,1158
3,1,2,1,141,0,0,0.00143884892086331,695
128,82,46,10,9,2,0,0.00443951165371809,901
111,104,7,3,141,1,0,0.00118906064209275,841
24,12,12,1,59,0,0,0,1023
469,223,246,4,59,1,0,0.000369685767097967,2705
133,106,27,2,59,1,0,0,812
223,132,91,7,15,1,0,0.000720980533525595,1387
410,194,216,9,59,5,0,0.000677048070412999,2954
44,17,27,4,59,2,0,0,503
101,67,34,3,103,1,0,0.0045662100456621,219
511,268,243,7,51,1,0,0.000560852495793606,1783
160,134,26,4,54,0,0,0,924
232,216,16,3,54,2,0,0,929
14,10,4,2,54,1,0,0,41
26,12,14,5,49,1,0,0,190
135,91,44,7,11,1,0,0.000715051841258491,2797
101,49,52,3,59,0,0,0.00275482093663912,363
9,4,5,2,59,0,0,0.00198807157057654,1006
29,10,19,5,59,0,0,0,691
12,9,3,2,137,0,0,0,18
3,1,2,1,141,0,0,0.00553505535055351,542
7,2,5,2,141,0,0,0,220
78,59,19,5,31,2,0,0.00145985401459854,1370
1548,865,683,17,54,6,0,0.000226295541977823,8838
61,49,12,5,54,2,0,0.00229885057471264,435
3,1,2,1,141,0,0,0.00092678405931418,1079
104,57,47,7,11,0,0,0,1337
58,32,26,7,49,1,0,0,421
106,75,31,6,59,1,0,0,858
202,74,128,6,57,2,0,0,1689
21,9,12,3,59,0,0,0,41
688,512,176,12,59,3,0,0.000648508430609598,1542
23,12,11,2,59,0,0,0.0151515151515152,66
162,119,43,7,8,2,0,0.00115207373271889,868
480,166,314,9,24,6,0,0.00165654334621756,1811
3,1,2,1,141,0,0,0,58
26,11,15,5,57,3,0,0,424
332,174,158,7,59,3,0,0.00273224043715847,366
10,5,5,1,174,1,0,0,47
28,16,12,3,95,1,0,0.0037593984962406,266
221,99,122,7,59,2,0,0,368
10,2,8,2,141,1,0,0,15
115,61,54,2,59,0,0,0,353
12,6,6,2,59,0,0,0,18
1447,819,628,5,59,0,0,0,2046
10,7,3,1,95,0,0,0,97
37,15,22,4,95,3,0,0.003125,320
74,60,14,4,59,1,0,0,125
242,194,48,6,59,1,0,0,918
8,3,5,2,59,0,0,0,274
66,36,30,4,59,2,0,0.000404858299595142,2470
203,123,80,3,95,1,0,0,243
57,26,31,2,59,1,0,0,60
70,47,23,4,59,1,0,0.00418410041841004,239
8,4,4,2,71,0,0,0.025,40
3,1,2,1,141,0,0,0,217
37,15,22,2,59,0,0,0,343
7,2,5,1,71,0,0,0,159
7,2,5,1,71,0,0,0,158
18,9,9,2,91,0,0,0.00284900284900285,351
3,2,1,1,27,1,0,0,54
41,19,22,5,124,2,0,0.00694444444444444,144
442,235,207,8,58,3,0,0.00431034482758621,464
51,22,29,4,59,2,1,0.00680272108843537,147
149,84,65,7,59,2,1,0.00293255131964809,341
3,1,2,1,142,0,0,0,25
17,11,6,4,142,2,0,0.0126582278481013,316
95,55,40,6,27,3,0,0.0125523012552301,239
12,7,5,3,59,0,0,0,26
107,92,15,5,27,2,0,0.00630914826498423,634
4,2,2,1,142,0,0,0,148
3,2,1,1,15,0,0,0,73
96,62,34,8,31,3,0,0.00710479573712256,563
12,6,6,2,59,1,0,0,38
18,9,9,5,59,1,0,0.029126213592233,103
6,5,1,1,27,1,0,0,35
4,2,2,1,59,0,0,0,139
6,3,3,1,59,0,0,0,121
14,9,5,2,27,1,0,0,134
30,27,3,2,59,1,0,0,121
9,3,6,2,142,0,0,0.027027027027027,148
4,2,2,1,142,0,0,0,52
4,2,2,1,144,0,0,0.010989010989011,182
12,6,6,4,27,3,0,0.0117647058823529,170
24,19,5,4,59,1,0,0.00386100386100386,259
31,19,12,3,59,0,0,0,72
99,48,51,12,59,5,0,0.00241545893719807,828
4,3,1,1,124,1,0,0,41
104,52,52,26,8,13,0,0.310344827586207,58
35,26,9,4,103,3,0,0,227
33,18,15,5,142,2,0,0,103
30,15,15,5,99,2,0,0,73
4,2,2,1,142,0,0,0.00446428571428571,224
45,30,15,4,59,2,0,0.00421940928270042,237
70,35,35,3,124,2,0,0.00806451612903226,124
222,134,88,4,59,1,0,0.00111731843575419,895
7,4,3,2,59,0,0,0.00321543408360129,311
63,34,29,6,27,2,0,0,467
20,12,8,1,27,1,0,0,68
111,52,59,5,27,2,0,0,152
4,3,1,1,157,0,0,0.00520833333333333,192
21,13,8,4,59,1,0,0.00609756097560976,164
3,1,2,1,142,0,0,0,96
24,11,13,2,27,1,0,0,79
18,10,8,2,59,0,0,0,80
3,2,1,1,134,0,0,0.004739336492891,211
103,65,38,3,59,1,0,0.00108108108108108,925
274,192,82,17,4,8,0,0.00174042764793635,4022
6,3,3,1,59,0,0,0,80
4,2,2,1,59,0,0,0.00667779632721202,599
22,11,11,2,59,1,0,0,61
2,1,1,1,59,0,0,0,39
5,4,1,1,94,0,0,0.04,25
20,11,9,5,59,1,0,0.01,100
8,3,5,2,59,0,0,0.0740740740740741,27
31,14,17,2,59,0,0,0.0298507462686567,67
3,2,1,1,144,0,0,0,106
20,11,9,4,59,1,0,0.0163934426229508,61
8,4,4,2,89,0,0,0.00531914893617021,188
6,3,3,1,59,0,0,0,26
32,17,15,5,27,1,0,0.0222222222222222,135
4,2,2,1,144,0,0,0,58
26,13,13,4,59,2,0,0.0106007067137809,283
3,1,2,1,142,0,0,0,26
15,10,5,3,142,0,0,0.00847457627118644,118
6,1,5,1,176,1,0,0,76
3,1,2,1,142,0,0,0,29
6,3,3,1,158,0,0,0.0222222222222222,45
4,2,2,1,158,0,0,0,29
6,3,3,1,59,0,0,0,39
4,2,2,2,59,0,0,0,27
47,25,22,5,59,2,0,0.0147058823529412,136
65,45,20,6,59,2,0,0,173
32,17,15,3,59,1,1,0.00195694716242661,511
8,4,4,1,59,0,0,0,302
35,27,8,3,59,1,0,0,159
4,2,2,1,86,0,0,0,53
14,1,13,1,165,1,0,0,21
13,6,7,3,27,1,0,0,45
5,4,1,1,165,1,0,0,50
15,9,6,2,59,0,0,0,127
3,1,2,1,142,0,0,0,76
0,0,0,1,165,1,0,0,29
11,1,10,1,178,0,0,0,188
46,23,23,1,59,0,0,0.00272479564032698,367
26,15,11,4,44,2,1,0.00613496932515337,326
88,66,22,11,65,4,0,0.00506879073135409,1381
4,3,1,1,103,1,0,0.0149253731343284,67
7,5,2,2,65,1,0,0.00622406639004149,482
13,10,3,2,59,0,0,0.0117647058823529,85
328,187,141,24,27,10,0,0.00204081632653061,1960
13,12,1,1,97,0,0,0,322
17,15,2,2,122,1,0,0.00204918032786885,488
24,13,11,4,59,2,0,0.0051440329218107,972
142,77,65,4,59,2,0,0.0050709939148073,986
3,1,2,1,154,1,0,0,106
41,23,18,7,59,2,0,0.0175438596491228,114
7,3,4,2,140,1,0,0,35
20,10,10,5,59,3,0,0,99
7,3,4,1,179,1,0,0.0141843971631206,141
15,8,7,3,59,1,0,0.0227272727272727,44
12,7,5,3,112,1,0,0.0224719101123595,89
8,4,4,1,59,0,0,0,58
14,9,5,2,59,1,0,0,43
8,4,4,1,59,0,0,0.0344827586206897,29
5,3,2,1,128,1,0,0,31
18,9,9,2,152,1,0,0,46
21,11,10,4,59,1,0,0.0238095238095238,84
4,2,2,1,59,0,0,0,82
8,4,4,1,59,0,0,0,99
20,10,10,1,59,0,0,0,70
12,8,4,2,59,0,0,0,86
18,12,6,2,122,0,0,0,41
3,2,1,1,68,1,0,0,45
3,1,2,1,142,0,0,0,79
4,3,1,1,71,1,0,0,27
16,3,13,2,75,1,0,0,248
12,5,7,2,59,0,0,0,54
293,139,154,4,59,1,0,0.0041407867494824,483
10,8,2,2,45,1,0,0,70
164,102,62,15,4,4,0,0.00261780104712042,382
3,2,1,1,59,0,0,0,8
8,7,1,1,58,1,0,0,7
3,1,2,1,59,0,0,0,1
3,1,2,1,59,0,0,0,1
15,10,5,2,59,2,0,0,49
147,99,48,12,44,4,0,0.00323624595469256,309
4,1,3,1,59,0,0,0,1
4,1,3,1,59,0,0,0,1
3,1,2,1,59,0,0,0,1
16,12,4,3,59,1,0,0,32
58,30,28,3,59,0,0,0,23
4,2,2,3,59,0,0,0,1
4,2,2,3,59,0,0,0,1
4,2,2,3,59,0,0,0,1
4,2,2,3,59,0,0,0,1
4,2,2,3,59,0,0,0,1
12,6,6,1,142,0,0,0.00366300366300366,546
3,2,1,1,27,1,0,0.0487804878048781,41
3,1,2,1,116,1,0,0.0204081632653061,49
6,3,3,1,44,0,0,0,40
4,3,1,1,88,0,0,0.0384615384615385,26
3,2,1,1,144,0,0,0,24
4,2,2,1,169,0,0,0,24
24,18,6,2,44,0,0,0.00478468899521531,209
5,1,4,1,142,0,0,0.0062111801242236,161
4,1,3,1,142,0,0,0.00917431192660551,327
41,21,20,4,44,1,0,0,168
4,2,2,1,142,0,0,0,45
3,2,1,1,99,0,0,0,146
4,2,2,1,86,0,0,0,82
17,12,5,2,106,1,0,0,72
116,66,50,8,9,4,0,0.00218340611353712,458
35,27,8,4,48,2,0,0.0102040816326531,98
4,2,2,1,59,0,0,0,83
22,11,11,3,48,1,0,0,54
3,2,1,1,145,0,0,0,42
3,1,2,1,142,0,0,0,64
16,9,7,3,59,1,0,0.00632911392405063,158
7,3,4,2,125,1,0,0,41
20,19,1,1,178,0,0,0,885
17,10,7,2,48,1,0,0,103
0,0,0,1,66,0,0,0,0
14,8,6,2,94,0,0,0,137
16,8,8,2,90,1,0,0.0238095238095238,42
17,10,7,4,56,0,0,0.0128205128205128,78
12,9,3,2,86,0,0,0.024390243902439,41
19,9,10,2,59,0,0,0,282
16,7,9,2,24,2,0,0.00740740740740741,270
38,35,3,3,75,1,0,0.00651465798045603,921
2,2,0,1,142,0,0,0,54
36,16,20,5,57,1,0,0,192
4,3,1,1,142,0,0,0,193
21,11,10,4,45,2,0,0.00323624595469256,309
4,3,1,1,169,1,0,0,341
4,3,1,1,142,0,0,0.00231481481481481,432
39,18,21,8,44,4,1,0.00416666666666667,240
78,45,33,7,60,4,0,0.0045662100456621,219
110,27,83,3,59,1,0,0.00684931506849315,146
4,3,1,1,144,0,0,0.012987012987013,77
4,3,1,1,127,1,0,0,120
3,2,1,1,142,0,0,0,58
11,7,4,3,59,1,0,0.00826446280991736,121
4,3,1,1,144,0,0,0.0114942528735632,87
138,15,123,2,58,0,0,0.00813008130081301,123
4,2,2,1,56,0,0,0,37
74,43,31,10,59,2,0,0.00884955752212389,226
8,5,3,1,158,0,0,0,26
77,62,15,3,59,1,0,0.0113960113960114,351
11,4,7,2,27,2,0,0.025974025974026,77
20,13,7,3,59,1,0,0.00862068965517241,116
40,22,18,3,59,1,0,0.00564971751412429,177
6,3,3,2,142,0,0,0.0105263157894737,95
36,25,11,4,59,1,0,0.00301204819277108,332
14,10,4,3,59,0,0,0.00649350649350649,154
47,24,23,3,59,1,0,0.00892857142857143,112
30,18,12,2,59,1,0,0,69
12,7,5,2,59,1,0,0,88
12,6,6,2,59,1,0,0,35
214,106,108,6,59,3,0,0,1020
136,78,58,10,24,8,0,0.00528169014084507,568
1024,548,476,5,59,3,0,0.00269179004037685,743
52,33,19,6,59,3,0,0,658
14,6,8,3,59,2,0,0,207
655,407,248,16,59,9,0,0.00125944584382872,1588
16,10,6,4,59,1,0,0.0178571428571429,168
4,2,2,1,24,1,0,0,114
47,31,16,6,59,3,0,0.00719424460431655,417
13,8,5,2,59,1,0,0,188
19,11,8,4,59,1,0,0,94
8,5,3,2,59,0,0,0,31
3,2,1,1,109,1,0,0,18
53,43,10,4,59,0,0,0.0161290322580645,62
4,3,1,1,115,1,0,0,68
3,2,1,1,101,0,0,0,35
2,1,1,1,124,1,0,0,66
4,3,1,2,125,0,0,0,140
35,24,11,4,59,2,0,0,717
23,19,4,2,67,1,0,0.000312597686777118,3199
87,61,26,5,59,2,0,0,865
151,105,46,7,59,6,0,0,1635
272,178,94,3,59,2,0,0,1031
4,3,1,2,125,0,0,0,74
10,6,4,3,90,3,0,0,429
18,12,6,2,59,1,0,0,151
16,10,6,4,111,2,0,0,607
4,3,1,2,125,0,0,0,586
2,0,2,3,85,0,0,0,0
24,12,12,3,59,0,0,0.0476190476190476,42
279,137,142,10,59,2,0,0.0117647058823529,255
74,37,37,4,59,0,0,0.010752688172043,186
22,11,11,4,59,0,0,0.0238095238095238,84
572,286,286,8,59,2,0,0.0068259385665529,293
605,306,299,8,59,2,0,0.00813008130081301,246
613,307,306,9,59,2,0,0.00684931506849315,292
10,5,5,5,85,1,0,0,0
210,102,108,7,85,1,0,0,0
72,35,37,6,85,1,0,0,0
22,11,11,7,88,3,0,0,0
19,8,11,7,88,2,0,0,0
401,206,195,8,59,4,0,0.0131578947368421,152
169,89,80,7,59,2,0,0.0192307692307692,104
169,89,80,8,59,3,0,0.0188679245283019,106
30,15,15,6,59,1,0,0.0454545454545455,44
287,151,136,4,59,2,0,0.0137931034482759,145
148,73,75,8,88,1,0,0,0
0,0,0,2,120,1,0,0,0
612,302,310,10,59,4,0,0.00460829493087558,434
444,279,165,10,9,1,0,0.0113636363636364,176
300,157,143,9,59,2,0,0.0125786163522013,159
478,293,185,12,59,6,0,0.0121951219512195,246
53,25,28,4,59,0,0,0.0465116279069767,43
461,249,212,4,59,0,0,0.0121951219512195,164
324,162,162,3,59,0,0,0.00766283524904215,261
370,186,184,4,59,0,0,0.0117647058823529,170
544,276,268,4,59,0,0,0.00743494423791822,269
446,223,223,3,59,0,0,0.00819672131147541,244
394,197,197,3,59,0,0,0.0072202166064982,277
434,217,217,3,59,0,0,0.0121951219512195,164
246,123,123,6,59,1,0,0.0121951219512195,164
146,73,73,6,59,1,0,0.0125,160
296,148,148,6,59,1,0,0.00975609756097561,205
1030,532,498,10,59,3,0,0.00552486187845304,362
990,581,409,8,59,1,0,0.00588235294117647,340
489,248,241,7,59,1,0,0.0078125,256
1567,786,781,10,59,4,0,0.00408997955010225,489
166,65,101,5,111,3,0,0,0
532,266,266,3,59,0,0,0.00719424460431655,278
380,190,190,3,59,0,0,0.0102040816326531,196
234,117,117,6,59,1,0,0.0149253731343284,134
248,124,124,6,59,1,0,0.0105263157894737,190
314,157,157,7,59,1,0,0.0128205128205128,156
282,151,131,6,59,1,0,0.0136986301369863,146
260,130,130,3,59,1,0,0.0142857142857143,140
480,240,240,6,59,1,0,0.0194174757281553,206
480,240,240,6,59,1,0,0.0193236714975845,207
0,0,0,1,122,0,0,0,0
848,770,78,15,67,5,0,0.00366300366300366,819
0,0,0,1,122,0,0,0,5
69,36,33,7,59,3,0,0,619
598,532,66,7,11,2,0,0.000267022696929239,3745
324,254,70,5,59,0,0,0,2898
155,87,68,4,59,0,0,0,761
11,4,7,3,59,1,0,0,1153
16,8,8,5,59,2,0,0,770
12,5,7,4,141,2,0,0,1442
324,222,102,3,59,0,0,0,1877
45,20,25,8,57,2,0,0.00263157894736842,1140
33,21,12,5,59,0,0,0,515
21,15,6,3,59,1,0,0.00189753320683112,527
3,2,1,1,126,0,0,0,51
0,0,0,1,145,0,0,0,0
20,13,7,3,59,0,0,0.00303951367781155,329
1290,750,540,12,11,7,0,0.000771307365985345,2593
20,10,10,1,59,0,0,0,62
10,5,5,2,59,0,0,0.00144787644787645,2072
646,396,250,11,59,4,0,0.00213903743315508,4675
72,34,38,3,71,1,0,0.00280636108512629,1069
56,19,37,4,44,1,0,0.00947867298578199,211
26,17,9,2,169,1,0,0.00136612021857923,732
135,92,43,7,59,1,0,0.00635324015247776,787
725,553,172,9,11,6,0,0.000985545335085414,3044
78,39,39,4,59,3,0,0.000438981562774363,2278
4,2,2,1,137,0,0,0,168
262,134,128,3,59,0,0,0,114
72,22,50,2,24,1,0,0.0044543429844098,449
60,55,5,2,82,1,0,0,644
29,12,17,3,59,0,0,0,418
4,1,3,1,178,0,0,0,151
3,2,1,1,59,0,0,0,77
65,49,16,5,59,3,0,0,148
80,16,64,4,59,3,0,0,703
17,11,6,2,59,0,0,0,50
6,3,3,1,56,1,0,0,125
0,0,0,1,145,0,0,0,19
32,13,19,3,44,0,0,0.0050251256281407,199
12,5,7,3,51,0,0,0.0050251256281407,199
44,23,21,2,4,0,0,0,1039
11,3,8,2,59,0,0,0,160
10,4,6,3,66,1,0,0,28
26,15,11,3,59,0,0,0,71
2,1,1,1,59,0,0,0,150
18,9,9,3,66,2,0,0,158
400,200,200,2,159,0,0,0,200
750,430,320,23,59,6,0,0.00175336060783168,1711
14,1,13,2,136,1,0,0,0
3,2,1,1,142,0,0,0.00134952766531714,741
5,4,1,1,77,0,0,0,40
74,37,37,3,45,1,0,0,1103
360,304,56,8,11,2,0,0,1388
16,11,5,2,47,0,0,0,70
9,4,5,3,141,1,0,0,482
19,11,8,3,39,0,0,0.000416666666666667,2400
3,2,1,1,144,1,0,0,58
256,183,73,4,7,1,0,0,421
118,86,32,4,12,3,0,0.0091324200913242,438
36,31,5,4,3,2,0,0.0214067278287462,327
41,22,19,3,12,2,0,0.0476190476190476,21
0,0,0,1,3,0,0,0,210
100,50,50,2,41,1,0,0.04,50
0,0,0,1,3,0,0,0.0227272727272727,132
212,172,40,8,11,6,0,0.0163487738419619,367
11,6,5,1,66,1,0,0.00892857142857143,112
20,10,10,4,66,2,0,0.00735294117647059,136
0,0,0,1,163,0,0,0,0
