CODECHURN,LOCADDED,LOCDELETED,REVISIONS,AGE,BUGFIXES,REFACTORINGS,ERROR_DENSITY,LOC
14629,8138,6491,2,83,2,0,0,8625
142,93,49,8,46,1,0,0,124
136,91,45,8,46,1,0,0,125
156,103,53,6,46,1,0,0,156
149,96,53,6,46,1,0,0,123
2,2,0,1,130,0,0,0,14
0,0,0,1,130,0,0,0,20
2,2,0,1,130,0,0,0,14
0,0,0,1,130,0,0,0,20
10,0,10,1,36,1,0,0.0175438596491228,57
30,15,15,1,98,0,0,0.0416666666666667,24
16,8,8,1,126,0,0,0,286
10,5,5,1,126,0,0,0,187
14,7,7,1,126,0,0,0,105
10,5,5,1,126,0,0,0,83
2,1,1,1,126,0,0,0,72
17,12,5,1,110,0,0,0,64
0,0,0,1,110,0,0,0,28
2,1,1,1,22,0,0,0,60
2,1,1,1,22,0,0,0.024390243902439,41
9,6,3,1,22,0,0,0,250
62,34,28,7,49,0,0,0,74
62,34,28,7,49,0,0,0,87
273,182,91,14,49,0,0,0.00588235294117647,170
148,76,72,8,49,0,0,0,162
35,13,22,8,43,1,0,0,185
425,229,196,9,49,0,0,0,283
1238,674,564,12,48,1,0,0,1162
69,45,24,8,43,0,0,0,63
101,54,47,7,49,0,0,0,139
2,2,0,2,120,0,0,0,28
110,59,51,7,49,0,0,0,172
128,85,43,8,49,0,0,0,126
1,1,0,3,140,0,0,0,0
18,9,9,3,74,0,0,0,28
3,0,3,2,160,0,0,0,35
0,0,0,2,118,0,0,0,0
0,0,0,2,118,0,0,0,0
2,1,1,3,118,0,0,0,0
0,0,0,2,118,0,0,0,0
449,370,79,9,118,0,0,0,0
0,0,0,2,118,0,0,0,0
2,1,1,3,118,0,0,0,0
0,0,0,2,118,0,0,0,0
275,219,56,3,118,0,0,0,0
0,0,0,2,118,0,0,0,0
0,0,0,2,118,0,0,0,0
0,0,0,2,118,0,0,0,0
31,31,0,3,118,0,0,0,0
0,0,0,2,118,0,0,0,0
0,0,0,2,118,0,0,0,0
3,2,1,3,118,0,0,0,0
0,0,0,2,118,0,0,0,0
0,0,0,2,118,0,0,0,0
0,0,0,2,118,0,0,0,0
309,266,43,5,118,0,0,0,0
0,0,0,2,118,0,0,0,0
12,6,6,5,118,0,0,0,0
0,0,0,2,118,0,0,0,0
0,0,0,2,118,0,0,0,0
0,0,0,2,118,0,0,0,0
0,0,0,2,118,0,0,0,0
0,0,0,2,118,0,0,0,0
201,178,23,6,118,0,0,0,0
0,0,0,2,118,0,0,0,0
0,0,0,1,161,0,0,0,14
287,163,124,7,46,1,0,0,186
325,192,133,7,46,1,0,0,225
891,501,390,9,46,1,0,0.00166944908180301,599
517,291,226,7,46,1,0,0,370
150,104,46,11,46,0,0,0,137
1022,545,477,7,46,1,0,0.00165837479270315,603
6,3,3,4,49,0,0,0,22
6,3,3,4,49,0,0,0,23
2,1,1,2,70,0,0,0,49
30,15,15,4,49,0,0,0,22
30,15,15,4,49,0,0,0,22
9,4,5,4,49,0,0,0,16
42,21,21,4,49,0,0,0,26
36,18,18,4,49,0,0,0,23
6,3,3,4,49,0,0,0,18
4467,2329,2138,9,27,1,0,0,2615
276,182,94,10,43,2,0,0,193
413,231,182,8,46,2,0,0.003003003003003,333
430,252,178,8,27,1,0,0.00277008310249307,361
669,386,283,9,14,3,0,0,429
87,52,35,3,46,0,0,0,0
1069,543,526,4,46,0,0,0,0
6,4,2,3,43,0,0,0,163
54,31,23,3,43,0,0,0,111
1,1,0,2,43,0,0,0.0016025641025641,624
143,76,67,3,43,0,0,0,105
158,79,79,3,43,0,0,0,109
465,258,207,3,43,0,0,0,284
464,258,206,3,43,0,0,0,285
228,120,108,3,43,0,0,0,141
183,120,63,2,46,0,0,0,140
97,50,47,4,43,0,0,0,77
291,151,140,3,43,0,0,0,171
22,13,9,4,43,0,0,0,63
0,0,0,1,43,0,0,0,68
0,0,0,1,43,0,0,0,104
110,54,56,3,43,0,0,0,81
37,19,18,3,43,0,0,0,41
187,93,94,3,43,0,0,0,125
82,43,39,3,43,0,0,0,63
0,0,0,1,110,0,0,0,28
19,10,9,3,74,0,0,0,31
18,9,9,2,96,0,0,0,41
154,106,48,6,50,1,0,0.00704225352112676,142
239,162,77,6,50,1,0,0,186
165,111,54,6,50,1,0,0,141
203,138,65,6,50,1,0,0,171
157,108,49,6,50,1,0,0,143
219,148,71,6,50,1,0,0,175
0,0,0,1,76,0,0,0,0
0,0,0,1,76,0,0,0,0
3,2,1,2,74,0,0,0,27
5,2,3,1,96,0,0,0,31
149,92,57,2,47,1,0,0,206
3,2,1,2,74,0,0,0,30
3,2,1,2,74,0,0,0,29
3,2,1,2,74,0,0,0,31
3,2,1,2,74,0,0,0,29
3,2,1,2,74,0,0,0,40
5,2,3,1,96,0,0,0,33
5,2,3,1,96,0,0,0,29
5,2,3,1,96,0,0,0,39
5,2,3,1,96,0,0,0,32
2,1,1,1,75,0,0,0,64
51,43,8,1,54,0,0,0,182
53,44,9,1,54,0,0,0,184
154,90,64,1,54,0,0,0,176
2,1,1,1,35,0,0,0,103
363,21,342,3,89,1,0,0,23
17,8,9,2,74,1,0,0,353
0,0,0,1,110,0,0,0,32
5,3,2,1,110,0,0,0,34
11,6,5,3,74,0,0,0,25
9,4,5,2,96,0,0,0,28
2,1,1,1,110,0,0,0,43
2,1,1,1,110,0,0,0,43
0,0,0,1,89,1,0,0,0
4,0,4,2,160,0,0,0,34
188,107,81,8,46,1,0,0,329
0,0,0,1,89,1,0,0,180
5,3,2,1,110,0,0,0,36
7,5,2,2,67,1,0,0,33
18,10,8,1,110,0,0,0,84
0,0,0,1,110,0,0,0,29
4,3,1,1,110,0,0,0,31
6,4,2,1,110,0,0,0,33
0,0,0,1,112,0,0,0,23
9,5,4,3,74,0,0,0,25
7,3,4,2,96,0,0,0,29
2,1,1,1,110,0,0,0,232
466,292,174,6,14,3,0,0.00454545454545455,220
4,2,2,1,67,1,0,0,31
2,1,1,1,67,1,0,0,22
82,44,38,3,8,2,0,0.0027027027027027,370
10,10,0,1,46,1,0,0.00666666666666667,150
44,28,16,4,14,2,0,0,199
86,2,84,1,110,1,0,0,21
0,0,0,1,112,0,0,0,0
13,7,6,3,22,1,0,0,138
8,4,4,3,22,1,0,0.0208333333333333,48
40,25,15,3,22,1,0,0,632
46,44,2,1,67,1,0,0,186
3,2,1,1,110,0,0,0,26
3,2,1,1,110,0,0,0,27
4,2,2,1,110,0,0,0,27
3,2,1,1,110,0,0,0,26
4,2,2,1,110,0,0,0,25
3,2,1,1,110,0,0,0,25
4,3,1,1,110,0,0,0,23
3,2,1,1,110,0,0,0,26
3,2,1,1,110,0,0,0,26
3,2,1,1,110,0,0,0,27
0,0,0,1,110,0,0,0,29
58,32,26,2,21,1,0,0,152
22,16,6,1,67,1,0,0,106
8,1,7,2,174,0,0,0,45
2,1,1,1,24,0,0,0,44
16,10,6,1,24,0,0,0.0212765957446809,47
20,17,3,1,67,1,0,0,490
17,13,4,1,70,1,0,0,583
4,4,0,1,174,0,0,0,171
29,25,4,2,174,0,0,0.0050251256281407,199
232,107,125,9,4,3,0,0,324
24,12,12,2,4,2,0,0,354
9,6,3,1,24,0,0,0,233
1,0,1,1,110,0,0,0,72
6,2,4,4,161,0,0,0,0
12,4,8,4,161,0,0,0,0
3,1,2,3,161,0,0,0,0
38,26,12,4,161,0,0,0,0
73,30,43,4,161,1,0,0,0
594,528,66,6,161,1,0,0,0
12,4,8,3,161,0,0,0,0
28,8,20,4,161,0,0,0,0
6,2,4,3,161,0,0,0,0
0,0,0,2,161,0,0,0,0
4,2,2,2,174,0,0,0,0
0,0,0,1,174,0,0,0,0
6,4,2,1,96,0,0,0,39
240,157,83,1,160,1,0,0.00526315789473684,190
10,7,3,6,33,1,0,0.018018018018018,111
15,11,4,3,174,1,0,0,0
8,4,4,2,174,0,0,0,0
18,18,0,1,103,1,0,0,44
3,2,1,2,74,0,0,0.0365853658536585,82
3,2,1,2,74,0,0,0,21
3,2,1,2,74,0,0,0,22
0,0,0,1,174,0,0,0,0
30,30,0,1,148,0,0,0,331
0,0,0,1,110,1,0,0,0
0,0,0,1,110,1,0,0,0
105,103,2,3,174,1,0,0,0
22,14,8,2,80,1,0,0,44
6,2,4,2,174,1,0,0,0
12,5,7,1,160,1,0,0,79
1,1,0,1,49,1,0,0,22
14,8,6,1,74,0,0,0,58
17,15,2,2,92,1,0,0,37
0,0,0,1,174,0,0,0,0
43,19,24,4,105,1,0,0.00497512437810945,402
1,0,1,1,116,0,0,0,399
3,1,2,2,74,0,0,0,178
11,2,9,2,74,0,0,0.00374531835205993,267
2,1,1,2,174,0,0,0,0
13,11,2,1,92,0,0,0,50
0,0,0,1,174,0,0,0,0
24,12,12,9,41,1,0,0.0606060606060606,33
0,0,0,1,88,0,0,0,0
19,11,8,4,49,1,0,0.0198019801980198,101
1,0,1,1,96,0,0,0,338
102,62,40,10,46,1,0,0,110
12,3,9,1,92,0,0,0.0246913580246914,162
19,9,10,1,179,0,0,0,54
2,1,1,1,96,0,0,0.00421940928270042,237
0,0,0,1,110,1,0,0,0
0,0,0,1,110,1,0,0,0
8,4,4,2,80,1,0,0,78
357,211,146,7,46,0,0,0.00446428571428571,224
1097,560,537,5,8,1,0,0.00315457413249211,317
230,146,84,11,46,2,0,0,226
11,6,5,1,179,0,0,0,108
59,21,38,2,96,1,0,0,184
0,0,0,1,110,1,0,0,0
2,1,1,1,97,0,0,0,392
2,1,1,1,133,1,0,0,69
2,1,1,1,133,1,0,0,47
24,17,7,3,133,2,0,0,116
26,3,23,2,141,0,0,0,156
9,5,4,4,161,0,0,0,0
27,12,15,6,161,0,0,0,0
6,2,4,4,161,0,0,0,0
76,63,13,5,161,0,0,0,0
92,38,54,5,161,1,0,0,0
0,0,0,2,161,0,0,0,0
0,0,0,2,161,0,0,0,0
0,0,0,2,161,0,0,0,0
4,2,2,3,161,0,0,0,0
4,2,2,3,161,0,0,0,0
13,8,5,4,161,0,0,0,0
0,0,0,2,161,0,0,0,0
0,0,0,2,161,0,0,0,0
1349,1154,195,10,161,1,0,0,0
37,16,21,6,161,0,0,0,0
74,33,41,5,161,0,0,0,0
9,4,5,4,161,0,0,0,0
36,17,19,4,174,0,0,0,0
4,2,2,2,174,0,0,0,0
72,54,18,2,12,1,0,0.00543478260869565,184
13,12,1,1,41,0,0,0,79
6,3,3,2,75,0,0,0,48
27,16,11,6,33,1,0,0.0106382978723404,188
34,29,5,3,174,1,0,0,0
33,14,19,3,174,0,0,0,0
88,88,0,6,33,2,0,0.00583090379008746,343
29,28,1,4,33,1,0,0.0130718954248366,153
24,17,7,1,103,1,0,0,50
65,16,49,1,84,0,0,0.00542005420054201,369
2,1,1,1,96,0,0,0,244
2,1,1,1,41,0,0,0,42
507,285,222,10,96,3,0,0,308
94,40,54,4,133,2,0,0,58
5,4,1,2,14,1,0,0.00483091787439614,207
12,6,6,2,174,0,0,0,0
0,0,0,2,179,0,0,0,0
0,0,0,2,174,0,0,0,0
2,1,1,2,174,0,0,0,0
2,1,1,2,174,0,0,0,0
0,0,0,2,174,1,0,0,0
0,0,0,1,174,0,0,0,0
750,530,220,11,11,3,0,0.00043630017452007,2292
0,0,0,1,110,1,0,0,0
0,0,0,1,110,1,0,0,0
409,354,55,4,174,1,0,0,0
2,1,1,1,96,0,0,0.00625,160
14,7,7,2,80,1,0,0,33
3,2,1,1,110,0,0,0.000628930817610063,1590
33,13,20,3,174,1,0,0,0
2,1,1,1,96,0,0,0,265
56,36,20,1,111,1,0,0.00561797752808989,178
135,71,64,2,48,1,0,0,132
20,19,1,2,41,2,0,0,45
2,1,1,1,110,0,0,0.000714796283059328,1399
6,6,0,1,92,0,0,0,37
6,3,3,2,174,0,0,0,0
9,5,4,3,90,1,0,0.000313185092389602,3193
90,68,22,7,48,2,0,0.000597907324364724,3345
14,1,13,2,89,1,0,0,2485
2,0,2,1,96,0,0,0.003690036900369,271
9,4,5,3,174,0,0,0,0
4,3,1,1,96,0,0,0,207
14,13,1,2,92,0,0,0.00662251655629139,151
4,2,2,1,96,0,0,0,133
2,1,1,3,111,0,0,0,0
14,6,8,5,111,0,0,0,0
12,5,7,5,111,0,0,0,0
0,0,0,2,111,0,0,0,0
0,0,0,2,111,0,0,0,0
0,0,0,2,111,0,0,0,0
0,0,0,2,111,0,0,0,0
0,0,0,2,111,0,0,0,0
0,0,0,2,111,0,0,0,0
0,0,0,2,111,0,0,0,0
0,0,0,2,111,0,0,0,0
0,0,0,2,111,0,0,0,0
0,0,0,2,111,0,0,0,0
0,0,0,2,111,0,0,0,0
3,2,1,2,74,0,0,0,36
3,2,1,2,74,0,0,0,32
3,1,2,1,96,0,0,0,51
5,2,3,1,96,0,0,0,39
168,77,91,3,157,0,0,0.00099601593625498,1004
39,26,13,6,43,0,0,0.00190839694656489,524
3,2,1,2,74,0,0,0,25
3,2,1,2,74,0,0,0,27
3,2,1,2,74,0,0,0,25
3,2,1,2,74,0,0,0,28
3,2,1,2,74,0,0,0,25
5,2,3,1,96,0,0,0,32
5,2,3,1,96,0,0,0,35
5,2,3,1,96,0,0,0,31
5,2,3,1,96,0,0,0,34
5,2,3,1,96,0,0,0,33
3,2,1,1,110,0,0,0.0238095238095238,42
22,20,2,3,110,1,0,0,55
29,15,14,1,110,0,0,0,138
0,0,0,1,110,0,0,0,29
23,13,10,3,74,0,0,0,36
7,4,3,1,110,0,0,0,47
5,2,3,1,96,0,0,0,37
9,9,0,1,139,1,0,0,110
12,8,4,2,19,1,0,0,234
114,62,52,5,14,0,0,0,66
17,7,10,2,139,1,0,0.003690036900369,271
2,1,1,1,174,1,0,0,475
0,0,0,1,20,1,0,0.0555555555555556,18
1,1,0,1,118,0,0,0,72
5,2,3,1,96,0,0,0,77
179,36,143,3,84,2,0,0,339
14,13,1,2,83,1,0,0,68
0,0,0,1,110,0,0,0,0
0,0,0,1,110,0,0,0,0
0,0,0,1,110,0,0,0,28
23,12,11,3,74,0,0,0,30
0,0,0,1,110,0,0,0,0
0,0,0,1,110,0,0,0,0
0,0,0,1,110,0,0,0,0
0,0,0,1,110,0,0,0,0
0,0,0,1,110,0,0,0,0
0,0,0,1,110,0,0,0,0
0,0,0,1,110,0,0,0,0
0,0,0,1,110,0,0,0,0
5,3,2,1,110,0,0,0,34
6,3,3,1,96,0,0,0,63
2,1,1,1,110,0,0,0,38
994,542,452,3,11,1,0,0.00143061516452074,699
16,9,7,2,110,0,0,0,227
1,0,1,1,110,0,0,0,46
2,1,1,1,110,0,0,0,37
70,40,30,3,4,1,0,0,114
2,1,1,1,110,0,0,0,54
3,2,1,1,110,0,0,0,94
9,5,4,1,179,0,0,0,42
3,2,1,1,106,0,0,0,35
13,11,2,2,98,0,0,0,34
4,3,1,1,110,0,0,0,27
7,4,3,1,110,0,0,0,34
3,2,1,1,110,0,0,0,34
9,7,2,2,92,0,0,0,33
15,13,2,2,96,1,0,0,37
19,16,3,2,27,1,0,0,34
4,2,2,1,110,0,0,0,24
0,0,0,1,110,0,0,0,29
9,4,5,2,86,0,0,0,42
42,22,20,1,110,0,0,0.0120481927710843,166
8,6,2,2,75,1,0,0,31
12,11,1,2,49,2,0,0,34
3,2,1,1,110,0,0,0,27
3,2,1,1,110,0,0,0,26
3,2,1,1,110,0,0,0,29
5,3,2,1,110,0,0,0,33
91,48,43,10,74,3,0,0.015625,64
40,29,11,5,158,1,0,0,0
0,0,0,1,158,0,0,0,0
40,33,7,6,158,2,0,0,0
28,24,4,6,158,1,0,0,0
13,11,2,2,98,0,0,0,35
4,2,2,1,110,0,0,0,31
7,4,3,1,110,0,0,0,33
14,12,2,2,75,1,0,0,41
7,4,3,1,110,0,0,0,32
4,2,2,1,110,0,0,0,24
4,2,2,1,110,0,0,0,25
6,4,2,1,110,0,0,0.0909090909090909,22
13,11,2,2,96,1,0,0,35
32,24,8,3,81,1,0,0,48
7,5,2,2,82,1,0,0,45
50,31,19,11,49,3,0,0.0123456790123457,81
304,208,96,8,18,3,0,0.00371747211895911,269
355,252,103,10,18,2,0,0.00471698113207547,212
291,185,106,9,18,3,0,0.00555555555555556,360
13,9,4,1,92,0,0,0,72
1,1,0,1,11,1,0,0,155
266,189,77,9,11,3,0,0.00326797385620915,306
9,6,3,1,179,0,0,0,43
23,11,12,4,11,2,0,0,130
15,8,7,1,92,0,0,0.0112781954887218,266
8,5,3,1,179,0,0,0,68
7,6,1,2,29,2,0,0,129
0,0,0,1,131,1,0,0,0
300,174,126,10,18,2,0,0.00632911392405063,158
142,100,42,9,13,2,0,0.00662251655629139,151
78,53,25,2,75,1,0,0,158
208,136,72,8,18,3,0,0.00563380281690141,355
21,10,11,2,92,0,0,0,198
407,274,133,8,18,3,0,0.00282485875706215,354
6,4,2,2,81,1,0,0,52
18,11,7,1,92,0,0,0,65
394,285,109,9,158,1,0,0,0
870,709,161,10,158,2,0,0,0
0,0,0,1,158,0,0,0,0
2,0,2,1,158,0,0,0,34
48,34,14,1,98,0,0,0,76
9,5,4,1,179,0,0,0,65
0,0,0,1,82,1,0,0,65
0,0,0,1,82,1,0,0,36
115,22,93,3,91,0,0,0,40
0,0,0,1,98,0,0,0,36
31,29,2,4,11,2,0,0,281
7,7,0,2,96,1,0,0,139
48,37,11,1,96,1,0,0,73
35,30,5,1,96,1,0,0,74
0,0,0,1,98,0,0,0,0
464,235,229,12,14,4,0,0,205
22,13,9,2,64,1,0,0,259
22,15,7,3,74,1,0,0,176
47,41,6,3,49,2,0,0,89
11,10,1,1,49,1,0,0,37
44,30,14,4,42,2,0,0,128
79,46,33,1,82,1,0,0,92
11,11,0,1,82,1,0,0,41
1,1,0,2,158,0,0,0,0
937,762,175,8,158,2,0,0,0
1818,1272,546,8,158,3,0,0,0
34,30,4,1,98,0,0,0,71
11,11,0,1,98,0,0,0,38
57,34,23,2,98,0,0,0,76
10,0,10,1,141,0,0,0,29
47,39,8,1,75,1,0,0,113
0,0,0,1,96,1,0,0,50
0,0,0,1,96,1,0,0,36
3,2,1,1,110,0,0,0,33
3,2,1,1,110,0,0,0,25
0,0,0,1,82,1,0,0,259
0,0,0,1,82,1,0,0,31
33,28,5,4,14,3,0,0,213
143,92,51,2,81,1,0,0.00645161290322581,155
179,124,55,10,14,4,0,0,191
0,0,0,1,110,0,0,0,28
4,3,1,2,110,1,0,0,25
25,15,10,4,74,1,0,0,35
6,4,2,2,110,1,0,0,26
6,4,2,2,110,1,0,0,33
12,7,5,2,96,1,0,0,68
361,316,45,5,46,2,0,0.0068259385665529,293
298,258,40,4,46,2,0,0.00416666666666667,240
16,15,1,1,83,0,0,0,36
117,80,37,8,35,2,0,0.0153846153846154,130
0,0,0,1,110,1,0,0,47
0,0,0,1,110,1,0,0,84
191,129,62,8,18,2,0,0.00666666666666667,150
24,14,10,2,67,2,0,0,107
2,1,1,2,89,2,0,0,93
54,28,26,3,89,2,0,0,105
0,0,0,1,110,1,0,0,70
0,0,0,1,110,1,0,0,26
0,0,0,1,110,0,0,0,29
26,13,13,3,74,0,0,0,35
0,0,0,1,110,0,0,0,0
0,0,0,1,110,0,0,0,0
0,0,0,1,110,0,0,0,0
0,0,0,1,110,0,0,0,0
0,0,0,1,110,0,0,0,0
0,0,0,1,110,0,0,0,0
0,0,0,1,110,0,0,0,0
0,0,0,1,110,0,0,0,0
0,0,0,1,110,0,0,0,0
4,2,2,1,110,0,0,0,31
26,21,5,5,15,0,0,0,68
2,1,1,1,109,0,0,0,22
2,1,1,1,109,0,0,0,22
2,1,1,1,109,0,0,0,23
2,1,1,1,109,0,0,0,22
2,1,1,1,109,0,0,0,22
2,1,1,1,109,0,0,0,22
2,1,1,1,109,0,0,0,22
2,1,1,1,109,0,0,0,23
2,1,1,1,109,0,0,0,22
74,62,12,6,22,2,0,0.000490998363338789,6110
86,63,23,3,61,2,0,0,235
20,20,0,1,56,0,0,0.0072992700729927,137
6,6,0,1,56,0,0,0,320
1,1,0,1,56,0,0,0,104
60,32,28,3,21,0,0,0,70
39,27,12,2,42,2,0,0,156
91,55,36,3,166,1,0,0,213
139,111,28,6,15,1,0,0.028169014084507,71
21,17,4,2,34,0,0,0.0033003300330033,303
2,1,1,2,22,0,0,0.00223214285714286,448
2,1,1,2,22,0,0,0.0235294117647059,85
72,36,36,4,21,0,0,0,240
74,53,21,6,22,0,0,0.00869565217391304,115
2,1,1,2,22,0,0,0.00446428571428571,224
2,1,1,2,22,0,0,0.0363636363636364,55
8,8,0,1,56,0,0,0,302
19,10,9,4,15,0,0,0.0238095238095238,84
10,5,5,2,21,0,0,0.0222222222222222,90
0,0,0,1,35,0,0,0,0
0,0,0,1,35,0,0,0,0
14,14,0,2,35,0,0,0,0
4,4,0,2,35,0,0,0,0
72,35,37,9,4,3,0,0,165
133,74,59,2,22,0,0,0.00130890052356021,764
682,326,356,9,4,3,0,0,613
225,147,78,7,22,1,0,0.000870322019147084,1149
24,12,12,2,4,2,0,0,354
812,383,429,10,4,3,0,0,823
2,1,1,1,106,0,0,0,23
17,9,8,1,109,0,0,0,59
30,15,15,1,109,0,0,0,110
58,29,29,2,85,1,0,0,119
8,4,4,1,109,0,0,0,29
21,12,9,1,109,0,0,0,65
6,4,2,1,109,0,0,0,44
19,10,9,1,109,0,0,0,68
59,30,29,1,109,0,0,0,69
59,30,29,1,109,0,0,0,82
31,16,15,1,109,0,0,0,82
31,16,15,1,109,0,0,0,178
27,14,13,1,109,0,0,0,191
1297,648,649,5,64,0,0,0,277
7,4,3,1,109,0,0,0,57
49,25,24,1,109,0,0,0,66
39,20,19,1,109,0,0,0,62
27,14,13,1,109,0,0,0,103
27,14,13,1,109,0,0,0,109
4,3,1,2,88,1,0,0,1115
15,8,7,1,109,0,0,0,55
7,4,3,1,109,0,0,0,29
1029,515,514,5,64,0,0,0,285
19,10,9,2,75,0,0,0,72
3,2,1,1,109,0,0,0,22
23,12,11,1,109,0,0,0,95
0,0,0,1,106,0,0,0,0
36,18,18,1,109,0,0,0,68
0,0,0,1,109,0,0,0,29
4,3,1,1,109,0,0,0,27
5,4,1,1,109,0,0,0,28
6,4,2,1,109,0,0,0,33
89,87,2,3,74,0,0,0,106
47,25,22,3,109,2,0,0,268
8,5,3,1,109,0,0,0,41
31,16,15,2,85,1,0,0,189
26,14,12,1,109,0,0,0,115
0,0,0,1,109,0,0,0,0
0,0,0,1,109,0,0,0,0
0,0,0,1,109,0,0,0,0
0,0,0,1,109,0,0,0,0
0,0,0,1,109,0,0,0,0
0,0,0,1,109,0,0,0,0
0,0,0,1,109,0,0,0,0
0,0,0,1,109,0,0,0,0
0,0,0,1,109,0,0,0,0
0,0,0,1,109,0,0,0,0
0,0,0,1,109,0,0,0,0
0,0,0,1,109,0,0,0,0
0,0,0,1,109,0,0,0,0
0,0,0,1,109,0,0,0,0
0,0,0,1,109,0,0,0,0
0,0,0,1,109,0,0,0,0
0,0,0,1,109,0,0,0,0
0,0,0,1,109,0,0,0,0
0,0,0,1,109,0,0,0,0
0,0,0,1,109,0,0,0,0
0,0,0,1,109,0,0,0,0
0,0,0,1,109,0,0,0,0
0,0,0,1,109,0,0,0,0
0,0,0,1,109,0,0,0,0
0,0,0,1,109,0,0,0,0
0,0,0,1,109,0,0,0,0
0,0,0,1,109,0,0,0,0
0,0,0,1,109,0,0,0,0
0,0,0,1,109,0,0,0,0
0,0,0,1,109,0,0,0,0
0,0,0,1,109,0,0,0,0
0,0,0,1,109,0,0,0,0
0,0,0,1,109,0,0,0,0
0,0,0,1,109,0,0,0,0
0,0,0,1,109,0,0,0,0
0,0,0,1,109,0,0,0,0
0,0,0,1,109,0,0,0,0
0,0,0,1,109,0,0,0,0
0,0,0,1,109,0,0,0,0
0,0,0,1,109,0,0,0,0
0,0,0,1,109,0,0,0,0
0,0,0,1,109,0,0,0,0
0,0,0,1,109,0,0,0,0
0,0,0,1,109,0,0,0,0
0,0,0,1,109,0,0,0,0
0,0,0,1,109,0,0,0,0
0,0,0,1,109,0,0,0,0
0,0,0,1,109,0,0,0,0
0,0,0,1,109,0,0,0,0
0,0,0,1,109,0,0,0,0
0,0,0,1,109,0,0,0,0
0,0,0,1,109,0,0,0,0
0,0,0,1,109,0,0,0,0
0,0,0,1,109,0,0,0,0
0,0,0,1,109,0,0,0,0
0,0,0,1,109,0,0,0,0
0,0,0,1,109,0,0,0,0
0,0,0,1,109,0,0,0,0
0,0,0,1,109,0,0,0,0
0,0,0,1,109,0,0,0,0
0,0,0,1,109,0,0,0,0
0,0,0,1,109,0,0,0,0
0,0,0,1,109,0,0,0,0
0,0,0,1,109,0,0,0,0
0,0,0,1,109,0,0,0,0
0,0,0,1,109,0,0,0,0
72,2,70,2,96,0,0,0,123
6,3,3,3,21,2,0,0.00649350649350649,154
2,1,1,1,109,0,0,0,193
2,1,1,1,109,0,0,0,71
3,1,2,1,109,0,0,0.00952380952380952,105
2,1,1,1,109,0,0,0,38
2,1,1,1,109,0,0,0,92
2,1,1,1,109,0,0,0,93
8,4,4,4,83,0,0,0.00606060606060606,165
2,1,1,1,109,0,0,0,77
8,6,2,1,109,0,0,0,249
2,1,1,1,109,0,0,0,45
2,1,1,1,109,0,0,0,47
3,1,2,1,109,0,0,0,129
2,1,1,1,109,0,0,0,72
94,54,40,5,40,3,0,0.00520833333333333,192
2,1,1,1,109,0,0,0,108
3,1,2,1,109,0,0,0,116
2,1,1,1,109,0,0,0,66
3,1,2,1,109,0,0,0,109
3,1,2,1,109,0,0,0,51
2,1,1,1,109,0,0,0,82
2,1,1,1,109,0,0,0,54
3,1,2,1,109,0,0,0,104
3,1,2,1,109,0,0,0,136
3,1,2,1,109,0,0,0.0065359477124183,306
3,1,2,1,109,0,0,0,234
3,1,2,1,109,0,0,0,182
2,1,1,1,109,0,0,0,82
2,1,1,1,109,0,0,0,99
2,1,1,1,109,0,0,0,235
6,5,1,2,57,1,0,0.00371747211895911,269
2,1,1,1,109,0,0,0,38
2,1,1,1,109,0,0,0,124
6,4,2,1,109,0,0,0,80
2,1,1,1,109,0,0,0,52
2,1,1,1,109,0,0,0,77
2,1,1,1,109,0,0,0,80
2,1,1,1,109,0,0,0,54
2,1,1,1,109,0,0,0,76
2,1,1,1,109,0,0,0,102
4,2,2,2,85,1,0,0,78
2,1,1,1,109,0,0,0,100
2,1,1,1,109,0,0,0,124
2,1,1,1,109,0,0,0,61
2,1,1,1,109,0,0,0,83
2,1,1,1,109,0,0,0,68
2,1,1,1,109,0,0,0,113
3,1,2,1,109,0,0,0,326
2,1,1,1,109,0,0,0,43
45,6,39,3,109,0,0,0,128
2,1,1,1,109,0,0,0,49
2,1,1,1,109,0,0,0,47
2,1,1,1,109,0,0,0,38
2,1,1,1,109,0,0,0,103
2,1,1,1,109,0,0,0,84
2,1,1,1,109,0,0,0,120
2,1,1,1,109,0,0,0,109
84,53,31,3,84,2,0,0,111
15,7,8,4,83,0,0,0,395
2,1,1,1,109,0,0,0,110
284,172,112,4,52,2,0,0,141
3,1,2,1,109,0,0,0,85
10,6,4,2,68,0,0,0,148
2,1,1,1,109,0,0,0,191
10,2,8,1,46,0,0,0,229
67,52,15,3,67,2,0,0,2543
4,2,2,1,85,1,0,0,194
6,3,3,3,83,0,0,0.00142045454545455,704
12,6,6,3,83,0,0,0.00160513643659711,623
60,36,24,2,158,0,0,0,238
47,33,14,6,0,5,0,0.00133511348464619,1498
7,5,2,1,88,1,0,0,621
653,328,325,7,64,1,0,0,3908
710,361,349,11,61,4,0,0.000252525252525253,3960
6,4,2,1,179,0,0,0,103
0,0,0,1,106,0,0,0,63
322,162,160,2,138,0,0,0,289
323,163,160,3,138,0,0,0,287
7,4,3,1,109,0,0,0,44
1,1,0,1,138,0,0,0,184
33,32,1,2,57,2,0,0,353
69,40,29,3,57,2,0,0,222
4,2,2,1,56,1,0,0,50
4,3,1,1,56,1,0,0,61
2,1,1,1,56,1,0,0,42
2,1,1,1,56,1,0,0,37
2,1,1,1,56,1,0,0,37
2,1,1,1,56,1,0,0,46
2,1,1,1,56,1,0,0,44
2,1,1,1,56,1,0,0,45
9,8,1,2,56,2,0,0,44
2,1,1,1,56,1,0,0,45
9,8,1,2,56,2,0,0,46
2,1,1,1,56,1,0,0,75
2,1,1,1,56,1,0,0,39
2,1,1,1,56,1,0,0,74
2,1,1,1,56,1,0,0,44
2,1,1,1,56,1,0,0,74
26,13,13,5,56,1,0,0,39
2,1,1,1,56,1,0,0,48
2,1,1,1,56,1,0,0,40
11,7,4,3,56,3,0,0,62
2,1,1,1,56,1,0,0,49
4,2,2,1,56,1,0,0,55
2,1,1,1,56,1,0,0,48
2,1,1,1,56,1,0,0,49
2,1,1,1,56,1,0,0,45
2,1,1,1,56,1,0,0,38
2,1,1,1,56,1,0,0,57
2,1,1,1,56,1,0,0,37
2,1,1,1,56,1,0,0,41
2,1,1,1,56,1,0,0,46
2,1,1,1,56,1,0,0,44
2,1,1,1,56,1,0,0,40
2,1,1,1,56,1,0,0,43
2,1,1,1,56,1,0,0,43
2,1,1,1,56,1,0,0,59
2,1,1,1,56,1,0,0,39
2,1,1,1,56,1,0,0,204
2,1,1,1,56,1,0,0,41
2,1,1,1,56,1,0,0,39
2,1,1,1,56,1,0,0,42
2,1,1,1,56,1,0,0,44
2,1,1,1,56,1,0,0,40
2,1,1,1,56,1,0,0,40
2,1,1,1,56,1,0,0,38
2,1,1,1,56,1,0,0,49
2,1,1,1,56,1,0,0,44
2,1,1,1,56,1,0,0,42
2,1,1,1,56,1,0,0,59
2,1,1,1,56,1,0,0,44
2,1,1,1,56,1,0,0,43
7,5,2,2,57,1,0,0,40
2,1,1,1,56,1,0,0,47
2,1,1,1,56,1,0,0,43
2,1,1,1,56,1,0,0,53
2,1,1,1,56,1,0,0,45
2,1,1,1,56,1,0,0,37
2,1,1,1,56,1,0,0,44
2,1,1,1,56,1,0,0,57
2,1,1,1,56,1,0,0,46
2,1,1,1,56,1,0,0,46
2,1,1,1,56,1,0,0,44
2,1,1,1,56,1,0,0,39
2,1,1,1,56,1,0,0,43
2,1,1,1,56,1,0,0,38
4,2,2,1,56,1,0,0,78
2,1,1,1,56,1,0,0,51
2,1,1,1,56,1,0,0,42
2,1,1,1,56,1,0,0,40
2,1,1,1,56,1,0,0,41
2,1,1,1,56,1,0,0,41
2,1,1,1,56,1,0,0,43
2,1,1,1,56,1,0,0,44
2,1,1,1,56,1,0,0,40
2,1,1,1,56,1,0,0,68
2,1,1,1,56,1,0,0,45
2,1,1,1,56,1,0,0,44
2,1,1,1,56,1,0,0,62
2,1,1,1,56,1,0,0,61
2,1,1,1,56,1,0,0,63
2,1,1,1,56,1,0,0,49
2,1,1,1,56,1,0,0,51
2,1,1,1,56,1,0,0,39
2,1,1,1,56,1,0,0,44
4,2,2,1,56,1,0,0,46
4,2,2,1,56,1,0,0,57
2,1,1,1,56,1,0,0,63
2,1,1,1,56,1,0,0,47
2,1,1,1,56,1,0,0,40
2,1,1,1,56,1,0,0,46
2,1,1,1,56,1,0,0,38
2,1,1,1,56,1,0,0,39
2,1,1,1,56,1,0,0,46
2,1,1,1,56,1,0,0,43
2,1,1,1,56,1,0,0,38
8,6,2,2,56,2,0,0,57
2,1,1,1,56,1,0,0,49
2,1,1,1,56,1,0,0,67
2,1,1,1,56,1,0,0,37
2,1,1,1,56,1,0,0,38
8,6,2,2,56,2,0,0,57
2,1,1,1,56,1,0,0,49
2,1,1,1,56,1,0,0,68
2,1,1,1,56,1,0,0,37
2,1,1,1,56,1,0,0,43
2,1,1,1,56,1,0,0,38
2,1,1,1,56,1,0,0,49
2,1,1,1,56,1,0,0,67
2,1,1,1,56,1,0,0,48
2,1,1,1,56,1,0,0,44
21,7,14,1,179,0,0,0,104
1,1,0,1,138,0,0,0,187
7,4,3,2,57,2,0,0,64
10,5,5,2,57,2,0,0,83
29,15,14,2,57,2,0,0,60
7,4,3,2,57,2,0,0,48
5,3,2,2,57,2,0,0,52
45,17,28,3,57,3,0,0,50
47,16,31,3,57,3,0,0,46
52,19,33,3,57,3,0,0,45
56,20,36,3,57,3,0,0,49
52,19,33,3,57,3,0,0,45
51,18,33,3,57,3,0,0,45
18,10,8,2,57,2,0,0,101
7,4,3,2,57,2,0,0,57
11,6,5,2,57,2,0,0,98
9,5,4,2,57,2,0,0,70
11,6,5,2,57,2,0,0,99
3,2,1,1,63,1,0,0,40
7,4,3,2,57,2,0,0,62
5,3,2,2,57,2,0,0,49
21,14,7,4,57,3,0,0,92
5,3,2,1,63,1,0,0,51
7,4,3,2,57,2,0,0,65
3,2,1,1,63,1,0,0,41
7,4,3,2,57,2,0,0,95
7,4,3,1,63,1,0,0,53
11,3,8,1,63,1,0,0,66
54,20,34,3,57,3,0,0,46
13,7,6,2,57,2,0,0,288
3,2,1,1,63,1,0,0,40
5,3,2,2,57,2,0,0,133
9,5,4,2,57,2,0,0.0149253731343284,67
56,20,36,3,57,3,0,0,46
60,20,40,3,57,3,0,0,47
15,8,7,2,57,2,0,0,80
7,4,3,2,57,2,0,0,59
20,11,9,2,57,2,0,0,91
86,15,71,2,57,2,0,0,160
7,4,3,1,57,1,0,0,63
5,2,3,1,112,0,0,0,736
7,4,3,1,57,1,0,0,62
5,3,2,1,57,1,0,0,48
47,15,32,3,57,2,0,0,43
5,3,2,1,57,1,0,0,47
5,3,2,1,57,1,0,0,60
5,3,2,1,57,1,0,0,55
7,4,3,1,57,1,0,0,62
5,3,2,1,57,1,0,0,57
25,5,20,1,57,1,0,0,37
46,16,30,2,57,2,0,0,43
2,1,1,1,57,1,0,0,46
4,2,2,2,56,2,0,0,56
2,1,1,1,57,1,0,0,40
2,1,1,1,57,1,0,0,39
4,2,2,1,57,1,0,0,53
2,1,1,1,57,1,0,0,39
37,33,4,2,52,1,0,0,75
67,30,37,4,57,4,0,0,49
6,3,3,1,57,1,0,0,60
8,4,4,1,57,1,0,0,72
48,16,32,3,57,3,0,0,45
6,3,3,1,57,1,0,0,60
2,1,1,1,57,1,0,0,39
51,17,34,3,57,3,0,0,45
4,2,2,1,57,1,0,0,54
55,16,39,2,57,2,0,0,46
12,7,5,1,57,1,0,0,64
50,17,33,3,57,3,0,0,45
4,2,2,1,57,1,0,0,49
4,2,2,1,57,1,0,0,52
4,2,2,1,57,1,0,0,50
10,3,7,1,57,1,0,0,56
24,4,20,1,57,1,0,0,36
2,1,1,1,57,1,0,0,39
8,4,4,1,57,1,0,0.02,50
12,7,5,1,57,1,0,0,211
6,3,3,1,57,1,0,0,56
2,1,1,1,57,1,0,0,43
2,1,1,1,57,1,0,0,43
23,4,19,1,57,1,0,0,36
2,1,1,1,57,1,0,0,42
4,2,2,1,57,1,0,0,52
2,1,1,1,57,1,0,0,45
18,4,14,1,57,1,0,0,43
16,8,8,2,56,2,0,0.0151515151515152,66
4,2,2,1,57,1,0,0,63
6,3,3,1,57,1,0,0,56
43,18,25,2,57,2,0,0,45
6,3,3,1,57,1,0,0,57
4,2,2,1,57,1,0,0,74
4,2,2,1,57,1,0,0,52
7,4,3,1,57,1,0,0,64
6,3,3,1,57,1,0,0,64
8,4,4,1,57,1,0,0,72
6,3,3,1,57,1,0,0,76
9,5,4,1,57,1,0,0,82
50,17,33,2,57,2,0,0,46
6,3,3,1,57,1,0,0,71
8,4,4,2,56,2,0,0,55
2,1,1,1,57,1,0,0,40
2,1,1,1,57,1,0,0,40
4,2,2,1,57,1,0,0,56
10,5,5,1,57,1,0,0,81
12,3,9,1,57,1,0,0.032258064516129,62
46,15,31,2,57,2,0,0,46
6,3,3,1,57,1,0,0,80
47,16,31,2,57,2,0,0,46
2,1,1,1,57,1,0,0,44
6,3,3,1,57,1,0,0,81
6,3,3,1,57,1,0,0,62
6,3,3,1,57,1,0,0,69
43,14,29,2,57,2,0,0,44
2,1,1,1,57,1,0,0,43
16,10,6,2,57,2,0,0,69
8,4,4,1,57,1,0,0,75
25,14,11,4,42,3,0,0.00840336134453781,119
12,6,6,1,57,1,0,0,113
2,1,1,1,57,1,0,0,45
16,10,6,2,57,2,0,0,69
8,4,4,1,57,1,0,0,75
24,15,9,5,42,3,0,0.00826446280991736,121
18,13,5,2,57,1,0,0,102
6,3,3,1,57,1,0,0,55
2,1,1,1,57,1,0,0,43
8,4,4,1,57,1,0,0,75
26,15,11,5,42,3,0,0.00826446280991736,121
6,3,3,1,57,1,0,0,66
91,42,49,2,57,2,0,0,64
79,46,33,2,75,1,0,0,281
1,1,0,2,67,0,0,0,54
2,1,1,2,67,0,0,0,26
38,21,17,6,84,3,0,0,840
908,897,11,2,75,0,0,0,960
8,4,4,1,109,0,0,0,42
17,10,7,1,109,0,0,0,36
15,9,6,1,109,0,0,0,30
3,2,1,1,109,0,0,0,29
4,2,2,1,109,0,0,0,22
3,2,1,1,109,0,0,0,27
6,3,3,1,109,0,0,0,34
8,4,4,1,109,0,0,0,41
4,2,2,1,109,0,0,0,26
4,2,2,1,109,0,0,0,27
4,2,2,1,109,0,0,0,27
4,2,2,1,109,0,0,0,27
4,2,2,1,109,0,0,0,27
4,2,2,1,109,0,0,0,27
4,2,2,1,109,0,0,0,27
4,2,2,1,109,0,0,0,27
4,2,2,1,109,0,0,0,27
4,2,2,1,109,0,0,0,27
4,2,2,1,109,0,0,0,27
4,2,2,1,109,0,0,0,27
4,2,2,1,109,0,0,0,27
4,2,2,1,109,0,0,0,27
4,2,2,1,109,0,0,0,27
4,2,2,1,109,0,0,0,27
4,2,2,1,109,0,0,0,27
4,2,2,1,109,0,0,0,27
4,2,2,1,109,0,0,0,27
4,2,2,2,109,0,0,0,27
4,2,2,1,109,0,0,0,27
4,2,2,1,109,0,0,0,27
4,2,2,1,109,0,0,0,27
4,2,2,1,109,0,0,0,27
4,2,2,1,109,0,0,0,27
4,2,2,1,109,0,0,0,27
2,1,1,1,109,0,0,0,19
18,9,9,1,109,0,0,0,92
3,2,1,1,109,0,0,0,21
6,3,3,1,109,0,0,0,34
5,3,2,1,109,0,0,0,35
6,3,3,1,109,0,0,0,34
6,3,3,1,109,0,0,0,34
6,3,3,1,109,0,0,0,34
4,2,2,1,109,0,0,0,30
4,2,2,1,109,0,0,0,30
4,2,2,1,109,0,0,0,30
4,2,2,1,109,0,0,0,30
4,2,2,1,109,0,0,0,30
4,2,2,1,109,0,0,0,30
4,2,2,1,109,0,0,0,30
4,2,2,1,109,0,0,0,30
4,2,2,1,109,0,0,0,29
4,2,2,1,109,0,0,0,30
4,2,2,1,109,0,0,0,30
4,2,2,1,109,0,0,0,31
4,2,2,1,109,0,0,0,30
4,2,2,1,109,0,0,0,30
4,2,2,1,109,0,0,0,31
4,2,2,1,109,0,0,0,30
4,2,2,1,109,0,0,0,30
4,2,2,1,109,0,0,0,30
4,2,2,2,109,0,0,0,31
4,2,2,1,109,0,0,0,31
4,2,2,1,109,0,0,0,31
4,2,2,1,109,0,0,0,31
4,2,2,1,109,0,0,0,30
6,3,3,1,109,0,0,0,36
4,2,2,1,109,0,0,0,31
6,3,3,1,109,0,0,0,34
3,2,1,1,109,0,0,0,21
6,3,3,1,109,0,0,0,36
4,2,2,1,109,0,0,0,25
0,0,0,1,109,0,0,0,29
80,42,38,4,49,0,0,0,61
0,0,0,1,109,0,0,0,0
0,0,0,1,109,0,0,0,0
0,0,0,1,109,0,0,0,0
0,0,0,1,109,0,0,0,0
0,0,0,1,109,0,0,0,0
0,0,0,1,109,0,0,0,0
0,0,0,1,109,0,0,0,0
0,0,0,1,109,0,0,0,0
0,0,0,1,109,0,0,0,0
12,6,6,4,19,0,0,0,97
6,4,2,1,179,0,0,0,304
2,1,1,1,109,0,0,0,75
21,21,0,3,32,0,0,0,188
2,1,1,1,109,0,0,0,64
2,1,1,1,109,0,0,0,57
2,1,1,1,109,0,0,0,86
5,5,0,1,61,0,0,0.00617283950617284,162
0,0,0,1,49,0,0,0,39
38,19,19,5,46,0,0,0,155
35,19,16,2,33,0,0,0,150
54,50,4,2,33,0,0,0,343
8,4,4,1,92,0,0,0,272
3,1,2,1,179,0,0,0,32
6,4,2,1,179,0,0,0,69
0,0,0,1,138,0,0,0,40
6,5,1,1,97,0,0,0,151
9,8,1,1,147,0,0,0,154
0,0,0,1,138,0,0,0,58
4,2,2,1,105,0,0,0,138
121,95,26,7,30,0,0,0.00175623463294696,2847
327,322,5,4,26,1,0,0.000381170192490947,5247
30,29,1,2,138,0,0,0,316
235,139,96,6,22,2,0,0,484
31,30,1,1,138,0,0,0,301
3,0,3,1,172,0,0,0,150
121,71,50,3,42,2,0,0,156
258,138,120,13,26,3,1,0,273
46,26,20,8,33,2,0,0.00334448160535117,299
75,65,10,8,32,1,0,0,290
422,232,190,13,22,1,0,0,271
116,92,24,1,6,1,0,0.00352112676056338,284
51,51,0,2,138,0,0,0,350
81,75,6,3,138,0,0,0.00290697674418605,344
97,75,22,6,26,6,0,0.00247831474597274,807
18,9,9,1,47,1,0,0,286
8,7,1,1,49,0,0,0.00425531914893617,470
12,0,12,2,138,0,0,0,29
0,0,0,1,139,0,0,0,298
0,0,0,1,139,0,0,0,295
0,0,0,1,139,0,0,0,35
2,2,0,1,30,0,0,0,156
7,6,1,2,29,0,0,0,322
4,4,0,1,30,0,0,0,317
2,2,0,1,30,0,0,0,207
2,1,1,1,141,0,0,0,146
2,1,1,1,141,0,0,0,183
9,5,4,4,26,0,0,0.00347222222222222,288
29,24,5,4,32,1,0,0.00961538461538462,208
26,26,0,2,138,0,0,0,80
34,34,0,2,138,0,0,0,309
36,36,0,2,138,0,0,0,306
27,27,0,2,138,0,0,0,75
33,1,32,1,138,0,0,0,37
19,17,2,1,138,0,0,0,298
17,17,0,1,138,0,0,0,297
41,2,39,1,138,0,0,0,29
7,7,0,1,26,1,0,0,142
10,10,0,1,26,1,0,0,263
10,10,0,1,26,1,0,0,210
522,276,246,7,8,2,0,0,251
8,8,0,1,26,1,0,0,146
5,1,4,1,104,0,0,0,115
3,1,2,1,104,0,0,0,295
250,162,88,7,19,1,0,0.0020703933747412,483
29,17,12,3,0,1,0,0.00952380952380952,105
189,134,55,8,32,0,0,0,180
10,9,1,1,158,0,0,0,88
8069,3895,4174,12,4,3,0,0.000469043151969981,4264
24,12,12,2,4,2,0,0,354
874,415,459,9,4,3,0,0,1107
174,81,93,9,4,3,0,0,270
190,89,101,9,4,3,0,0,263
163,76,87,9,4,3,0,0,281
169,67,102,8,4,2,0,0,203
122,55,67,9,4,3,0,0,243
62,30,32,9,4,3,0,0,161
0,0,0,1,158,0,0,0,28
12,8,4,5,70,0,0,0,26
9,7,2,3,27,0,0,0,54
22,19,3,2,158,0,0,0,38
58,33,25,4,27,0,0,0.0147058823529412,68
45,26,19,5,26,0,0,0,51
39,24,15,6,5,0,0,0,41
1059,653,406,24,5,3,0,0.00360576923076923,832
1013,626,387,20,0,3,0,0.00285171102661597,1052
8,7,1,3,140,0,0,0,37
0,0,0,1,158,0,0,0,35
87,50,37,6,26,0,0,0.0714285714285714,56
1142,699,443,8,27,0,0,0.000865051903114187,1156
2391,1642,749,13,26,1,0,0.000511770726714432,1954
0,0,0,1,158,0,0,0,0
0,0,0,1,5,0,0,0,16
0,0,0,1,5,0,0,0,39
18,17,1,4,27,0,0,0,45
0,0,0,2,5,1,0,0,0
0,0,0,1,5,0,0,0,36
307,230,77,11,19,1,0,0,392
14,7,7,4,25,0,0,0,44
15,8,7,6,27,0,0,0,41
38,26,12,7,25,0,0,0,69
60,44,16,3,25,0,0,0,115
1,1,0,2,25,0,0,0,28
3,2,1,2,81,1,0,0,28
65,41,24,6,25,0,0,0,66
0,0,0,1,151,0,0,0,27
31,31,0,2,63,0,0,0,83
266,155,111,7,60,0,0,0,115
51,51,0,2,60,0,0,0,187
107,70,37,7,27,0,0,0,52
48,42,6,6,60,0,0,0,65
83,71,12,9,20,1,0,0,99
48,42,6,6,60,0,0,0,65
11,9,2,5,63,0,0,0,24
169,90,79,5,27,0,0,0,125
92,49,43,3,27,0,0,0,50
78,41,37,4,27,0,0,0,67
237,130,107,3,27,0,0,0,154
20,10,10,3,27,0,0,0,110
0,0,0,1,151,0,0,0,26
0,0,0,1,151,0,0,0,25
210,97,113,5,27,0,0,0,69
0,0,0,1,151,0,0,0,26
24,12,12,3,4,3,0,0,354
0,0,0,2,5,1,0,0,0
4,2,2,3,4,2,0,0,161
0,0,0,1,82,0,0,0,74
0,0,0,1,84,0,0,0,111
0,0,0,1,84,0,0,0,182
0,0,0,1,84,0,0,0,64
0,0,0,1,84,0,0,0,82
0,0,0,1,109,0,0,0,28
6,3,3,1,109,0,0,0,25
7,3,4,2,49,0,0,0,50
23,15,8,2,2,2,0,0,167
4,2,2,2,104,0,0,0.0050761421319797,788
98,45,53,9,4,3,0,0,230
24,12,12,2,4,2,0,0,354
6,4,2,2,61,1,0,0,468
51,26,25,1,109,0,0,0,196
3,2,1,1,109,0,0,0,23
3,2,1,1,109,0,0,0,23
0,0,0,1,109,0,0,0,28
33,17,16,3,74,0,0,0,38
32,15,17,2,96,0,0,0,47
2,1,1,1,109,0,0,0,50
2,1,1,1,109,0,0,0,26
2,1,1,1,109,0,0,0,94
2,1,1,1,109,0,0,0,45
19,9,10,2,109,0,0,0,92
2,1,1,1,109,0,0,0,40
22,13,9,2,92,0,0,0,59
2,1,1,1,109,0,0,0,56
2,1,1,1,109,0,0,0,29
2,1,1,1,109,0,0,0,64
2,1,1,1,109,0,0,0,62
25,14,11,2,92,0,0,0,59
2,1,1,1,109,0,0,0,42
1,0,1,1,92,0,0,0,223
42,12,30,2,92,0,0,0,647
11,5,6,1,179,0,0,0,292
2,1,1,1,22,0,0,0,266
2,1,1,1,22,0,0,0.015625,64
9,6,3,1,22,0,0,0,644
1,1,0,1,106,0,0,0,162
0,0,0,1,109,0,0,0,33
2,1,1,2,106,0,0,0,28
0,0,0,1,109,0,0,0,32
0,0,0,1,109,0,0,0,33
0,0,0,1,109,0,0,0,34
0,0,0,1,109,0,0,0,36
0,0,0,1,109,0,0,0,35
0,0,0,1,109,0,0,0,34
0,0,0,1,109,0,0,0,32
0,0,0,1,109,0,0,0,31
0,0,0,1,109,0,0,0,31
0,0,0,1,109,0,0,0,32
0,0,0,1,109,0,0,0,33
0,0,0,1,109,0,0,0,23
0,0,0,1,109,0,0,0,23
0,0,0,1,109,0,0,0,63
0,0,0,1,109,0,0,0,32
0,0,0,1,109,0,0,0,35
0,0,0,1,109,0,0,0,30
0,0,0,1,109,0,0,0,37
0,0,0,1,109,0,0,0,23
0,0,0,1,109,0,0,0,33
0,0,0,1,109,0,0,0,33
0,0,0,1,109,0,0,0,33
0,0,0,1,109,0,0,0,23
0,0,0,1,109,0,0,0,36
0,0,0,1,109,0,0,0,23
0,0,0,1,109,0,0,0,37
0,0,0,1,109,0,0,0,36
0,0,0,1,109,0,0,0,37
0,0,0,1,109,0,0,0,23
0,0,0,1,109,0,0,0,37
0,0,0,1,109,0,0,0,34
0,0,0,1,109,0,0,0,22
0,0,0,1,109,0,0,0,22
0,0,0,1,109,0,0,0,33
0,0,0,1,109,0,0,0,32
0,0,0,1,109,0,0,0,33
0,0,0,1,109,0,0,0,30
0,0,0,1,109,0,0,0,31
0,0,0,1,109,0,0,0,33
0,0,0,1,109,0,0,0,33
53,27,26,1,109,0,0,0,51
0,0,0,1,109,0,0,0,39
0,0,0,1,109,0,0,0,23
13,6,7,4,75,0,0,0,78
0,0,0,1,109,0,0,0,0
0,0,0,1,109,0,0,0,0
0,0,0,1,109,0,0,0,0
0,0,0,1,109,0,0,0,0
0,0,0,1,109,0,0,0,0
0,0,0,1,109,0,0,0,0
0,0,0,1,109,0,0,0,0
0,0,0,1,109,0,0,0,0
0,0,0,1,109,0,0,0,0
0,0,0,1,109,0,0,0,0
0,0,0,1,109,0,0,0,0
0,0,0,1,109,0,0,0,0
0,0,0,1,109,0,0,0,0
0,0,0,1,109,0,0,0,0
0,0,0,1,109,0,0,0,0
0,0,0,1,109,0,0,0,0
0,0,0,1,109,0,0,0,0
0,0,0,1,109,0,0,0,0
0,0,0,1,109,0,0,0,0
0,0,0,1,109,0,0,0,0
0,0,0,1,109,0,0,0,0
0,0,0,1,109,0,0,0,0
0,0,0,1,109,0,0,0,0
0,0,0,1,109,0,0,0,0
0,0,0,1,109,0,0,0,0
0,0,0,1,109,0,0,0,0
0,0,0,1,109,0,0,0,0
0,0,0,1,109,0,0,0,0
0,0,0,1,109,0,0,0,0
0,0,0,1,109,0,0,0,0
0,0,0,1,109,0,0,0,0
0,0,0,1,109,0,0,0,0
0,0,0,1,109,0,0,0,0
0,0,0,1,109,0,0,0,0
0,0,0,1,109,0,0,0,0
0,0,0,1,109,0,0,0,0
0,0,0,1,109,0,0,0,0
0,0,0,1,109,0,0,0,0
0,0,0,1,109,0,0,0,0
0,0,0,1,109,0,0,0,0
0,0,0,1,109,0,0,0,0
0,0,0,1,109,0,0,0,0
0,0,0,1,109,0,0,0,0
0,0,0,1,109,0,0,0,28
29,15,14,3,74,0,0,0,37
6,3,3,1,96,0,0,0,39
0,0,0,1,109,0,0,0,28
37,21,16,1,109,0,0,0,42
1,1,0,1,109,0,0,0.00273972602739726,365
3,1,2,1,109,0,0,0,28
3,2,1,1,109,0,0,0,25
0,0,0,1,109,0,0,0,28
6,4,2,1,109,0,0,0,39
68,34,34,4,74,0,0,0.0175438596491228,57
20,4,16,2,91,0,0,0,27
18,13,5,4,49,0,0,0.0126582278481013,79
0,0,0,1,138,1,0,0,0
0,0,0,1,138,1,0,0,0
231,230,1,2,18,2,0,0.0200803212851406,249
312,200,112,7,19,1,0,0.0045662100456621,219
3,1,2,1,116,0,0,0,41
281,213,68,7,46,1,0,0.00598802395209581,167
29,15,14,1,91,0,0,0,32
36,16,20,2,46,1,0,0,93
8,6,2,1,61,1,0,0,155
3,2,1,1,126,0,0,0,47
2,1,1,1,126,0,0,0,49
2,1,1,1,126,0,0,0,46
0,0,0,1,126,0,0,0,46
7,2,5,1,126,0,0,0,40
2,1,1,1,126,0,0,0,65
15,3,12,1,126,0,0,0,69
30,6,24,2,89,1,0,0,62
1142,661,481,7,46,1,0,0.00156739811912226,638
156,97,59,6,46,0,0,0,123
404,222,182,6,46,0,0,0,214
152,92,60,6,46,0,0,0,104
34,19,15,6,46,0,0,0,118
217,127,90,6,46,0,0,0,145
210,108,102,6,46,1,0,0,168
532,289,243,7,46,1,0,0,470
169,84,85,2,126,0,0,0,180
23,0,23,1,126,0,0,0,125
6,1,5,1,126,0,0,0,105
0,0,0,1,126,0,0,0,73
0,0,0,1,126,0,0,0,104
42,2,40,1,126,0,0,0,103
2,1,1,1,126,0,0,0,116
0,0,0,1,126,0,0,0,0
0,0,0,1,126,0,0,0,0
0,0,0,1,126,0,0,0,0
0,0,0,1,126,0,0,0,0
0,0,0,1,126,0,0,0,0
0,0,0,1,126,0,0,0,0
0,0,0,1,126,0,0,0,0
0,0,0,1,126,0,0,0,0
0,0,0,1,126,0,0,0,0
0,0,0,1,126,0,0,0,0
0,0,0,1,126,0,0,0,0
0,0,0,1,126,0,0,0,46
0,0,0,1,126,0,0,0,42
0,0,0,1,126,0,0,0,53
8,4,4,1,126,0,0,0,53
13,7,6,1,126,0,0,0,72
3,2,1,1,109,0,0,0,28
3,2,1,1,109,0,0,0,29
9,4,5,2,74,0,0,0,35
6,3,3,2,74,0,0,0,28
3,2,1,1,109,0,0,0,29
0,0,0,1,109,0,0,0,28
8,4,4,2,74,0,0,0,27
6,3,3,2,74,0,0,0,27
8,4,4,2,74,0,0,0,27
17,9,8,3,74,0,0,0,33
3,2,1,1,109,0,0,0,28
5,3,2,1,109,0,0,0,28
15,7,8,2,96,0,0,0,46
2,1,1,1,109,0,0,0,73
2,1,1,1,109,0,0,0,74
2,1,1,1,109,0,0,0,53
2,1,1,1,109,0,0,0,66
2,1,1,1,109,0,0,0,31
5,3,2,3,60,0,0,0.00432900432900433,231
17,9,8,2,109,0,0,0,43
1,1,0,1,13,1,0,0,152
2,1,1,1,13,1,0,0,201
10,7,3,2,13,2,0,0,129
6,4,2,1,179,0,0,0,58
6,4,2,1,179,0,0,0,69
196,101,95,5,64,0,0,0.00386100386100386,259
0,0,0,1,109,0,0,0,28
0,0,0,1,109,0,0,0.0178571428571429,56
48,25,23,3,74,0,0,0,59
7,4,3,3,74,0,0,0,24
5,3,2,1,109,0,0,0,38
0,0,0,1,109,0,0,0,184
6,3,3,1,96,0,0,0,41
6,3,3,1,96,0,0,0,45
4,4,0,1,12,1,0,0.00574712643678161,174
44,41,3,2,0,1,0,0,614
4,4,0,1,12,1,0,0.00649350649350649,154
0,0,0,1,109,0,0,0,0
0,0,0,1,109,0,0,0,0
4,2,2,1,109,0,0,0,21
36,28,8,6,54,2,0,0,87
0,0,0,1,109,0,0,0,28
20,11,9,3,74,0,0,0,34
8,8,0,1,118,0,0,0,50
42,21,21,2,74,0,0,0,91
20,9,11,2,96,0,0,0,34
2,1,1,1,109,0,0,0,60
2,1,1,1,109,0,0,0,35
2,1,1,1,109,0,0,0,35
247,149,98,5,8,3,0,0.00740740740740741,135
2,1,1,1,109,0,0,0,155
2,1,1,1,109,0,0,0,110
20,13,7,3,13,2,0,0,117
113,104,9,3,54,2,0,0,241
5,3,2,2,49,0,0,0,26
0,0,0,1,49,0,0,0,22
0,0,0,1,8,0,0,0,0
5,4,1,1,49,0,0,0,312
11,7,4,1,22,0,0,0,220
4,2,2,2,106,0,0,0,28
14,7,7,1,106,0,0,0,29
7,3,4,1,96,0,0,0,39
4,3,1,1,57,1,0,0,112
10,7,3,2,57,1,0,0,77
100,48,52,2,22,2,0,0,129
20,7,13,1,57,1,0,0,93
0,0,0,2,55,0,0,0,0
106,54,52,4,55,0,0,0,0
5,2,3,2,55,0,0,0,0
0,0,0,1,55,0,0,0,0
4,4,0,2,55,0,0,0,0
10,2,8,2,55,0,0,0,0
0,0,0,1,55,0,0,0,0
105,58,47,2,55,0,0,0,0
0,0,0,2,55,0,0,0,0
35,19,16,2,55,0,0,0,0
0,0,0,1,55,0,0,0,0
24,11,13,3,55,0,0,0,0
0,0,0,1,55,0,0,0,0
29,18,11,3,55,0,0,0,0
4,2,2,2,55,0,0,0,0
1,1,0,2,55,0,0,0,0
0,0,0,1,55,0,0,0,0
0,0,0,1,55,0,0,0,0
13,7,6,2,55,0,0,0,0
0,0,0,1,55,0,0,0,0
3,2,1,2,55,0,0,0,0
6,6,0,2,55,0,0,0,0
11,2,9,2,55,0,0,0,0
531,275,256,3,33,2,0,0,348
18,15,3,1,129,0,0,0,35
16,8,8,2,35,2,0,0,2790
46,12,34,1,35,1,0,0,211
23,19,4,1,129,0,0,0,37
0,0,0,1,106,0,0,0,28
1,1,0,2,106,0,0,0,0
3,2,1,3,20,1,0,0,31
26,3,23,1,106,0,0,0,56
22,11,11,3,20,1,0,0,35
6,4,2,1,106,0,0,0,38
6,4,2,1,106,0,0,0,40
4,2,2,1,106,0,0,0,161
4,2,2,1,106,0,0,0,178
0,0,0,1,20,1,0,0,25
6,4,2,1,106,0,0,0,23
6,4,2,1,106,0,0,0,31
11,6,5,1,106,0,0,0.0119047619047619,84
9,5,4,1,106,0,0,0.0116279069767442,86
5,3,2,1,106,0,0,0.0169491525423729,59
22,22,0,1,106,0,0,0,765
13,10,3,3,74,0,0,0,38
3,2,1,1,106,0,0,0,22
4,3,1,1,106,0,0,0,24
15,10,5,3,68,0,0,0,43
3,2,1,1,106,0,0,0,30
0,0,0,1,106,0,0,0,28
3,2,1,1,106,0,0,0,32
3,2,1,1,106,0,0,0,20
20,12,8,4,74,0,0,0,29
8,7,1,1,106,0,0,0,28
20,15,5,3,74,0,0,0,48
3,2,1,1,106,0,0,0,30
21,15,6,4,49,0,0,0,57
2,1,1,1,8,1,0,0,124
2,1,1,1,8,1,0,0,211
1030,670,360,16,18,1,0,0.000714285714285714,1400
45,22,23,3,160,0,0,0,32
63,40,23,2,116,0,0,0,144
11,11,0,2,116,0,0,0,41
52,44,8,1,141,1,0,0.00148809523809524,672
6,6,0,1,68,0,0,0,32
4,3,1,1,119,1,0,0.0111111111111111,90
17,9,8,2,46,0,0,0,141
15,8,7,1,106,0,0,0,70
8,7,1,1,106,0,0,0,24
30,17,13,2,113,0,0,0,93
190,111,79,9,36,0,0,0,239
22,11,11,3,113,0,0,0,313
27,14,13,5,112,0,0,0,317
6,3,3,2,116,0,0,0,66
168,128,40,7,113,1,0,0,217
0,0,0,1,106,0,0,0,28
36,18,18,1,106,0,0,0,40
42,21,21,2,96,0,0,0,50
2,1,1,1,106,0,0,0,26
5,2,3,1,106,0,0,0,26
5,2,3,1,106,0,0,0,26
5,2,3,1,106,0,0,0,26
5,2,3,1,106,0,0,0,26
5,2,3,1,106,0,0,0,26
5,2,3,1,106,0,0,0,26
5,2,3,1,106,0,0,0,26
2,1,1,1,106,0,0,0,26
6,2,4,1,106,0,0,0,26
2,1,1,1,106,0,0,0,26
2,1,1,1,106,0,0,0,26
5,2,3,1,106,0,0,0,26
5,2,3,1,106,0,0,0,27
5,2,3,1,106,0,0,0,27
2,1,1,1,106,0,0,0,26
0,0,0,1,106,0,0,0,28
73,37,36,3,74,0,0,0,56
5,3,2,1,106,0,0,0,34
71,35,36,2,96,0,0,0,60
2,1,1,1,106,0,0,0,44
2,1,1,1,106,0,0,0,42
2,1,1,1,106,0,0,0.0163934426229508,61
2,1,1,1,106,0,0,0,44
2,1,1,1,106,0,0,0,64
2,1,1,1,106,0,0,0,42
2,1,1,1,106,0,0,0,39
2,1,1,1,106,0,0,0,75
2,1,1,1,106,0,0,0,38
2,1,1,1,106,0,0,0,49
2,1,1,1,106,0,0,0,36
2,1,1,1,106,0,0,0,41
2,1,1,1,106,0,0,0,41
2,1,1,1,106,0,0,0,39
2,1,1,1,106,0,0,0,37
2,1,1,1,106,0,0,0,40
2,1,1,1,106,0,0,0,42
2,1,1,1,106,0,0,0,40
2,1,1,1,106,0,0,0,36
2,1,1,1,106,0,0,0,36
2,1,1,1,106,0,0,0,41
2,1,1,1,106,0,0,0,69
2,1,1,1,106,0,0,0,48
2,1,1,1,106,0,0,0,53
2,1,1,1,106,0,0,0,47
2,1,1,1,106,0,0,0.0303030303030303,66
2,1,1,1,106,0,0,0,49
2,1,1,1,106,0,0,0,37
2,1,1,1,106,0,0,0,64
2,1,1,1,106,0,0,0,56
2,1,1,1,106,0,0,0,47
2,1,1,1,106,0,0,0,70
2,1,1,1,106,0,0,0,40
4,2,2,1,106,0,0,0,42
14,8,6,1,106,0,0,0,35
0,0,0,1,106,0,0,0,28
53,28,25,1,106,0,0,0,47
9,5,4,3,74,0,0,0,25
36,19,17,1,106,0,0,0,50
5,2,3,1,96,0,0,0,33
3,3,0,1,124,0,0,0,79
1,1,0,1,106,0,0,0,23
4,2,2,2,62,1,0,0,123
33,24,9,3,62,2,0,0,125
8,4,4,4,64,0,0,0,79
8,4,4,4,64,0,0,0,80
8,4,4,4,64,0,0,0,77
21,17,4,1,70,0,0,0,173
8,4,4,4,64,0,0,0,121
18,9,9,4,64,0,0,0,137
16,8,8,4,64,0,0,0,111
8,4,4,4,64,0,0,0,102
16,8,8,4,64,0,0,0,133
8,4,4,4,64,0,0,0,66
8,4,4,4,64,0,0,0,69
16,8,8,4,64,0,0,0,83
16,8,8,4,64,0,0,0,84
6,3,3,1,55,1,0,0,74
71,44,27,3,21,1,0,0.00333889816360601,599
2,1,1,1,88,1,0,0.0072992700729927,137
8,4,4,4,64,0,0,0,61
8,4,4,4,64,0,0,0,61
25,3,22,1,88,1,0,0,46
25,3,22,1,88,1,0,0,45
50,4,46,3,21,1,0,0,44
50,4,46,3,21,1,0,0,43
8,4,4,4,64,0,0,0,57
9,9,0,1,88,1,0,0,405
10,5,5,4,64,0,0,0,100
10,5,5,4,64,0,0,0,123
16,8,8,4,64,0,0,0,134
16,8,8,4,64,0,0,0,266
87,48,39,4,99,2,0,0,624
529,296,233,14,21,4,0,0,170
336,197,139,12,21,4,0,0.008,125
304,179,125,15,22,4,0,0,143
4,2,2,2,103,2,0,0,263
29,16,13,1,62,1,0,0,61
26,15,11,1,62,1,0,0,64
18,10,8,1,62,1,0,0,51
37,21,16,1,62,1,0,0,65
18,10,8,1,62,1,0,0,55
9,6,3,1,62,1,0,0,51
18,10,8,1,62,1,0,0,51
3,3,0,1,62,1,0,0,199
24,24,0,1,62,1,0,0,173
36,19,17,1,62,1,0,0,106
18,10,8,1,62,1,0,0,51
36,20,16,1,62,1,0,0,67
22,11,11,1,62,1,0,0,55
34,19,15,1,62,1,0,0,71
13,12,1,1,153,0,0,0,531
13,11,2,1,153,0,0,0,91
176,125,51,11,20,2,0,0,287
0,0,0,3,50,0,0,0,24
597,335,262,15,20,6,0,0.00956937799043062,209
166,74,92,9,4,3,0,0,289
166,74,92,9,4,3,0,0,289
134,60,74,9,4,3,0,0,255
398,189,209,9,4,3,0,0,443
182,80,102,9,4,3,0,0,319
182,80,102,9,4,3,0,0,319
182,80,102,9,4,3,0,0,319
718,323,395,10,4,3,0,0,886
248,112,136,10,4,3,0,0,371
182,80,102,9,4,3,0,0,319
182,80,102,9,4,3,0,0,319
182,80,102,9,4,3,0,0,319
166,74,92,9,4,3,0,0,289
182,80,102,9,4,3,0,0,319
182,80,102,9,4,3,0,0,319
218,102,116,10,4,3,0,0,327
218,102,116,10,4,3,0,0,327
410,194,216,9,4,3,0,0,461
134,60,74,9,4,3,0,0,255
24,12,12,2,4,2,0,0,354
98,45,53,9,4,3,0,0,209
248,116,132,10,4,3,0,0,357
134,60,74,9,4,3,0,0,255
634,303,331,9,4,3,0,0,611
634,303,331,9,4,3,0,0,611
212,97,115,10,4,3,0,0,323
208,97,111,10,4,3,0,0,315
188,87,101,10,4,3,0,0,291
186,87,99,10,4,3,0,0,287
188,87,101,10,4,3,0,0,291
200,92,108,10,4,3,0,0,307
134,60,74,9,4,3,0,0,255
134,60,74,9,4,3,0,0,255
146,65,81,9,4,3,0,0,271
70,34,36,9,4,3,0,0,163
272,126,146,10,4,3,0,0,389
228,107,121,10,4,3,0,0,339
230,107,123,10,4,3,0,0,343
397,189,208,10,4,3,0,0,427
134,60,74,9,4,3,0,0,255
246,114,132,10,4,3,0,0,335
200,92,108,10,4,3,0,0,307
212,97,115,10,4,3,0,0,323
382,179,203,10,4,3,0,0,548
280,130,150,9,4,3,0,0,389
0,0,0,1,105,0,0,0,0
193,100,93,5,62,1,0,0,65
0,0,0,1,105,0,0,0,0
133,28,105,12,169,0,0,0,109
4,4,0,1,172,0,0,0,70
94,66,28,4,61,0,0,0,99
8,4,4,2,61,0,0,0,28
10,7,3,3,61,0,0,0,30
0,0,0,1,175,0,0,0,0
239,119,120,4,61,1,0,0,67
4497,81,4416,16,169,0,0,0.000232883092687471,4294
57,40,17,7,169,0,0,0,0
0,0,0,1,169,0,0,0,97
456,450,6,2,169,0,0,0,35
0,0,0,1,169,0,0,0,0
8,5,3,3,169,0,0,0,0
31,25,6,2,169,0,0,0,36
37,31,6,2,169,0,0,0,36
39,32,7,3,169,0,0,0,36
3,2,1,1,169,0,0,0,35
51,47,4,3,169,0,0,0,36
0,0,0,1,169,0,0,0,0
45,39,6,2,169,0,0,0,36
64,60,4,3,169,0,0,0,36
26,21,5,2,169,0,0,0,36
0,0,0,1,169,0,0,0,0
0,0,0,1,169,0,0,0,0
0,0,0,1,169,0,0,0,0
3,2,1,1,169,0,0,0,34
515,508,7,5,169,1,0,0,36
0,0,0,1,169,0,0,0,0
81,74,7,2,169,0,0,0,36
32,25,7,2,169,0,0,0,36
35,31,4,2,169,0,0,0,36
0,0,0,1,169,0,0,0,39
0,0,0,1,169,0,0,0,39
0,0,0,1,169,0,0,0,39
3,2,1,1,169,0,0,0,37
2,1,1,1,169,0,0,0,37
21,14,7,3,169,0,0,0,36
2249,2242,7,4,169,1,0,0,36
3,2,1,1,169,0,0,0,35
33,25,8,2,169,0,0,0,36
31,23,8,2,169,0,0,0,36
0,0,0,1,169,0,0,0,0
3,2,1,1,169,0,0,0,35
3,2,1,1,169,0,0,0,35
0,0,0,1,169,0,0,0,0
0,0,0,1,169,0,0,0,0
0,0,0,1,172,0,0,0,0
0,0,0,1,172,0,0,0,0
2,2,0,3,170,1,0,0,0
0,0,0,1,172,0,0,0,0
1,1,0,2,169,1,0,0,0
0,0,0,1,169,0,0,0,0
2,1,1,1,172,0,0,0,0
0,0,0,1,172,0,0,0,0
0,0,0,1,172,0,0,0,0
0,0,0,1,172,0,0,0,0
0,0,0,1,172,0,0,0,0
68,34,34,2,105,0,0,0,1009
6,5,1,3,105,0,0,0,105
7,1,6,1,105,0,0,0,18
25,14,11,2,169,0,0,0,190
2,1,1,2,169,0,0,0,0
6,3,3,2,174,0,0,0,183
150,38,112,5,105,0,0,0,818
0,0,0,1,175,0,0,0,0
9993,5002,4991,13,11,0,0,0.000188786105342647,5297
9,5,4,2,105,0,0,0,32
8,4,4,2,105,0,0,0,30
4,3,1,1,175,0,0,0,38
132,9,123,3,169,0,0,0,256
8,1,7,1,175,0,0,0,232
0,0,0,1,175,0,0,0,0
0,0,0,1,172,0,0,0,0
0,0,0,1,172,0,0,0,0
0,0,0,1,173,0,0,0,4498
0,0,0,1,173,0,0,0,820
0,0,0,1,173,0,0,0,603
0,0,0,1,173,0,0,0,208
0,0,0,1,173,0,0,0,74
0,0,0,1,173,0,0,0,512
0,0,0,1,173,0,0,0,1184
0,0,0,1,173,0,0,0,3536
0,0,0,1,173,0,0,0,976
0,0,0,1,173,0,0,0,568
0,0,0,1,173,0,0,0,212
0,0,0,1,173,0,0,0,72
0,0,0,1,173,0,0,0,729
0,0,0,1,173,0,0,0,478
0,0,0,1,173,0,0,0,1201
0,0,0,1,173,0,0,0,0
0,0,0,1,173,0,0,0,0
0,0,0,1,173,0,0,0,0
0,0,0,1,173,0,0,0,0
0,0,0,1,173,0,0,0,0
0,0,0,1,173,0,0,0,0
0,0,0,1,173,0,0,0,0
2,1,1,2,169,0,0,0,0
0,0,0,1,173,0,0,0,0
2,1,1,2,169,0,0,0,0
0,0,0,1,173,0,0,0,0
0,0,0,1,173,0,0,0,0
0,0,0,1,173,0,0,0,0
0,0,0,1,173,0,0,0,0
0,0,0,1,173,0,0,0,0
0,0,0,1,173,0,0,0,0
0,0,0,1,173,0,0,0,0
0,0,0,1,173,0,0,0,0
0,0,0,1,173,0,0,0,0
0,0,0,1,173,0,0,0,0
0,0,0,1,173,0,0,0,0
0,0,0,1,173,0,0,0,1034
0,0,0,1,173,0,0,0,265
1,1,0,2,173,0,0,0,0
0,0,0,1,173,0,0,0,0
0,0,0,1,173,0,0,0,0
0,0,0,1,173,0,0,0,0
0,0,0,1,173,0,0,0,0
0,0,0,1,173,0,0,0,0
0,0,0,1,173,0,0,0,0
0,0,0,1,173,0,0,0,0
0,0,0,1,173,0,0,0,0
0,0,0,1,173,0,0,0,0
0,0,0,1,173,0,0,0,0
0,0,0,1,173,0,0,0,0
0,0,0,1,173,0,0,0,0
0,0,0,1,173,0,0,0,0
0,0,0,1,173,0,0,0,0
0,0,0,1,173,0,0,0,0
0,0,0,1,173,0,0,0,0
0,0,0,1,173,0,0,0,0
0,0,0,1,173,0,0,0,0
0,0,0,1,173,0,0,0,0
0,0,0,1,173,0,0,0,0
0,0,0,1,173,0,0,0,0
0,0,0,1,173,0,0,0,71
0,0,0,1,173,0,0,0,102
0,0,0,1,173,0,0,0,313
0,0,0,1,173,0,0,0,94
0,0,0,1,173,0,0,0,139
0,0,0,1,173,0,0,0,230
0,0,0,1,173,0,0,0,373
0,0,0,1,173,0,0,0,233
0,0,0,1,173,0,0,0,222
0,0,0,1,173,0,0,0,114
234,89,145,4,105,2,0,0,43
0,0,0,1,105,0,0,0,0
139,74,65,7,6,0,0,0,103
582,290,292,5,61,0,0,0,654
91,47,44,2,105,0,0,0,145
185,93,92,2,105,0,0,0,177
51,26,25,2,105,0,0,0,66
36,13,23,3,105,0,0,0,56
179,90,89,2,105,0,0,0,172
311,156,155,2,105,0,0,0,267
23,20,3,1,175,0,0,0,25
17,6,11,3,105,0,0,0.0196078431372549,51
11,6,5,3,105,0,0,0,67
10,6,4,3,105,0,0,0,32
17,9,8,4,105,0,0,0,38
279,78,201,5,52,2,0,0,106
8,6,2,4,53,0,0,0,0
9,5,4,2,105,0,0,0.0208333333333333,48
13,8,5,4,105,0,0,0,32
17,9,8,4,105,0,0,0,38
37,32,5,4,105,0,0,0,0
13,8,5,4,105,0,0,0,32
17,9,8,4,105,0,0,0,38
68,38,30,5,105,0,0,0,143
17,9,8,4,61,0,0,0,71
8,5,3,2,105,0,0,0,31
16,10,6,3,105,0,0,0,35
15,9,6,3,105,0,0,0,35
25,14,11,3,105,0,0,0,35
17,11,6,3,105,0,0,0,35
8,5,3,2,105,0,0,0,35
15,9,6,3,105,0,0,0,35
37,19,18,5,105,0,0,0,159
51,29,22,3,105,0,0,0,199
122,60,62,4,105,0,0,0,275
52,30,22,3,105,0,0,0,280
7,5,2,2,105,0,0,0,32
46,27,19,3,105,0,0,0,209
64,37,27,3,105,0,0,0,213
49,28,21,3,105,0,0,0,239
53,30,23,4,105,0,0,0,183
66,37,29,4,105,0,0,0,258
41,31,10,3,105,0,0,0,0
458,232,226,6,105,0,0,0,1154
13,8,5,4,105,0,0,0,32
13,7,6,3,105,0,0,0.0217391304347826,46
14,9,5,4,105,0,0,0,32
16,10,6,4,105,0,0,0,36
69,42,27,5,21,1,0,0,219
48,26,22,3,105,0,0,0,199
44,26,18,3,105,0,0,0,216
16,9,7,3,105,0,0,0,69
7,5,2,2,105,0,0,0,33
15,9,6,3,105,0,0,0,42
14,8,6,3,105,0,0,0,41
13,8,5,3,105,0,0,0,38
15,10,5,3,105,0,0,0,42
18,11,7,3,105,0,0,0,46
24,15,9,3,105,0,0,0,41
19,12,7,3,105,0,0,0,45
63,19,44,4,105,0,0,0,210
14,6,8,3,105,0,0,0.0172413793103448,58
14,9,5,4,105,0,0,0,57
8,5,3,2,105,0,0,0,49
14,9,5,3,105,0,0,0,50
15,10,5,3,105,0,0,0,50
15,9,6,3,105,0,0,0,50
15,10,5,3,105,0,0,0,50
14,9,5,3,105,0,0,0,50
15,10,5,3,105,0,0,0,50
25,13,12,4,105,0,0,0,68
43,32,11,3,105,0,0,0,0
56,30,26,4,105,0,0,0,571
28,15,13,3,105,0,0,0,161
9,6,3,3,105,0,0,0,37
22,14,8,4,105,0,0,0,63
17,10,7,3,105,0,0,0,84
17,10,7,6,105,0,0,0,54
30,13,17,4,105,0,0,0,530
19,11,8,3,105,0,0,0,67
14,9,5,4,105,0,0,0,30
20,12,8,4,105,0,0,0,39
22,9,13,3,105,0,0,0,46
26,11,15,3,105,0,0,0,53
16,10,6,3,105,0,0,0,44
13,8,5,3,105,0,0,0,36
15,9,6,3,105,0,0,0,38
15,9,6,3,105,0,0,0,38
15,9,6,3,105,0,0,0,39
15,9,6,3,105,0,0,0,39
15,9,6,3,105,0,0,0,40
13,8,5,3,105,0,0,0,36
13,8,5,3,105,0,0,0,37
12,7,5,3,105,0,0,0,36
11,7,4,3,105,0,0,0,38
15,9,6,3,105,0,0,0,38
15,9,6,3,105,0,0,0,39
15,9,6,3,105,0,0,0,39
15,9,6,3,105,0,0,0,40
13,8,5,3,105,0,0,0,36
13,8,5,3,105,0,0,0,37
14,9,5,3,105,0,0,0,36
14,8,6,3,105,0,0,0,38
16,10,6,3,105,0,0,0,38
17,10,7,3,105,0,0,0,39
15,9,6,3,105,0,0,0,39
16,10,6,3,105,0,0,0,40
14,9,5,3,105,0,0,0,36
16,10,6,3,105,0,0,0,37
16,10,6,3,105,0,0,0,39
15,9,6,3,105,0,0,0,40
15,9,6,3,105,0,0,0,37
15,9,6,3,105,0,0,0,39
15,9,6,3,105,0,0,0,40
14,9,5,3,105,0,0,0,37
15,9,6,3,105,0,0,0,39
15,9,6,3,105,0,0,0,40
14,9,5,3,105,0,0,0,37
13,8,5,4,105,0,0,0,35
20,12,8,3,105,0,0,0,49
14,9,5,3,105,0,0,0,39
18,11,7,3,105,0,0,0,45
14,9,5,3,105,0,0,0,39
18,11,7,3,105,0,0,0,45
44,32,12,4,105,0,0,0,0
2818,1521,1297,12,26,1,0,0,1312
20,5,15,2,105,0,0,0.0212765957446809,47
25,14,11,4,105,1,0,0,54
29,18,11,5,105,0,0,0,69
18,11,7,3,105,0,0,0,70
18,11,7,3,105,0,0,0,67
27,17,10,5,105,0,0,0,71
18,11,7,3,105,0,0,0,71
18,11,7,3,105,0,0,0,67
27,17,10,5,105,0,0,0,71
18,11,7,3,105,0,0,0,71
18,11,7,3,105,0,0,0,67
27,17,10,5,105,0,0,0,71
18,11,7,3,105,0,0,0,71
18,11,7,3,105,0,0,0,67
29,18,11,5,105,0,0,0,71
18,11,7,3,105,0,0,0,71
18,11,7,3,105,0,0,0,67
29,18,11,5,105,0,0,0,71
18,11,7,3,105,0,0,0,71
18,11,7,3,105,0,0,0,67
11,7,4,3,105,0,0,0,59
16,10,6,4,105,0,0,0,66
22,14,8,4,105,0,0,0,79
16,10,6,4,105,0,0,0,50
18,11,7,4,105,0,0,0,59
13,8,5,4,105,0,0,0,162
16,10,6,4,105,0,0,0,258
20,12,8,4,105,0,0,0,258
11,7,4,3,105,0,0,0,258
18,11,7,4,105,0,0,0,155
19,12,7,4,105,0,0,0,258
18,11,7,4,105,0,0,0,258
19,12,7,4,105,0,0,0,258
78,38,40,5,105,0,0,0,0
86,52,34,5,105,0,0,0,0
29,16,13,3,105,0,0,0,76
70,34,36,4,105,0,0,0,195
23,12,11,5,105,1,0,0,49
97,52,45,4,105,1,0,0,49
56,31,25,4,105,0,0,0,93
28,15,13,3,105,0,0,0,38
68,33,35,4,105,0,0,0,212
43,24,19,4,105,0,0,0,84
42,24,18,4,105,0,0,0,87
58,28,30,4,105,0,0,0,135
69,34,35,4,105,0,0,0,231
22,11,11,3,105,0,0,0,36
63,31,32,4,105,0,0,0,111
28,13,15,4,105,0,0,0,39
28,15,13,3,105,0,0,0,37
38,22,16,3,105,0,0,0,41
40,23,17,3,105,0,0,0,41
57,28,29,4,105,0,0,0,137
52,29,23,4,105,0,0,0,128
65,35,30,4,105,0,0,0,208
104,61,43,4,105,0,0,0,0
109,68,41,6,105,0,0,0,0
88,56,32,4,105,0,0,0,0
27,14,13,3,105,0,0,0,42
107,67,40,6,105,0,0,0,0
86,44,42,3,105,0,0,0,39
89,57,32,4,105,0,0,0,0
93,53,40,6,105,0,0,0,60
84,46,38,4,105,0,0,0,59
91,53,38,4,105,0,0,0,59
94,54,40,6,105,0,0,0,60
84,45,39,4,105,0,0,0,60
16,9,7,3,105,0,0,0,59
25,15,10,5,105,0,0,0,60
16,9,7,3,105,0,0,0,54
16,9,7,3,105,0,0,0,59
11,7,4,2,105,0,0,0,43
25,15,10,5,105,0,0,0,60
16,9,7,3,105,0,0,0,56
16,9,7,3,105,0,0,0,59
25,15,10,5,105,0,0,0,60
16,9,7,3,105,0,0,0,56
89,51,38,4,105,0,0,0,59
96,54,42,6,105,0,0,0,60
71,38,33,4,105,0,0,0,54
89,50,39,4,105,0,0,0,59
23,11,12,3,105,0,0,0,38
36,19,17,4,105,0,0,0,41
36,19,17,4,105,0,0,0,41
415,225,190,4,105,0,0,0,226
64,34,30,4,105,0,0,0,52
2,1,1,2,168,0,0,0,0
68,38,30,4,105,0,0,0,51
35,17,18,3,105,0,0,0,43
186,105,81,4,105,0,0,0,106
43,24,19,3,105,0,0,0,44
635,340,295,4,105,0,0,0,333
133,77,56,4,105,0,0,0,84
177,101,76,4,105,0,0,0,103
266,145,121,4,105,0,0,0,149
659,358,301,4,105,0,0,0,331
35,17,18,3,105,0,0,0,43
36,18,18,3,105,0,0,0,43
35,17,18,3,105,0,0,0,43
246,135,111,4,105,0,0,0,137
46,25,21,4,105,0,0,0,46
38,20,18,3,105,0,0,0,42
51,28,23,3,105,0,0,0,46
51,28,23,3,105,0,0,0,46
315,173,142,4,105,0,0,0,170
313,178,135,4,105,0,0,0,164
360,206,154,4,105,0,0,0,184
39,19,20,3,105,0,0,0,46
41,18,23,3,105,0,0,0,47
28,13,15,3,105,0,0,0,41
141,92,49,3,105,0,0,0,118
28,16,12,4,105,0,0,0,33
86,52,34,5,105,1,0,0,54
55,33,22,4,105,0,0,0,44
49,23,26,3,105,0,0,0,48
53,27,26,3,105,0,0,0,49
74,45,29,4,105,0,0,0,52
81,50,31,4,105,0,0,0,52
121,71,50,4,105,0,0,0,70
340,181,159,6,105,0,0,0,199
342,183,159,7,105,0,0,0,206
185,110,75,3,105,0,0,0,103
185,110,75,3,105,0,0,0,103
186,111,75,3,105,0,0,0,103
186,111,75,3,105,0,0,0,103
187,111,76,3,105,0,0,0,103
186,111,75,3,105,0,0,0,103
186,111,75,3,105,0,0,0,103
258,150,108,4,105,0,0,0,134
78,44,34,3,105,0,0,0,62
349,198,151,3,105,0,0,0,184
90,51,39,4,105,0,0,0,63
117,64,53,4,105,0,0,0,78
22,11,11,3,105,0,0,0,34
27,14,13,3,105,0,0,0,36
29,17,12,3,105,0,0,0,35
38,20,18,3,105,0,0,0,41
98,61,37,4,105,0,0,0,58
25,15,10,4,105,0,0,0,32
4,2,2,2,168,0,0,0,0
0,0,0,1,172,0,0,0,0
9,5,4,2,168,0,0,0,0
2,1,1,2,168,0,0,0,0
11,7,4,3,105,0,0,0,27
171,86,85,3,168,0,0,0,203
422,213,209,3,168,0,0,0,280
89,46,43,4,105,0,0,0,84
82,42,40,2,168,0,0,0,115
4639,2299,2340,10,21,1,0,0,1362
70,39,31,3,105,0,0,0,58
84,45,39,4,105,0,0,0,61
31,16,15,3,105,0,0,0,36
62,33,29,3,105,0,0,0,50
31,16,15,3,105,0,0,0,36
66,35,31,3,105,0,0,0,52
29,14,15,3,105,0,0,0,36
60,31,29,3,105,0,0,0,50
29,14,15,3,105,0,0,0,36
66,35,31,3,105,0,0,0,52
30,15,15,3,105,0,0,0,36
59,30,29,3,105,0,0,0,50
30,15,15,3,105,0,0,0,36
66,35,31,3,105,0,0,0,52
31,16,15,3,105,0,0,0,36
30,15,15,3,105,0,0,0,36
30,15,15,3,105,0,0,0,36
96,59,37,4,105,0,0,0,61
25,15,10,4,105,0,0,0,32
24,14,10,4,105,0,0,0,32
39,23,16,4,105,0,0,0,37
40,22,18,3,105,0,0,0,41
47,25,22,3,105,0,0,0,46
47,22,25,3,105,0,0,0,48
75,41,34,3,105,0,0,0,61
121,68,53,6,105,0,0,0,74
83,44,39,4,105,0,0,0,63
106,60,46,4,105,0,0,0,70
125,72,53,6,105,0,0,0,74
88,50,38,4,105,0,0,0,63
105,59,46,4,105,0,0,0,70
126,73,53,6,105,0,0,0,74
88,50,38,4,105,0,0,0,63
105,59,46,4,105,0,0,0,70
124,72,52,6,105,0,0,0,74
89,51,38,4,105,0,0,0,63
106,60,46,4,105,0,0,0,70
126,73,53,6,105,0,0,0,74
88,50,38,4,105,0,0,0,63
105,59,46,4,105,0,0,0,70
126,73,53,6,105,0,0,0,74
88,50,38,4,105,0,0,0,63
105,59,46,4,105,0,0,0,70
107,56,51,3,105,0,0,0,76
117,72,45,4,105,0,0,0,67
140,84,56,4,105,0,0,0,79
52,26,26,3,105,0,0,0,52
312,194,118,5,105,0,0,0,0
25,15,10,4,105,0,0,0,32
25,15,10,4,105,0,0,0,32
88,47,41,3,105,0,0,0,71
79,40,39,3,105,0,0,0,66
255,144,111,6,105,0,0,0,128
1671,969,702,7,27,1,0,0,1498
175,88,87,6,105,0,0,0,108
100,66,34,4,105,0,0,0,0
178,90,88,4,105,0,0,0,130
165,84,81,5,105,0,0,0,113
84,44,40,3,105,0,0,0,64
0,0,0,1,53,0,0,0,112
0,0,0,1,64,0,0,0,212
18,14,4,2,53,0,0,0,78
4,3,1,1,106,0,0,0,27
3,2,1,1,106,0,0,0,21
3,2,1,1,106,0,0,0,20
3,2,1,1,106,0,0,0,21
0,0,0,1,106,0,0,0,29
17,9,8,3,74,0,0,0,31
4,3,1,1,106,0,0,0,25
24,12,12,2,74,0,0,0,43
3,2,1,1,106,0,0,0,23
36,18,18,2,74,0,0,0,74
3,2,1,1,106,0,0,0,25
3,2,1,1,106,0,0,0,34
13,6,7,2,96,0,0,0,33
2,1,1,1,106,0,0,0,67
2,1,1,1,106,0,0,0,79
2,1,1,1,106,0,0,0,82
2,1,1,1,106,0,0,0,37
8,2,6,2,71,0,0,0,235
4,2,2,1,83,0,0,0.00408163265306122,245
74,37,37,5,75,1,0,0,179
150,110,40,7,11,3,0,0.00149812734082397,1335
16,13,3,1,95,0,0,0.0117647058823529,85
1,0,1,1,116,0,0,0,63
57,39,18,1,67,1,0,0,329
27,27,0,1,67,1,0,0,495
12,12,0,1,67,1,0,0,152
4,2,2,1,106,0,0,0,21
1,1,0,1,106,0,0,0,27
0,0,0,1,106,0,0,0,29
21,11,10,1,106,0,0,0,81
5,2,3,1,96,0,0,0,35
9,5,4,1,106,0,0,0.0111111111111111,90
5,3,2,3,74,1,0,0,26
20,14,6,4,49,1,0,0,40
214,121,93,8,18,2,0,0.00775193798449612,129
218,145,73,7,46,1,0,0.00641025641025641,156
1,1,0,1,106,0,0,0,23
5,3,2,3,20,1,0,0.0408163265306122,49
6,2,4,2,20,1,0,0.0392156862745098,51
0,0,0,1,20,1,0,0,0
3,2,1,2,74,0,0,0,33
3,2,1,2,74,0,0,0,31
6,3,3,1,96,0,0,0,38
5,2,3,1,96,0,0,0,45
3,2,1,2,74,0,0,0,26
6,2,4,1,96,0,0,0,31
52,42,10,2,1,1,0,0,232
1,1,0,1,106,0,0,0,23
0,0,0,1,106,0,0,0,29
27,14,13,2,106,0,0,0,35
0,0,0,1,106,0,0,0,26
5,2,3,1,96,0,0,0,39
0,0,0,1,106,0,0,0,0
3,2,1,1,106,0,0,0,23
4,3,1,1,106,0,0,0,24
4,3,1,1,106,0,0,0,25
6,4,2,1,106,0,0,0,37
9,5,4,1,106,0,0,0,68
0,0,0,1,106,0,0,0,29
7,4,3,1,106,0,0,0,44
69,36,33,3,74,0,0,0,55
8,5,3,1,106,0,0,0,58
4,3,1,1,106,0,0,0,45
16,10,6,2,85,1,0,0,42
15,11,4,3,49,0,0,0,67
11,11,0,1,64,1,0,0,42
5,2,3,1,46,0,0,0,95
42,20,22,3,105,2,0,0,280
102,73,29,1,29,1,0,0.015625,128
381,258,123,5,18,2,0,0.00346020761245675,289
102,73,29,1,29,1,0,0.015625,128
17,15,2,1,47,1,0,0,97
645,389,256,8,46,1,0,0.00266666666666667,375
5,1,4,1,152,1,0,0,128
44,22,22,2,8,1,0,0,332
337,204,133,4,11,2,0,0,587
20,19,1,1,47,1,0,0,110
35,19,16,4,8,1,0,0,311
854,444,410,7,18,2,0,0.00259067357512953,386
19,18,1,1,47,1,0,0,108
778,503,275,7,14,2,0,0.00477326968973747,419
10,7,3,1,29,1,0,0,47
4,3,1,1,29,1,0,0,30
9,6,3,1,29,1,0,0,47
9,7,2,1,29,1,0,0,33
30,29,1,1,47,1,0,0,71
11,10,1,1,47,1,0,0,37
2,1,1,1,11,1,0,0,110
878,456,422,3,77,2,0,0,873
2,1,1,2,7,2,0,0,82
0,0,0,1,103,1,0,0,0
0,0,0,1,103,1,0,0,0
28,17,11,2,102,2,0,0,107
0,0,0,1,103,1,0,0,36
14,11,3,2,14,2,0,0,235
0,0,0,1,106,0,0,0,29
17,9,8,3,74,0,0,0,21
15,7,8,2,96,0,0,0,38
4,2,2,1,106,0,0,0,28
2,1,1,1,106,0,0,0,22
2,1,1,1,106,0,0,0,22
2,1,1,1,106,0,0,0,22
6,4,2,1,106,0,0,0,30
15,8,7,1,106,0,0,0,58
3,2,1,1,106,0,0,0,27
4,3,1,1,106,0,0,0,30
13,1,12,2,106,0,0,0,35
4,3,1,1,106,0,0,0,27
0,0,0,1,106,0,0,0,29
35,18,17,3,74,0,0,0,40
0,0,0,1,106,0,0,0,0
9,8,1,1,106,0,0,0,26
5,3,2,1,106,0,0,0,34
7,3,4,1,96,0,0,0,65
82,47,35,1,21,1,0,0,105
2,1,1,1,111,0,0,0,99
13,0,13,1,111,0,0,0,16
3,2,1,2,74,0,0,0,33
17,12,5,4,75,0,0,0,37
5,2,3,1,75,0,0,0,37
5,2,3,1,96,0,0,0,34
8,6,2,1,81,0,0,0,97
0,0,0,1,106,0,0,0,28
32,17,15,3,74,0,0,0,35
5,3,2,1,106,0,0,0,34
6,3,3,1,96,0,0,0,72
10,7,3,1,11,1,0,0.000440140845070423,2272
4,2,2,1,106,0,0,0,33
3,2,1,1,106,0,0,0,27
7,4,3,1,106,0,0,0,39
3,2,1,1,106,0,0,0,28
0,0,0,1,106,0,0,0,28
31,16,15,3,74,0,0,0,39
4,2,2,1,106,0,0,0,44
16,11,5,3,49,0,0,0,49
502,311,191,7,46,2,0,0.00314465408805031,318
11,11,0,1,160,0,0,0,32
6,3,3,2,106,0,0,0,0
0,0,0,1,106,0,0,0,0
11,6,5,1,106,0,0,0,51
7,4,3,1,106,0,0,0,63
358,190,168,10,47,3,0,0,273
71,15,56,3,47,1,0,0,51
7,4,3,1,106,0,0,0,39
4,2,2,1,106,0,0,0,30
6,4,2,1,106,0,0,0,32
3,2,1,1,106,0,0,0,29
66,44,22,1,138,1,0,0.00432900432900433,231
6,5,1,1,106,0,0,0,28
4,3,1,1,106,0,0,0,25
0,0,0,1,106,0,0,0,584
0,0,0,1,106,0,0,0,45
8,5,3,1,106,0,0,0,48
4,3,1,1,106,0,0,0,27
22,11,11,1,106,0,0,0,67
12,8,4,1,62,1,0,0.0123456790123457,162
4,3,1,1,106,0,0,0,27
0,0,0,1,106,0,0,0,28
3,2,1,1,106,0,0,0,24
3,2,1,1,106,0,0,0,28
4,3,1,1,106,0,0,0,26
3,2,1,1,106,0,0,0.032258064516129,31
4,3,1,1,106,0,0,0,22
8,4,4,1,106,0,0,0,41
4,3,1,1,106,0,0,0,28
213,87,126,3,47,3,0,0.0206611570247934,242
5,3,2,2,105,1,0,0,31
7,4,3,1,106,0,0,0,54
140,89,51,2,82,1,0,0.00664451827242525,301
2,1,1,1,84,1,0,0.0153846153846154,65
25,12,13,1,92,0,0,0,46
3,1,2,1,106,0,0,0,20
0,0,0,1,131,0,0,0,36
0,0,0,1,140,0,0,0,28
9,8,1,9,20,1,0,0,28
34,20,14,13,20,1,0,0,54
374,250,124,11,46,3,0,0.00662251655629139,151
0,0,0,2,39,0,0,0,42
71,55,16,3,63,1,0,0,0
329,118,211,3,46,0,0,0,140
0,0,0,1,20,0,0,0,94
0,0,0,1,20,0,0,0,123
3,2,1,2,27,0,0,0,186
179,104,75,6,46,0,0,0,116
0,0,0,1,140,0,0,0,33
24,12,12,3,4,2,0,0,62
606,441,165,18,0,3,1,0.002710027100271,369
72,49,23,7,48,0,0,0.0140845070422535,71
74,50,24,6,48,0,0,0.0140845070422535,71
289,184,105,10,67,1,0,0,168
38,37,1,3,71,0,0,0,69
53,25,28,3,76,0,0,0,44
30,29,1,2,71,0,0,0,56
91,59,32,6,48,0,0,0.0138888888888889,72
91,59,32,6,48,0,0,0,73
38,32,6,5,40,0,0,0,59
51,24,27,3,76,0,0,0,44
90,58,32,6,48,0,0,0,71
94,60,34,7,48,0,0,0,74
101,65,36,7,48,0,0,0,75
4,4,0,3,0,0,0,0,32
41,36,5,6,4,0,1,0,0
0,0,0,2,130,0,0,0,0
3855,1915,1940,146,0,11,4,0.0200803212851406,249
17077,9628,7449,220,4,25,6,0,0
434,310,124,22,0,2,6,0.00121506682867558,823
31,24,7,6,1,1,0,0,43
295,163,132,6,0,0,0,0,66
1,1,0,3,4,0,1,0,0
52,46,6,6,4,1,2,0,0
16,8,8,7,4,0,2,0,0
47,39,8,8,4,0,1,0,65
2,1,1,3,4,0,1,0,0
2,1,1,2,4,0,1,0,60
100,81,19,9,4,0,1,0.0309278350515464,97
3,2,1,4,4,0,2,0,0
113,81,32,9,4,0,1,0.0238095238095238,84
84,51,33,6,4,2,1,0.00602409638554217,166
4,0,4,2,48,0,0,0,68
60,34,26,10,4,0,1,0.0185185185185185,54
255,191,64,14,1,2,1,0,167
152,69,83,6,8,0,0,0,39
114,80,34,8,0,3,1,0,74
56,42,14,9,4,2,2,0,0
32,18,14,8,4,0,1,0,54
0,0,0,2,50,0,0,0,0
25,23,2,5,4,1,1,0,86
0,0,0,2,4,0,1,0,0
6,4,2,5,4,0,2,0,0
0,0,0,2,76,0,0,0,0
43,36,7,5,63,0,0,0,70
1,1,0,3,4,0,1,0,0
30,28,2,3,4,0,1,0,55
194,132,62,18,0,0,2,0,110
63,57,6,5,67,0,0,0,91
49,37,12,6,48,1,0,0,59
3,2,1,3,4,0,1,0.0294117647058824,34
2243,1384,859,36,4,5,3,0,0
57,42,15,13,4,3,3,0,0
54,26,28,4,76,0,0,0,0
48,39,9,8,4,1,1,0,70
54,47,7,9,4,2,2,0.0133333333333333,75
1,1,0,2,8,0,0,0,36
173,128,45,8,4,2,1,0.00454545454545455,220
1177,631,546,25,4,6,1,0,399
4,2,2,3,4,0,1,0,78
5,1,4,4,4,0,2,0,0
90,55,35,15,4,0,2,0.0135135135135135,74
57,31,26,9,4,0,2,0,48
16,15,1,5,4,0,2,0,0
1,1,0,3,4,0,1,0,0
13,12,1,5,4,0,2,0,0
1,1,0,3,4,0,1,0,0
29,24,5,3,46,0,0,0,0
85,67,18,10,4,0,3,0,0
36,28,8,8,4,0,1,0.0204081632653061,49
0,0,0,1,76,0,0,0,29
6,4,2,3,4,0,1,0,55
67,32,35,8,4,0,1,0,53
245,164,81,10,4,2,1,0,0
99,63,36,6,4,0,1,0,56
39,35,4,3,44,0,0,0,66
42,37,5,4,44,0,0,0,67
121,44,77,4,67,1,0,0,61
70,46,24,11,7,0,0,0.0178571428571429,56
7563,4202,3361,116,1,11,3,0.00791295746785361,1011
4927,2600,2327,39,61,2,0,0,0
330,178,152,6,61,0,0,0,0
34,21,13,8,7,2,0,0.0256410256410256,39
33,29,4,3,7,1,0,0,84
80,44,36,8,7,2,0,0,62
80,44,36,8,7,2,0,0,62
83,47,36,9,7,2,0,0,65
80,44,36,9,7,2,0,0,62
25,13,12,6,7,3,0,0,38
54,31,23,8,7,2,0,0,62
80,44,36,8,7,2,0,0,62
0,0,0,2,61,0,0,0,0
0,0,0,2,61,0,0,0,0
266,188,78,15,1,0,0,0,141
3638,2129,1509,61,4,3,5,0.00382409177820268,523
277,149,128,19,4,2,1,0,0
162,146,16,15,4,1,1,0,153
0,0,0,1,4,0,1,0,42
0,0,0,1,4,0,1,0,75
0,0,0,1,4,0,1,0,64
0,0,0,1,4,0,1,0,56
0,0,0,1,4,0,1,0,72
0,0,0,1,4,0,1,0,55
174,119,55,9,1,0,1,0.00485436893203883,618
0,0,0,1,4,0,1,0,71
0,0,0,1,4,0,1,0,56
0,0,0,1,4,0,1,0.0232558139534884,43
0,0,0,1,4,0,1,0.0666666666666667,30
0,0,0,1,4,0,1,0,40
0,0,0,1,4,0,1,0,30
0,0,0,1,4,0,1,0.0128205128205128,78
29,24,5,7,74,0,0,0,0
22,16,6,4,74,0,0,0,0
5,5,0,3,74,0,0,0,0
80,74,6,7,74,0,0,0,0
32,26,6,6,74,0,0,0,0
5,4,1,2,0,0,1,0,153
0,0,0,1,4,0,1,0,147
604,346,258,10,0,1,2,0.002255299954894,2217
76,57,19,8,4,0,1,0,0
756,424,332,6,6,0,1,0.00224215246636771,446
109,79,30,11,4,1,1,0,0
3650,2186,1464,39,8,5,1,0,1707
100,50,50,7,4,0,2,0.00465116279069767,215
107,49,58,9,4,0,1,0,0
122,57,65,7,4,0,1,0,0
53,22,31,7,4,0,1,0,0
202,73,129,7,4,0,1,0,0
146,86,60,8,4,0,1,0,0
296,176,120,17,4,2,3,0.0240963855421687,166
5,2,3,4,4,0,1,0,53
429,183,246,11,6,1,0,0,90
1,1,0,2,1,0,1,0.0222222222222222,90
23,0,23,2,1,0,1,0.0405405405405405,74
0,0,0,1,4,0,1,0,115
0,0,0,1,4,0,1,0,130
0,0,0,1,4,0,1,0,118
0,0,0,1,4,0,1,0,70
0,0,0,1,4,0,1,0,118
1245,764,481,24,4,2,1,0,362
2,2,0,2,8,0,0,0,33
2,2,0,2,8,0,0,0,32
2,2,0,2,8,0,0,0,32
448,229,219,9,4,1,1,0,260
2088,972,1116,20,11,4,0,0,313
0,0,0,2,39,0,0,0,0
5120,2570,2550,40,4,2,2,0,528
0,0,0,1,4,0,1,0,59
31,16,15,2,0,0,1,0,81
0,0,0,1,4,0,1,0,30
0,0,0,1,4,0,1,0,112
286,219,67,18,6,0,0,0.0113636363636364,176
390,213,177,17,4,0,0,0,93
62,37,25,7,14,0,0,0.0263157894736842,38
49,27,22,7,14,0,0,0.032258064516129,31
4,2,2,3,14,0,0,0,28
4,2,2,3,14,0,0,0,28
65,32,33,6,14,0,0,0.04,25
7,3,4,4,14,0,0,0,27
11,5,6,5,14,0,0,0,27
49,24,25,5,14,0,0,0.04,25
0,0,0,1,8,0,0,0,53
865,487,378,13,1,0,1,0.00806451612903226,372
1177,678,499,15,0,1,0,0,541
0,0,0,2,61,0,0,0,0
6,3,3,4,8,0,0,0.0222222222222222,45
258,115,143,4,8,0,0,0.00763358778625954,131
64,51,13,5,61,0,0,0,0
106,94,12,7,0,0,1,0,102
22,14,8,2,11,0,0,0.0434782608695652,23
71,40,31,7,4,2,1,0,52
25,20,5,6,13,1,0,0,35
144,123,21,10,5,0,0,0.0224719101123595,178
412,302,110,67,0,5,0,0.0122950819672131,244
73,70,3,3,61,0,0,0,0
24,12,12,3,4,2,0,0,354
112,44,68,8,4,2,0,0,163
783,441,342,13,4,2,0,0,289
14,7,7,3,64,1,0,0,0
0,0,0,1,140,0,0,0,22
0,0,0,1,140,0,0,0,19
9,1,8,3,35,1,0,0.0357142857142857,28
0,0,0,1,140,0,0,0,28
5,3,2,5,35,0,0,0,23
25,13,12,9,35,0,0,0,50
0,0,0,2,139,0,0,0,0
0,0,0,1,39,0,0,0,36
303,205,98,13,1,4,0,0.0117647058823529,170
69,40,29,5,35,1,0,0,0
0,0,0,1,140,0,0,0,33
46,36,10,4,110,0,0,0,69
8,4,4,2,112,0,0,0,41
99,65,34,4,35,1,0,0.010752688172043,93
24,8,16,4,24,0,0,0,73
15,2,13,4,32,0,3,0.0126582278481013,79
74,50,24,5,24,0,0,0,62
52,24,28,9,22,0,0,0.0238095238095238,42
0,0,0,2,138,0,0,0,0
7039,3822,3217,149,0,47,8,0.0088,1250
578,415,163,12,12,5,1,0.00972762645914397,514
641,443,198,19,12,5,4,0,561
338,221,117,4,8,0,0,0,402
12,9,3,4,43,0,0,0,0
325,183,142,10,24,1,0,0,64
63,47,16,8,12,1,0,0,61
72,55,17,10,12,3,0,0,67
29,24,5,4,12,1,0,0,65
39,28,11,4,11,1,0,0,70
147,93,54,15,5,1,5,0,66
256,163,93,18,8,2,4,0,88
72,56,16,9,11,2,2,0,71
66,54,12,7,11,1,0,0,72
220,136,84,6,70,0,0,0,123
259,169,90,6,11,0,0,0,149
38,33,5,4,11,0,0,0,57
473,274,199,18,5,3,5,0,186
3,3,0,2,5,2,0,0,79
77,53,24,7,12,3,0,0,60
234,138,96,14,12,5,0,0.00961538461538462,104
0,0,0,2,49,1,0,0,0
192,127,65,15,6,4,0,0,90
2256,1407,849,44,12,15,6,0.0034443168771527,871
0,0,0,2,95,0,0,0,0
0,0,0,2,95,0,0,0,0
446,348,98,18,12,4,0,0,272
73,55,18,8,11,2,0,0,65
73,52,21,7,11,1,0,0,62
170,106,64,23,11,2,5,0.0138888888888889,72
91,50,41,6,6,1,0,0,75
81,61,20,9,11,2,0,0,63
175,120,55,10,12,3,0,0.0212765957446809,94
105,75,30,8,11,1,0,0,67
49,39,10,6,11,1,0,0,62
277,169,108,17,42,4,0,0.0102040816326531,98
61,43,18,7,47,1,0,0,48
33,23,10,6,42,1,0,0,43
21,13,8,5,42,1,0,0,38
91,68,23,9,42,1,0,0,68
120,86,34,10,12,2,0,0,75
18,6,12,3,85,1,0,0,36
32,24,8,6,42,1,0,0.0238095238095238,42
141,73,68,6,12,0,1,0,63
317,150,167,14,12,4,0,0.012987012987013,77
10,9,1,2,12,1,0,0,74
198,127,71,13,12,4,0,0,79
26,17,9,4,54,0,0,0,29
42,26,16,6,42,1,0,0,39
510,400,110,13,12,2,1,0.00321543408360129,311
142,75,67,7,12,0,1,0,70
24,15,9,3,70,0,0,0,29
97,53,44,10,12,2,4,0,65
22,14,8,3,70,0,0,0,27
31,22,9,5,43,0,0,0,0
143,101,42,16,7,4,5,0,75
139,73,66,15,12,3,4,0,65
33,25,8,6,42,1,0,0.0232558139534884,43
26,16,10,3,70,0,0,0,28
22,14,8,3,70,0,0,0,28
403,203,200,14,1,4,6,0,406
83,35,48,5,33,0,5,0,148
34,31,3,4,5,1,0,0,73
0,0,0,5,33,2,5,0,0
0,0,0,1,43,0,1,0,0
0,0,0,3,33,0,3,0,0
524,192,332,14,5,4,5,0,190
65,38,27,7,24,1,3,0,88
16428,7294,9134,96,5,23,8,0,245
318,16,302,6,23,1,4,0.0131578947368421,76
0,0,0,1,43,0,1,0,0
109,48,61,7,4,1,4,0,147
0,0,0,3,33,0,3,0,0
542,399,143,12,5,3,0,0,917
130,94,36,4,12,1,0,0.0108108108108108,185
45,33,12,4,12,1,0,0,88
307,225,82,35,6,13,0,0.0297619047619048,168
24,12,12,3,4,2,0,0,354
63,53,10,4,22,0,0,0,337
589,281,308,12,4,2,0,0.0045662100456621,219
0,0,0,1,140,0,0,0,22
0,0,0,1,140,0,0,0,19
0,0,0,2,8,0,0,0,0
11,8,3,2,42,1,0,0.0303030303030303,66
9,5,4,3,36,1,0,0,146
