CODECHURN,LOCADDED,LOCDELETED,REVISIONS,AGE,BUGFIXES,REFACTORINGS,ERROR_DENSITY,LOC
0,0,0,1,113,0,0,0,27
3,2,1,1,59,0,0,0,296
38,36,2,3,58,0,0,0,1706
115,89,26,3,53,0,0,0,2362
53,40,13,6,108,1,0,0.000730193501277839,2739
321,319,2,4,8,0,0,0.000202347227842979,4942
2119,908,1211,27,32,3,0,0.000434216239687364,2303
120,81,39,3,135,1,0,0.00655737704918033,305
111,88,23,7,36,1,0,0,930
7,4,3,1,3,1,0,0,189
178,146,32,14,17,6,0,0.00436363636363636,1375
293,217,76,12,78,4,0,0.00437723836052527,2513
326,309,17,12,14,2,0,0.00315955766192733,1266
14,7,7,2,7,1,0,0,1001
8,3,5,3,9,2,0,0,1072
2,1,1,1,163,1,0,0,438
77,71,6,5,19,2,0,0,662
53,16,37,3,69,1,0,0.0018450184501845,542
5,4,1,1,110,0,0,0.00716845878136201,279
1,1,0,1,61,0,0,0,208
6,3,3,2,18,2,0,0.00558659217877095,179
8,8,0,1,61,0,0,0,497
9,5,4,2,139,0,0,0,1306
1,0,1,1,52,0,0,0,846
2,1,1,1,123,1,0,0,207
4,2,2,2,107,2,0,0,738
13,7,6,4,5,1,0,0,2333
20,10,10,3,135,1,0,0,2576
4,2,2,1,163,1,0,0,1166
9,4,5,2,129,0,0,0,218
2,1,1,1,137,0,0,0,518
2,1,1,1,163,1,0,0.00103199174406605,969
8,4,4,3,135,1,0,0,1351
65,30,35,4,126,0,0,0,326
31,27,4,4,126,0,0,0,53
35,18,17,4,25,0,0,0,213
46,22,24,3,126,0,0,0,157
70,35,35,7,0,3,0,0.00198019801980198,505
8,8,0,1,137,0,0,0,504
12,8,4,1,135,0,0,0.00308641975308642,324
4,4,0,1,179,1,0,0.00267379679144385,374
30,15,15,4,137,3,0,0.000349162011173184,2864
114,60,54,7,9,4,0,0.000666888962987663,2999
2,1,1,1,163,1,0,0,691
134,102,32,4,63,2,0,0,650
2,1,1,1,58,0,0,0,277
144,81,63,12,107,2,0,0,993
86,36,50,5,52,2,0,0.000855798031664527,2337
1,1,0,1,94,0,0,0,262
2,1,1,1,156,1,0,0,1176
40,25,15,3,44,2,0,0,1639
59,35,24,2,126,0,0,0,1414
7,4,3,1,8,0,0,0.000463606861381548,2157
2,1,1,1,156,1,0,0,77
9,9,0,1,4,0,0,0,621
343,248,95,22,3,9,0,9.68335431393435e-05,10327
10,4,6,3,76,1,0,0.000950570342205323,2104
13,6,7,2,65,1,0,0,1379
63,29,34,6,76,3,0,0,3827
523,319,204,15,76,5,0,0,3765
23,8,15,5,78,2,0,0.000702740688685875,1423
8,3,5,1,73,0,0,0.000558347292015634,1791
78,29,49,4,52,2,0,0.000302755071147442,3303
24,19,5,1,143,0,0,0.0200803212851406,249
33,31,2,4,126,1,0,0,596
4,1,3,2,110,1,0,0.00219298245614035,456
26,21,5,3,52,2,0,0.000643915003219575,1553
209,194,15,9,14,3,0,0.00322061191626409,1242
25,20,5,3,107,1,0,0.00512820512820513,1170
14,13,1,1,143,0,0,0,230
61,59,2,4,109,0,0,0,885
51,43,8,3,107,2,0,0.000856898029134533,1167
173,173,0,1,85,0,0,0,241
15,14,1,1,143,0,0,0.00280112044817927,714
69,32,37,11,36,6,0,0,7202
92,69,23,4,6,0,0,0,2887
19,7,12,6,61,3,0,0.000516262261228704,1937
62,21,41,10,18,4,0,0.000342524404863847,5839
35,33,2,2,77,1,0,0,1123
8,8,0,2,8,0,0,0,240
2,2,0,1,8,0,0,0,184
113,64,49,8,135,3,0,0,1383
2,1,1,1,135,1,0,0,476
155,57,98,6,8,3,0,0,4020
4,2,2,1,135,1,0,0.00190839694656489,524
96,51,45,3,72,0,0,0.00107066381156317,934
2,1,1,1,174,0,0,0,561
22,10,12,3,109,1,0,0.00160128102481986,1249
309,196,113,13,74,2,0,0.000265392781316348,3768
45,32,13,2,7,0,0,0.0296296296296296,135
6,2,4,3,18,1,0,0,310
5,3,2,2,156,0,0,0.0012531328320802,798
64,45,19,3,33,1,0,0.000386398763523957,2588
14,6,8,2,63,0,0,0.00275785990071704,1813
2,1,1,1,177,0,0,0.00320512820512821,312
22,10,12,1,177,0,0,0.00188679245283019,530
2,1,1,1,177,0,0,0.00265957446808511,376
5,5,0,1,173,0,0,0.00595238095238095,168
3,3,0,1,147,0,0,0.000428082191780822,4672
19,12,7,5,33,2,0,0.000504795557799091,3962
17,14,3,2,165,1,0,0,255
100,75,25,6,59,1,0,0.00191277735271614,2614
43,35,8,3,74,0,0,0.000630119722747322,1587
2,1,1,1,135,1,0,0.00194931773879142,513
4,4,0,1,59,0,0,0,939
6,3,3,1,135,0,0,0,652
35,14,21,3,63,1,0,0,1358
54,30,24,6,33,2,0,0.00167000668002672,2994
47,46,1,3,33,2,0,0.00167336010709505,5976
21,19,2,3,94,1,0,0.0026246719160105,2667
47,39,8,3,50,1,0,0.00340136054421769,588
30,23,7,2,23,2,0,0.00409836065573771,244
2,1,1,1,135,1,0,0.000503018108651912,1988
62,60,2,4,52,1,0,0.00961538461538462,104
11,0,11,1,39,0,0,0.00068870523415978,1452
0,0,0,1,78,0,0,0.0652173913043478,46
2,1,1,1,135,1,0,0,107
2,1,1,1,52,1,0,0,155
5,5,0,1,3,0,0,0,140
113,57,56,4,92,2,0,0,671
44,28,16,8,53,4,0,0.000896057347670251,2232
6,3,3,3,92,2,0,0,507
2,1,1,1,93,1,0,0,96
160,154,6,6,64,5,0,0.000740740740740741,1350
4,2,2,2,23,1,0,0.0033112582781457,302
2,1,1,1,23,0,0,0,150
514,437,77,10,2,3,0,0,1351
2,1,1,1,23,0,0,0,147
4,2,2,2,92,1,0,0,340
2,1,1,1,120,0,0,0,376
27,22,5,3,3,0,0,0,160
269,136,133,6,93,1,0,0,589
485,368,117,9,84,2,0,0.0011454753722795,1746
95,72,23,3,101,0,0,0,615
2,1,1,1,120,0,0,0,246
18,9,9,1,120,0,0,0,244
2,1,1,1,120,0,0,0,189
8,4,4,2,93,1,0,0.00518134715025907,193
6,3,3,1,120,0,0,0,291
5,4,1,3,3,0,0,0,205
448,387,61,14,16,6,0,0.001434034416826,2092
2,1,1,1,23,0,0,0,234
7,5,2,2,23,0,0,0.0013531799729364,1478
4,2,2,2,23,1,0,0,399
53,49,4,3,23,0,0,0,260
2,1,1,1,23,0,0,0,824
3767,3474,293,66,2,18,0,0.000745791604517366,9386
2,1,1,1,23,0,0,0,145
2,1,1,1,120,0,0,0,366
2,1,1,1,120,0,0,0,243
18,9,9,3,120,0,0,0.00477326968973747,419
18,9,9,1,120,0,0,0.00411522633744856,243
2,1,1,1,120,0,0,0,279
4,2,2,1,118,1,0,0,337
4,2,2,1,143,1,0,0,118
91,49,42,3,97,1,0,0,1345
3,2,1,2,17,1,0,0.000764525993883792,1308
14,13,1,3,101,1,0,0,65
14,13,1,3,101,1,0,0,65
14,13,1,3,101,1,0,0,65
14,13,1,3,101,1,0,0,65
14,13,1,3,101,1,0,0,65
14,13,1,3,101,1,0,0,65
14,13,1,3,101,1,0,0,65
14,13,1,3,101,1,0,0,65
15,14,1,3,101,1,0,0,66
15,14,1,3,101,1,0,0,66
14,13,1,3,101,1,0,0,65
14,13,1,3,101,1,0,0,65
34,33,1,6,101,1,0,0,85
0,0,0,1,105,0,0,0,40
0,0,0,1,105,0,0,0,268
0,0,0,1,98,0,0,0.00512820512820513,195
0,0,0,1,98,0,0,0.0112994350282486,177
0,0,0,1,95,0,0,0,65
12,10,2,1,162,0,0,0.0015527950310559,644
18,12,6,3,63,1,0,0,615
142,96,46,9,33,1,0,0.000438981562774363,2278
28,0,28,1,58,0,0,0,375
244,163,81,10,119,1,0,0.00107991360691145,926
11,8,3,3,33,3,0,0,1018
140,107,33,14,58,1,0,0.0011446012972148,2621
10,5,5,1,162,1,0,0,557
88,72,16,4,76,1,0,0,475
27,15,12,7,5,4,0,0.000652315720808871,1533
75,65,10,3,8,0,0,0.00117096018735363,1708
33,25,8,4,121,0,0,0.00113765642775882,879
183,140,43,9,6,2,0,0.00142490738102023,3509
15,12,3,5,6,0,0,0,689
2293,1930,363,15,7,8,0,0.000279642058165548,7152
229,109,120,9,7,5,0,0.000611246943765281,1636
103,53,50,6,51,4,0,0,864
2,1,1,1,86,1,0,0,320
82,66,16,4,6,2,0,0,1008
2,1,1,1,86,1,0,0,260
14,10,4,2,122,0,0,0,446
73,51,22,7,52,3,0,0.000757288905717531,2641
5,2,3,1,85,0,0,0,497
1768,1607,161,17,13,4,0,0.000362976406533575,2755
31,24,7,4,30,1,0,0.00249376558603491,401
160,150,10,8,27,2,0,0.000759013282732448,2635
1996,1928,68,20,23,7,0,0.000374251497005988,2672
29,18,11,6,29,2,0,0.00194931773879142,513
56,33,23,3,95,1,0,0.00084530853761623,1183
6,0,6,1,96,0,0,0,608
70,50,20,6,78,2,0,0,1066
17,16,1,2,3,1,0,0.0011441647597254,874
23,19,4,4,50,1,0,0,1405
67,60,7,5,47,1,0,0.000912408759124088,1096
4,2,2,1,133,0,0,0,67
10,5,5,2,119,0,0,0.00107758620689655,928
189,98,91,11,52,3,0,0.000851063829787234,1175
20,11,9,6,45,0,0,0.000670690811535882,1491
15,9,6,4,62,2,0,0.00205761316872428,486
22,11,11,6,92,1,0,0,788
26,23,3,2,47,0,0,0,194
13,10,3,2,50,0,0,0.00240963855421687,415
45,38,7,3,64,0,0,0,204
5,5,0,1,112,0,0,0,154
24,12,12,1,129,0,0,0,710
14,8,6,3,125,0,0,0,614
4,2,2,1,127,0,0,0,134
13,8,5,2,119,0,0,0.00132275132275132,756
22,11,11,1,128,0,0,0,546
4,2,2,1,128,0,0,0,290
3,3,0,1,119,0,0,0.0013262599469496,754
4,2,2,1,128,0,0,0,288
20,10,10,1,125,0,0,0,656
13,8,5,2,119,0,0,0.00134952766531714,741
27,13,14,2,73,0,0,0,621
2,1,1,1,125,0,0,0,286
4,2,2,1,125,0,0,0,286
29,7,22,4,73,1,0,0.000963391136801541,1038
45,20,25,5,52,2,0,0,1305
4,2,2,1,125,0,0,0,535
4,2,2,1,125,0,0,0,286
4,2,2,1,125,0,0,0,286
8,4,4,2,52,1,0,0,423
4,2,2,1,125,0,0,0,291
4,2,2,1,125,0,0,0,292
30,15,15,2,86,1,0,0,945
5,4,1,1,119,0,0,0.00186219739292365,537
32,16,16,1,125,0,0,0,990
3,3,0,1,119,0,0,0.000963391136801541,1038
24,12,12,1,123,0,0,0,711
4,2,2,1,123,0,0,0,291
4,2,2,1,123,0,0,0,291
6,3,3,1,123,0,0,0,420
4,2,2,1,123,0,0,0,355
4,2,2,1,123,0,0,0.00132978723404255,752
4,2,2,1,123,0,0,0,297
4,2,2,1,123,0,0,0,294
4,2,2,1,58,0,0,0,529
34,17,17,3,86,2,0,0,1106
8,4,4,2,52,1,0,0,484
3,3,0,1,119,0,0,0.0018450184501845,542
22,11,11,2,86,1,0,0,778
3,3,0,1,119,0,0,0.00163934426229508,610
6,3,3,1,123,0,0,0.0034965034965035,286
2,1,1,1,86,1,0,0.00225733634311512,443
10,5,5,1,77,0,0,0.0012987012987013,770
4,4,0,1,129,0,0,0,138
23,8,15,6,37,2,0,0.000365965233302836,5465
3,1,2,1,37,0,0,0,956
44,22,22,4,84,2,0,0.000738552437223043,1354
6,3,3,1,86,1,0,0,111
4,2,2,1,163,1,0,0,510
4,2,2,2,163,2,0,0,216
32,13,19,5,37,2,0,0.00049800796812749,2008
4,2,2,1,91,0,0,0,425
2,1,1,1,86,1,0,0.0425531914893617,94
4,2,2,1,122,0,0,0,275
7,3,4,1,76,0,0,0,110
12,7,5,3,48,1,0,0,1561
23,15,8,5,28,2,0,0.000598802395209581,1670
9,5,4,2,7,0,0,0.000536768652710682,1863
76,34,42,3,69,0,0,0,595
5,3,2,1,116,0,0,0.00404040404040404,495
102,66,36,6,38,2,0,0.00283822138126774,1057
4,2,2,2,90,0,0,0.000841750841750842,1188
8,4,4,1,122,0,0,0,529
90,73,17,4,3,0,0,0.00355871886120996,1124
5,4,1,1,17,0,0,0.00209205020920502,956
0,0,0,1,131,0,0,0,46
26,13,13,1,122,0,0,0,744
3,3,0,1,119,0,0,0.00185873605947955,538
20,20,0,1,173,0,0,0,91
17,9,8,2,31,0,0,0.00308641975308642,324
186,80,106,7,6,2,0,0,751
13,3,10,2,58,0,0,0,164
13,3,10,2,58,0,0,0,168
2,2,0,1,129,0,0,0,49
4,2,2,1,86,1,0,0,130
243,241,2,4,75,0,0,0,476
0,0,0,1,95,0,0,0,183
132,75,57,7,32,2,0,0.00169204737732657,591
9,0,9,2,94,0,0,0,112
0,0,0,1,99,0,0,0,49
228,227,1,3,55,1,0,0,438
84,36,48,4,31,2,0,0,949
6,3,3,2,163,2,0,0.000851788756388416,1174
95,84,11,3,36,0,0,0,603
236,95,141,5,130,0,0,0.00130890052356021,764
45,17,28,5,56,1,0,0,475
11,6,5,1,131,0,0,0,657
90,40,50,9,9,2,0,0.000438404208680403,2281
390,219,171,12,19,3,0,0.0014194464158978,1409
10,8,2,3,5,0,0,0,731
406,233,173,9,18,2,0,0.000714030703320243,2801
6,3,3,2,56,2,0,0,301
1,1,0,1,51,0,0,0,163
8,8,0,1,33,0,0,0,847
7,4,3,4,51,0,0,0,506
59,58,1,3,49,1,0,0,548
789,289,500,20,1,3,0,0,3282
1681,1287,394,52,3,8,0,0.000652209359204305,6133
414,413,1,8,121,0,0,0,3267
10,4,6,6,36,1,0,0,520
161,17,144,5,121,0,0,0,1333
226,173,53,3,114,0,0,0,168
8,4,4,1,36,0,0,0,521
42,30,12,6,33,3,0,0.000761614623000762,1313
4,1,3,1,174,0,0,0,313
8,4,4,2,56,2,0,0,219
1,1,0,1,114,0,0,0,628
53,40,13,2,56,1,0,0,566
23,23,0,2,46,0,0,0,361
16,9,7,4,46,1,0,0,1385
185,18,167,4,130,0,0,0,871
61,23,38,3,36,0,0,0,2236
53,20,33,4,94,1,0,0,297
778,27,751,4,119,1,0,0,198
2,1,1,2,94,1,0,0,780
70,57,13,4,36,1,0,0,2954
330,258,72,13,19,4,0,0.00361663652802893,2212
138,137,1,2,52,0,0,0.00383141762452107,261
37,27,10,3,74,1,0,0,262
1139,891,248,22,0,2,0,0.000849978750531237,2353
2,1,1,1,163,1,0,0,4370
29,26,3,3,122,0,0,0,171
151,147,4,2,9,0,0,0.0033003300330033,303
642,596,46,7,33,0,0,0.00091869545245751,2177
26,26,0,1,131,0,0,0.00657894736842105,152
82,82,0,1,73,0,0,0,514
6,3,3,1,94,1,0,0.00181159420289855,552
201,192,9,13,9,0,0,0,838
65,65,0,6,71,0,0,0,196
446,431,15,15,0,1,0,0.00387596899224806,516
7,3,4,1,172,0,0,0,287
14,13,1,4,1,0,0,0,199
554,530,24,31,0,0,0,0.00160128102481986,2498
400,371,29,19,1,2,0,0.00109051254089422,917
447,408,39,23,8,4,0,0,1151
101,101,0,9,0,0,0,0,193
135,132,3,9,45,0,0,0.00253164556962025,395
10,10,0,1,3,0,0,0.013986013986014,143
96,93,3,10,0,0,0,0,472
77,77,0,4,43,0,0,0.0338983050847458,118
25,25,0,2,72,0,0,0,169
146,145,1,3,6,0,0,0.015625,256
247,242,5,8,49,0,0,0.00420168067226891,476
130,128,2,6,1,2,0,0.00287769784172662,695
461,438,23,19,8,0,0,0,504
34,17,17,1,174,0,0,0,554
2,1,1,1,58,0,0,0,673
2,1,1,1,85,1,0,0.00389105058365759,257
5,2,3,1,71,0,0,0.00341296928327645,293
0,0,0,1,131,0,0,0,46
9,8,1,1,113,0,0,0,108
44,37,7,5,71,1,0,0.00233100233100233,429
25,16,9,4,74,2,0,0,979
31,21,10,5,38,1,0,0,274
25,22,3,1,94,0,0,0,217
2,1,1,1,119,0,0,0,57
122,103,19,3,60,0,0,0,343
113,109,4,5,53,0,0,0,552
2,1,1,1,119,0,0,0,843
466,464,2,3,150,0,0,0.00217391304347826,920
4,2,2,1,174,0,0,0,1043
2,1,1,1,85,1,0,0,510
4,2,2,1,85,1,0,0,926
3305,1874,1431,56,49,2,0,0.000373412994772218,2678
45,25,20,4,64,2,0,0,227
7,2,5,2,55,0,0,0,395
900,851,49,24,18,2,0,0,2939
134,129,5,10,69,1,0,0,337
1732,1428,304,24,2,0,0,0.00085397096498719,1171
337,323,14,9,2,0,0,0.0109289617486339,366
0,0,0,1,131,0,0,0,46
2,1,1,1,85,1,0,0,116
49,40,9,4,38,2,0,0.000968523002421308,2065
396,378,18,12,0,2,0,0,1734
45,32,13,2,21,2,0,0.00324149108589951,617
0,0,0,1,133,0,0,0.0204081632653061,49
40,20,20,2,85,1,0,0,1651
12,6,6,2,58,1,0,0.00223713646532438,447
2,1,1,1,119,0,0,0,480
2,1,1,1,119,0,0,0,488
6,3,3,1,119,0,0,0,840
5,4,1,2,56,0,0,0,687
278,262,16,7,81,0,0,0.0021505376344086,465
12,12,0,2,95,0,0,0.0172413793103448,58
183,157,26,6,95,0,0,0.00462962962962963,216
66,63,3,3,74,1,0,0.00819672131147541,122
16,9,7,2,65,1,0,0.00139470013947001,1434
48,43,5,5,1,4,0,0,2667
33,12,21,5,89,3,0,0,830
2,1,1,1,102,1,0,0,446
72,44,28,1,74,0,0,0.00363636363636364,275
23,20,3,2,116,0,0,0,493
138,122,16,3,119,0,0,0,309
249,239,10,5,105,1,0,0,2514
2,1,1,1,102,1,0,0,1110
20,10,10,2,116,0,0,0,1438
10,5,5,1,118,0,0,0,930
138,136,2,3,45,1,0,0,266
7,4,3,2,102,1,0,0,276
3,1,2,1,69,0,0,0,2255
11,9,2,3,133,1,0,0.00027122321670735,3687
13,9,4,3,9,1,0,0.000919963201471941,1087
31,23,8,3,69,1,0,0,2208
19,9,10,2,106,0,0,0,1604
402,282,120,16,8,3,0,0.000328299409061064,3046
35,19,16,2,36,1,0,0.00325732899022801,1842
2,1,1,1,102,1,0,0,581
2,1,1,1,102,1,0,0,213
3,3,0,1,119,1,0,0,1702
5,3,2,2,85,2,0,0,357
91,68,23,8,7,1,0,0.000462534690101758,2162
1,0,1,1,118,0,0,0,1626
7,3,4,2,141,0,0,0,1170
4,2,2,1,102,1,0,0,405
6,4,2,2,68,2,0,0.00159744408945687,626
144,127,17,6,17,4,0,0,890
66,59,7,3,93,0,0,0.0182648401826484,219
6,3,3,2,44,1,0,0,1729
98,83,15,5,3,1,0,0,929
8,7,1,2,5,1,0,0,413
2,1,1,1,156,1,0,0,209
178,142,36,9,72,1,0,0.00200400801603206,499
316,298,18,4,14,1,0,0.0027027027027027,2220
8,7,1,2,102,1,0,0.004,250
2,1,1,1,163,1,0,0,1335
88,67,21,8,17,2,0,0.00296987696224014,2357
103,97,6,5,51,3,0,0,1275
21,12,9,3,38,1,0,0.00210526315789474,1425
119,101,18,2,36,1,0,0.0223463687150838,358
49,43,6,2,97,1,0,0.00309597523219814,323
167,157,10,7,33,2,0,0.0129151291512915,542
318,312,6,4,7,1,0,0.00402252614641995,1243
15,13,2,3,67,2,0,0,614
6,6,0,1,19,0,0,0,77
32,14,18,6,8,2,0,0,340
77,53,24,3,108,1,0,0.00373134328358209,268
46,43,3,2,17,0,0,0.00843881856540084,711
46,43,3,4,72,2,0,0.00666666666666667,150
3,1,2,2,102,1,0,0.00148367952522255,674
8,4,4,1,116,0,0,0,2256
22,11,11,3,85,2,0,0,1013
4,2,2,1,171,0,0,0,624
2,1,1,1,119,1,0,0,325
15,12,3,2,18,0,0,0.00127226463104326,786
131,113,18,4,119,1,0,0,1553
7,3,4,2,51,0,0,0,939
2,1,1,1,177,1,0,0,815
681,663,18,7,66,2,0,0,735
1,1,0,1,2,0,0,0,1457
5,1,4,1,119,0,0,0.00339750849377123,883
1,1,0,1,129,0,0,0,131
12,6,6,3,84,1,0,0,2551
8,6,2,2,170,1,0,0,203
45,26,19,2,2,0,0,0,1388
12,12,0,2,144,0,0,0,904
22,11,11,1,123,1,0,0.00211416490486258,473
2,1,1,1,115,0,0,0,1271
27,11,16,2,2,0,0,0,650
2,0,2,1,69,0,0,0.000952380952380952,1050
12,5,7,3,67,1,0,0.000585480093676815,1708
14,7,7,4,67,3,0,0,1669
45,40,5,3,37,0,0,0.000774293457220286,2583
121,94,27,4,23,2,0,0,856
0,0,0,1,116,0,0,0,266
0,0,0,1,116,0,0,0,145
0,0,0,1,116,0,0,0,249
428,423,5,8,116,1,0,0,504
0,0,0,1,116,0,0,0,25
6,1,5,1,67,0,0,0,277
4,2,2,1,84,1,0,0,320
14,9,5,3,2,1,0,0.000444642063139173,2249
8,4,4,3,36,1,0,0,1238
6,3,3,2,63,1,0,0,769
299,131,168,2,95,0,0,0,250
6,3,3,1,169,0,0,0,105
5,5,0,2,94,1,0,0,55
50,35,15,2,95,0,0,0,113
455,345,110,9,95,1,0,0,1549
43,4,39,3,112,1,0,0,203
172,125,47,6,3,0,0,0.000648929266709929,1541
441,330,111,3,95,0,0,0,446
0,0,0,1,91,0,0,0,288
114,113,1,7,19,1,0,0,384
0,0,0,1,91,0,0,0,26
11,6,5,2,79,1,0,0.00119760479041916,835
6,3,3,1,114,0,0,0,200
17,14,3,3,30,0,0,0,80
5,1,4,2,81,0,0,0.00328947368421053,304
479,466,13,23,8,0,0,0.00158982511923688,629
89,40,49,6,81,3,0,0.000767459708365311,1303
3,0,3,1,81,0,0,0,117
5,1,4,2,65,0,0,0,492
140,124,16,6,65,0,0,0,619
27,22,5,5,8,1,0,0,205
668,513,155,15,8,3,0,0.00189993666877771,1579
62,57,5,3,4,0,0,0,716
346,293,53,28,2,1,0,0,1921
119,103,16,8,4,0,0,0,1041
409,399,10,8,2,0,0,0,490
18,18,0,2,8,0,0,0,190
56,46,10,4,4,1,0,0,575
97,66,31,9,3,1,0,0.0009000900090009,1111
6,0,6,2,87,1,0,0,305
657,596,61,27,2,3,0,0,945
48,30,18,6,52,1,0,0,534
31,24,7,4,65,0,0,0,304
92,67,25,8,3,0,0,0,485
84,69,15,7,9,1,0,0,1909
4,0,4,1,81,0,0,0,685
6,1,5,2,65,0,0,0,559
6,1,5,2,65,0,0,0,419
30,23,7,5,8,1,0,0,213
560,475,85,17,0,2,0,0,1259
22,10,12,6,45,4,0,0,530
63,4,59,4,71,0,0,0.00235294117647059,425
305,233,72,55,0,1,0,0,726
744,486,258,11,71,0,0,0.000878734622144112,1138
139,111,28,11,4,1,0,0.000558035714285714,1792
124,120,4,6,4,0,0,0,351
290,207,83,15,2,1,0,0.000420698359276399,2377
2,1,1,1,163,1,0,0,485
7,2,5,2,81,0,0,0,920
6,3,3,1,114,0,0,0,751
46,31,15,7,9,1,0,0,325
133,73,60,7,93,1,0,0,759
65,46,19,5,21,3,0,0.00102669404517454,974
568,532,36,18,65,2,0,0.00123915737298637,807
4,0,4,1,81,0,0,0,261
3,1,2,2,84,1,0,0,268
203,181,22,7,0,1,0,0.00227790432801822,439
1264,1166,98,52,2,1,0,0.000793965859468043,2519
74,64,10,7,32,6,0,0.000976324139614352,4097
201,126,75,3,21,2,0,0.00256410256410256,780
453,434,19,4,9,1,0,0,948
115,77,38,8,4,2,0,0.000535045478865704,1869
1669,1077,592,58,4,11,0,0.000814863102998696,6136
3,0,3,1,119,0,0,0.00309597523219814,969
42,38,4,4,32,1,0,0.000513347022587269,1948
10,6,4,2,56,1,0,0,1296
12,6,6,3,59,0,0,0,1501
247,112,135,7,32,1,0,0.000892060660124889,1121
11,2,9,1,170,0,0,0,215
36,33,3,5,44,1,0,0.000262950302392848,3803
5,0,5,1,119,0,0,0,454
325,163,162,16,4,2,0,0,1046
1118,676,442,5,72,4,0,0,1021
178,152,26,7,37,2,0,0.00168067226890756,1190
7,4,3,1,84,0,0,0,1255
7,4,3,2,86,2,0,0,373
878,685,193,23,4,2,0,0.000342348510783978,2921
1,0,1,1,44,0,0,0,255
38,34,4,14,4,3,0,0.0039564787339268,1011
5,1,4,1,67,0,0,0.000980392156862745,1020
1,1,0,1,119,0,0,0,59
205,113,92,9,9,2,0,0.000529100529100529,1890
18,15,3,2,119,0,0,0.00110497237569061,905
301,222,79,14,4,4,0,0.00172215843857635,1742
936,691,245,31,24,8,0,0.000773395204949729,1293
105,83,22,4,118,1,0,0,520
89,56,33,3,67,0,0,0.00121654501216545,822
58,42,16,8,83,0,0,0.00036941263391208,2707
329,194,135,15,4,3,0,0.000801924619085806,2494
1291,1181,110,19,81,3,0,0.00033178500331785,6028
537,355,182,5,81,1,0,0.000405679513184584,2465
3108,2053,1055,56,4,15,0,0.000433557337957945,4613
7273,6206,1067,27,3,1,0,0.000144300144300144,6930
135,115,20,8,46,4,0,0.00126536514822849,5532
28,28,0,1,137,0,0,0.0025974025974026,385
4478,3548,930,29,22,8,0,0,3329
5,3,2,1,102,1,0,0,422
1,1,0,1,52,0,0,0,299
44,38,6,1,171,0,0,0,274
51,37,14,4,82,0,0,0,727
4,2,2,1,122,0,0,0.00465116279069767,215
2,1,1,1,119,1,0,0,121
4,2,2,1,134,1,0,0.00051975051975052,1924
0,0,0,1,131,0,0,0,46
0,0,0,1,159,0,0,0,42
60,52,8,3,26,1,0,0.00315457413249211,317
11,11,0,1,108,0,0,0,496
6,4,2,2,80,1,0,0,166
14,7,7,2,171,0,0,0,366
10,5,5,2,67,1,0,0.000930232558139535,1075
8,4,4,1,171,0,0,0,162
11,2,9,2,95,0,0,0.00166112956810631,602
56,30,26,5,59,1,0,0.000622083981337481,3215
13,6,7,2,121,1,0,0,513
2,1,1,1,80,1,0,0,135
13,6,7,2,121,1,0,0,1612
8,7,1,5,171,0,0,0,664
1135,768,367,10,169,0,0,0.000783699059561128,1276
45,18,27,2,99,0,0,0,531
17,8,9,1,121,0,0,0,252
22,19,3,7,31,5,0,0.000972762645914397,1028
51,39,12,3,31,2,0,0.00185873605947955,1076
29,14,15,2,17,2,0,0.00306278713629403,653
66,57,9,4,32,2,0,0,650
4,2,2,1,167,0,0,0,136
303,240,63,13,60,4,0,0.000681663258350375,1467
52,42,10,2,32,0,0,0.00199004975124378,1005
11,6,5,3,66,0,0,0,502
10,5,5,2,113,0,0,0.000632511068943707,1581
2,1,1,1,80,1,0,0,138
67,54,13,4,129,1,0,0,579
254,227,27,12,92,2,0,0.00125944584382872,794
276,249,27,11,59,1,0,0.00124223602484472,805
63,52,11,4,129,1,0,0,552
408,381,27,15,16,1,0,0.00138760407030527,2162
69,55,14,5,8,1,0,0,229
79,65,14,4,129,0,0,0,789
62,51,11,4,129,1,0,0,551
9,8,1,2,2,0,0,0,177
142,139,3,7,59,0,0,0.0153061224489796,196
74,66,8,12,59,1,0,0.0227272727272727,132
663,593,70,30,59,2,0,0.00408997955010225,1467
57,49,8,1,127,0,0,0,319
101,90,11,3,129,0,0,0,507
57,49,8,1,129,0,0,0,302
140,119,21,10,8,2,0,0,637
57,49,8,1,129,0,0,0.00598802395209581,334
26,26,0,2,87,0,0,0,706
65,61,4,6,87,2,0,0.0206896551724138,435
57,49,8,1,129,0,0,0,245
1705,1648,57,59,22,5,0,0.00209518108350793,3341
44,30,14,5,18,1,0,0.0028328611898017,353
15,11,4,3,5,0,0,0.00656455142231947,457
256,229,27,12,92,2,0,0.00125628140703518,796
60,52,8,2,129,0,0,0,699
57,49,8,1,129,0,0,0,771
6,1,5,2,167,0,0,0.00120192307692308,832
3,2,1,2,8,1,0,0,150
2,1,1,1,80,1,0,0,82
42,21,21,4,80,1,0,0.000643086816720257,1555
98,46,52,6,0,1,0,0.0147492625368732,339
3,0,3,1,0,0,0,0,104
6,3,3,1,8,0,0,0,93
18,14,4,3,14,3,0,0,207
35,23,12,3,66,1,0,0,581
22,14,8,2,5,0,0,0,2661
24,9,15,3,66,0,0,0.000412371134020619,2425
63,55,8,2,7,0,0,0,629
3,1,2,2,80,1,0,0,2368
1,0,1,1,118,0,0,0.00202020202020202,495
63,0,63,1,57,0,0,0,585
217,207,10,8,51,0,0,0,2567
47,27,20,3,37,1,0,0.00114285714285714,1750
247,163,84,11,1,1,0,0.000381242851696531,2623
5,2,3,1,66,0,0,0,491
17,17,0,1,93,0,0,0,252
6,6,0,4,1,0,0,0,210
8,3,5,4,66,1,0,0,1087
5,4,1,1,163,0,0,0,438
30,23,7,4,80,3,0,0.000713775874375446,1401
2,1,1,1,80,1,0,0,955
4,2,2,1,63,1,0,0,1069
5,4,1,1,133,0,0,0.000946969696969697,2112
6,3,3,2,111,1,0,0,1783
114,50,64,7,51,4,0,0.000723065798987708,1383
287,106,181,5,67,0,0,0,1070
304,241,63,9,25,0,0,0,1751
2,1,1,1,118,0,0,0,1329
14,7,7,2,80,1,0,0.00208768267223382,479
2,1,1,1,80,1,0,0,292
19,9,10,3,17,2,0,0,945
58,51,7,5,39,2,0,0,919
41,26,15,3,25,2,0,0.0015600624024961,641
2,1,1,1,163,1,0,0,2391
18,12,6,3,8,0,0,0.00107066381156317,934
2,1,1,1,80,1,0,0.00866551126516464,577
14,12,2,1,56,1,0,0.00952380952380952,315
42,28,14,3,17,0,0,0,326
55,51,4,4,80,3,0,0.00332225913621262,602
8,4,4,2,67,2,0,0.00104275286757039,959
109,95,14,3,3,2,0,0.000530503978779841,1885
4,2,2,2,67,2,0,0,1098
60,19,41,7,87,0,0,0.000686813186813187,1456
227,222,5,2,167,0,0,0.00188679245283019,530
2,1,1,1,111,0,0,0,928
12,9,3,2,117,0,0,0,702
238,140,98,8,1,0,0,0.000434782608695652,2300
85,83,2,2,144,0,0,0,152
14,2,12,3,96,1,0,0,99
159,158,1,6,63,0,0,0.00254452926208651,786
30,11,19,2,163,1,0,0.000341413451689997,2929
1,0,1,1,172,0,0,0,131
2,1,1,1,67,1,0,0,132
6,3,3,2,74,2,0,0,707
5,4,1,2,79,2,0,0,619
6,3,3,1,74,1,0,0,881
37,8,29,3,73,1,0,0.00113960113960114,1755
51,30,21,12,1,5,0,0.000793440888653795,3781
13,6,7,4,60,1,0,0,315
6,3,3,1,79,1,0,0,2058
10,5,5,3,79,2,0,0,2366
6,3,3,2,79,1,0,0.000537923614846692,1859
9,6,3,2,5,0,0,0,205
4,2,2,1,109,0,0,0,571
8,4,4,2,74,2,0,0,1608
4,2,2,1,109,0,0,0,406
4,2,2,1,165,0,0,0,390
41,11,30,1,113,1,0,0,745
2,1,1,1,79,1,0,0,701
8,4,4,2,74,2,0,0,1088
26,16,10,2,60,1,0,0,2064
103,55,48,10,52,4,0,0,1671
2,2,0,1,148,0,0,0,51
4,2,2,2,79,1,0,0,675
16,8,8,4,90,1,0,0,2974
1,1,0,1,5,0,0,0,162
4,3,1,2,5,0,0,0,987
32,10,22,5,119,2,0,0.000978473581213307,1022
4,2,2,3,79,1,0,0,654
3,0,3,1,148,0,0,0,595
220,142,78,9,79,3,0,0,2010
13,1,12,2,5,1,0,0,918
60,20,40,5,79,1,0,0,2632
38,11,27,1,113,1,0,0,998
2,1,1,1,79,1,0,0.000437445319335083,2286
45,16,29,5,79,2,0,0.000126230749810654,7922
2,1,1,1,79,1,0,0,516
25,16,9,2,60,1,0,0,782
111,106,5,3,73,1,0,0.00622406639004149,482
36,30,6,4,28,0,0,0.00190657769304099,1049
105,101,4,4,60,1,0,0,3054
163,158,5,6,60,1,0,0.000537056928034372,1862
26,18,8,3,17,2,0,0.00129366106080207,1546
6,6,0,1,109,0,0,0,69
2,1,1,1,78,1,0,0,449
2,1,1,1,164,0,0,0.00116686114352392,857
19,8,11,5,108,3,0,0,2346
44,28,16,5,78,2,0,0,2849
19,12,7,5,65,1,0,0.00159744408945687,626
4,2,2,2,78,1,0,0.00116686114352392,1714
18,11,7,3,30,2,0,0.00360576923076923,832
36,32,4,2,8,1,0,0.000574712643678161,1740
223,204,19,3,0,1,0,0.000843170320404722,1186
1,1,0,1,0,0,0,0,36
32,30,2,2,3,0,0,0,1377
15,15,0,1,19,0,0,0,1300
10,9,1,2,64,0,0,0.005859375,512
168,142,26,5,22,4,0,0.000116849731245618,8558
90,77,13,6,9,3,0,0.000162919517758227,6138
42,35,7,5,59,1,0,0,2262
302,224,78,8,65,4,0,0.000403877221324717,7428
10,5,5,1,163,1,0,0,614
2,1,1,1,164,0,0,0,187
2,1,1,1,156,0,0,0.000255297421496043,3917
6,3,3,2,78,1,0,0,999
2,1,1,1,78,1,0,0,169
4,1,3,2,66,1,0,0.00194704049844237,2568
67,44,23,5,43,3,0,0.000167926112510495,5955
8,4,4,3,32,2,0,0.000256476019492177,7798
0,0,0,1,147,0,0,0,129
111,1,110,1,147,0,0,0,203
111,1,110,1,147,0,0,0,194
38,19,19,2,106,0,0,0.00159489633173844,627
2,1,1,1,177,1,0,0.00138504155124654,722
4,3,1,1,52,0,0,0,10910
1,0,1,1,58,0,0,0,64
255,174,81,9,9,3,0,0,494
107,81,26,4,57,1,0,0,755
30,13,17,4,129,1,0,0,1061
16,14,2,2,65,1,0,0,880
12,3,9,3,72,0,0,0,338
0,0,0,1,163,0,0,0,49
0,0,0,1,121,0,0,0,88
2,1,1,1,164,0,0,0,620
6,3,3,1,74,1,0,0,395
132,123,9,3,107,0,0,0,605
2,1,1,1,163,1,0,0,330
2,1,1,1,163,1,0,0,84
2,1,1,1,107,0,0,0.00374531835205993,267
2,1,1,1,90,0,0,0,186
2,1,1,1,107,0,0,0,423
13,13,0,1,178,0,0,0,367
10,5,5,2,107,0,0,0,966
4,4,0,1,17,1,0,0,899
3,1,2,1,65,0,0,0,193
121,120,1,3,135,0,0,0,184
446,411,35,9,79,0,0,0,610
3,3,0,3,135,0,0,0,40
284,281,3,2,135,0,0,0,324
380,322,58,15,79,1,0,0,309
0,0,0,1,80,0,0,0,29
66,55,11,6,100,0,0,0,215
109,100,9,6,113,0,0,0,213
0,0,0,1,157,0,0,0,96
358,333,25,9,8,1,0,0,451
418,346,72,16,100,0,0,0.00156985871271586,637
152,95,57,7,106,0,0,0,194
113,106,7,17,100,0,0,0,138
155,142,13,3,76,0,0,0.00558659217877095,179
24,21,3,3,8,0,0,0,156
159,156,3,4,101,1,0,0,295
176,174,2,5,73,2,0,0,324
29,25,4,4,93,1,0,0,193
416,412,4,15,73,2,0,0,517
190,187,3,4,113,0,0,0,240
376,204,172,13,46,2,0,0.00952380952380952,315
77,53,24,6,8,1,0,0.00604229607250755,331
748,611,137,18,52,3,0,0.00641613198900092,1091
928,788,140,12,17,2,0,0.00108813928182807,919
23,14,9,4,87,0,0,0,62
445,288,157,23,4,3,0,0.00251046025104603,1195
2,1,1,1,107,0,0,0.00384615384615385,260
84,59,25,3,63,1,0,0,211
7,4,3,1,3,0,0,0.00469483568075117,213
459,303,156,18,49,5,0,0.000727802037845706,1374
1411,1043,368,31,1,6,0,0.00147547030616009,5422
11,6,5,4,3,1,0,0.00407213496218732,1719
0,0,0,1,78,0,0,0,0
3,3,0,3,79,0,0,0.00321543408360129,311
212,112,100,7,4,4,0,0,883
1390,831,559,25,49,5,0,0.00122850122850123,814
161,104,57,11,17,1,0,0.0016366612111293,611
546,252,294,19,3,2,0,0.00522193211488251,766
54,37,17,9,63,0,0,0,80
1567,980,587,28,3,5,0,0.00330396475770925,1816
113,81,32,10,3,3,0,0.00917431192660551,218
60,53,7,6,17,0,0,0,133
51,50,1,4,101,1,0,0,1235
4,2,2,1,163,0,0,0,388
151,141,10,8,39,3,0,0.00662251655629139,302
36,29,7,2,39,1,0,0,92
22,12,10,3,39,1,0,0.0112359550561798,178
6,4,2,2,39,0,0,0,115
71,69,2,4,17,1,0,0,165
211,130,81,11,17,1,0,0.00455235204855842,659
5,4,1,1,87,0,0,0.0192307692307692,52
402,309,93,16,17,2,0,0.00137488542621448,2182
494,295,199,15,3,2,0,0.0022883295194508,437
333,188,145,21,0,4,0,0.00287150035893754,1393
6,3,3,1,106,1,0,0,412
5,4,1,2,103,1,0,0,40
1320,1131,189,66,1,14,0,0.00272614622057001,4035
76,47,29,19,2,3,0,0.0033112582781457,302
28,19,9,8,2,2,0,0.0108108108108108,370
4,4,0,3,2,1,0,0.00462962962962963,216
651,424,227,22,3,5,0,0.00122850122850123,814
275,179,96,14,2,1,0,0.00191570881226054,522
26,17,9,6,1,1,0,0.000735023888276369,2721
1279,1242,37,7,2,1,0,0,1749
38,20,18,3,103,1,0,0,1155
211,105,106,14,0,2,0,0.00102459016393443,976
18,5,13,2,2,2,0,0.00278551532033426,359
150,99,51,16,2,5,0,0,525
2113,2006,107,36,0,15,0,0.00346020761245675,4624
45,45,0,3,2,0,0,0,120
142,126,16,5,2,2,0,0.00493827160493827,405
204,140,64,21,4,3,0,0.00661157024793388,605
52,43,9,3,62,0,0,0.00228310502283105,876
2,1,1,1,1,0,0,0,106
811,755,56,16,4,3,0,0.0023121387283237,865
16,8,8,2,119,0,0,0,450
3,3,0,1,119,0,0,0.0032258064516129,310
9,6,3,3,59,1,0,0,602
6,2,4,1,2,0,0,0,86
50,41,9,7,5,0,0,0,259
29,22,7,4,91,0,0,0,360
6,3,3,1,64,0,0,0,0
13,11,2,1,170,1,0,0.00403225806451613,248
547,350,197,21,1,6,0,0.000308024025874018,6493
2,2,0,1,165,0,0,0,67
2,1,1,1,163,0,0,0,393
342,211,131,13,64,3,0,0,1531
8,5,3,4,64,1,0,0,237
23,17,6,2,9,0,0,0,550
21,19,2,2,172,0,0,0,148
171,112,59,11,1,2,0,0.00183038438071995,1639
10,5,5,4,2,0,0,0,197
2,0,2,1,119,0,0,0,210
459,333,126,2,2,0,0,0.00338409475465313,591
586,405,181,18,9,2,0,0,1383
2,2,0,2,9,0,0,0,42
378,198,180,10,87,3,0,0.0017286084701815,1157
158,110,48,8,18,0,0,0.00295508274231678,1692
329,155,174,7,2,2,0,0,1006
0,0,0,1,2,0,0,0,0
2,1,1,2,2,1,0,0,0
2,2,0,1,170,1,0,0,947
52,33,19,4,5,2,0,0,723
494,455,39,16,5,6,0,0.00206185567010309,1940
392,372,20,13,2,3,0,0.00814111261872456,737
11,0,11,2,172,0,0,0,91
176,140,36,9,4,1,0,0,1348
0,0,0,1,84,0,0,0,0
67,0,67,1,38,0,0,0,1266
4,2,2,1,162,0,0,0,456
4,2,2,1,104,0,0,0,466
115,56,59,4,52,2,0,0,4419
2,1,1,1,78,1,0,0,203
57,32,25,5,24,1,0,0.000249500998003992,4008
84,69,15,4,21,3,0,0.00447538538040776,2011
14,7,7,2,78,1,0,0,247
2,1,1,1,78,1,0,0,224
22,11,11,1,116,0,0,0,1069
0,0,0,1,131,0,0,0,46
20,13,7,1,62,1,0,0.00518134715025907,193
9,7,2,2,57,0,0,0,312
357,221,136,7,46,2,0,0,2013
12,8,4,1,107,0,0,0.00252525252525253,396
2,1,1,1,104,0,0,0.00275229357798165,1090
17,5,12,1,24,0,0,0.00806451612903226,248
10,8,2,1,51,1,0,0.000771010023130301,1297
45,34,11,4,9,3,0,0.00947867298578199,422
2,0,2,1,53,0,0,0.00689655172413793,145
4,2,2,1,104,0,0,0,1125
2,1,1,1,67,1,0,0,628
392,259,133,15,8,3,0,0.000251445813427206,3977
50,29,21,1,71,0,0,0,350
2,1,1,1,160,0,0,0,198
258,251,7,3,72,0,0,0,1329
6,3,3,2,104,0,0,0,1526
47,25,22,5,64,3,0,0.000523834468308015,1909
25,1,24,2,72,0,0,0,1584
23,23,0,1,72,0,0,0,97
16,4,12,3,64,0,0,0,604
2,1,1,1,163,1,0,0.00141643059490085,706
21,5,16,1,119,0,0,0,202
1031,820,211,42,4,10,0,0.000719942404607631,1389
294,275,19,5,4,0,0,0,435
197,187,10,6,21,4,0,0.00298953662182362,669
94,35,59,1,86,0,0,0.0124688279301746,401
2,1,1,1,67,1,0,0,193
6,3,3,2,67,1,0,0,794
2,1,1,1,102,0,0,0,98
2,1,1,1,102,0,0,0,530
34,27,7,2,106,0,0,0.00181488203266788,551
4,2,2,1,102,0,0,0.00316455696202532,316
46,41,5,3,48,0,0,0.00303030303030303,330
2,2,0,1,161,0,0,0,233
531,347,184,21,106,1,0,0,888
18,12,6,3,102,0,0,0.00216919739696312,922
2,1,1,1,169,0,0,0,276
40,36,4,5,46,0,0,0,276
10,5,5,1,129,0,0,0,270
2,1,1,1,102,0,0,0,420
8,7,1,1,68,1,0,0,231
518,468,50,9,19,2,0,0.000962000962000962,2079
123,99,24,11,7,1,0,0,1063
5,2,3,2,160,1,0,0.00462962962962963,648
6,3,3,2,160,1,0,0.00120918984280532,827
4,2,2,1,160,0,0,0,481
8,6,2,2,32,0,0,0.00204498977505112,489
180,118,62,2,4,1,0,0.00363636363636364,550
23,15,8,3,4,0,0,0.000904977375565611,1105
6,3,3,2,9,1,0,0,453
2,1,1,1,160,0,0,0,177
292,180,112,8,0,1,0,0.00449438202247191,445
2,1,1,1,102,0,0,0,584
27,26,1,2,2,1,0,0,867
91,53,38,6,9,2,0,0,2358
3,2,1,2,78,1,0,0,286
14,7,7,2,102,0,0,0,524
30,27,3,2,4,0,0,0,748
4,2,2,2,67,1,0,0,631
124,67,57,9,93,1,0,0,1250
17,12,5,3,102,0,0,0.000374672161858374,2669
2,0,2,1,38,0,0,0,670
29,23,6,1,115,0,0,0,1994
243,193,50,8,52,0,0,0,2453
2,1,1,1,132,1,0,0,887
10,5,5,4,9,2,0,0,1641
42,40,2,2,133,0,0,0,1013
123,80,43,4,8,2,0,0,693
20,10,10,5,9,2,0,0.000416840350145894,2399
14,6,8,5,66,3,0,0.00104384133611691,1916
104,55,49,5,64,2,0,0.000563063063063063,1776
4,2,2,2,160,1,0,0.00175438596491228,570
4,2,2,1,102,0,0,0,225
8,2,6,1,64,0,0,0,997
8,4,4,2,9,1,0,0,2593
36,30,6,6,0,0,0,0,175
2,1,1,1,9,0,0,0,460
2,1,1,1,160,0,0,0,529
5,3,2,1,143,0,0,0,196
2,1,1,1,163,1,0,0,1389
63,36,27,9,4,3,0,0.00560224089635854,714
87,40,47,4,3,1,0,0.00108459869848156,922
0,0,0,2,4,0,0,0,0
29,29,0,2,4,0,0,0.043010752688172,93
300,268,32,6,17,4,0,0.0027378507871321,1461
159,141,18,4,7,1,0,0.000662690523525514,1509
2,2,0,1,39,0,0,0,115
99,79,20,4,112,0,0,0.0114942528735632,174
2,1,1,1,163,1,0,0,569
259,257,2,3,8,1,0,0.00103199174406605,969
1,1,0,1,109,0,0,0,52
37,15,22,1,73,1,0,0,678
17,7,10,3,60,1,0,0.000446827524575514,4476
15,10,5,2,67,1,0,0.000241254523522316,4145
16,7,9,2,60,1,0,0,2462
2,1,1,1,67,1,0,0,34
10,5,5,2,1,1,0,0.000366837857666911,2726
2,1,1,1,163,1,0,0,180
676,560,116,13,16,5,0,0.00173010380622837,578
20,12,8,4,3,2,0,0.00304878048780488,1312
237,165,72,4,39,0,0,0.00103950103950104,962
194,122,72,9,0,1,0,0.00481347773766546,831
52,32,20,11,0,3,0,0.0029130253849355,2403
0,0,0,1,131,0,0,0,46
9,9,0,2,127,0,0,0,53
9,7,2,2,42,0,0,0,636
168,118,50,3,24,0,0,0.00354609929078014,564
0,0,0,2,78,0,0,0,0
36,36,0,3,0,0,0,0,250
2,1,1,1,67,1,0,0.0123456790123457,162
4,4,0,2,17,0,0,0,41
1,0,1,1,119,0,0,0,49
3,3,0,1,119,0,0,0,96
12,6,6,2,52,1,0,0,332
22,22,0,1,143,0,0,0,118
453,337,116,11,101,1,0,0.000571102227298686,1751
36,36,0,3,109,0,0,0,406
35,25,10,5,2,0,0,0.00268817204301075,372
21,19,2,3,133,2,0,0.00104384133611691,958
9,9,0,1,75,0,0,0,309
7,1,6,2,8,0,0,0,306
4,2,2,1,122,0,0,0.0016750418760469,597
382,225,157,7,93,3,0,0,887
193,136,57,4,127,0,0,0,496
2,1,1,1,163,1,0,0,349
241,232,9,10,56,2,0,0,1518
94,65,29,7,3,2,0,0.00202839756592292,1972
16,9,7,2,9,1,0,0.00267379679144385,374
519,389,130,8,57,4,0,0.00112824370063934,2659
256,28,228,4,130,0,0,0.00152439024390244,1312
2,1,1,1,158,0,0,0,673
86,62,24,6,101,0,0,0.00130039011703511,769
15,15,0,3,127,0,0,0,127
12,7,5,3,66,1,0,0,1142
4,0,4,1,59,0,0,0,409
64,38,26,5,2,0,0,0,1267
46,18,28,6,66,1,0,0,2321
3,1,2,2,119,1,0,0,1095
7,5,2,4,2,0,0,0.00568181818181818,176
118,90,28,8,37,1,0,0.00190912562046583,2619
15,7,8,5,5,2,0,0,1425
6,4,2,2,10,2,0,0,2471
2,1,1,1,66,1,0,0,270
7,2,5,2,59,0,0,0,1071
2,1,1,1,158,0,0,0,416
4,2,2,1,163,1,0,0.00192678227360308,519
43,38,5,5,58,1,0,0,1042
6,3,3,3,2,0,0,0,1913
2,1,1,1,158,0,0,0.00123304562268804,811
115,52,63,9,64,0,0,0,797
295,163,132,23,59,4,0,0,5519
13,5,8,3,77,1,0,0,825
5,1,4,2,2,0,0,0,491
2,1,1,1,148,0,0,0,896
2,1,1,1,134,1,0,0,240
102,74,28,4,107,0,0,0,1124
41,28,13,4,56,2,0,0.000303306035790112,3297
24,22,2,3,48,1,0,0.000492125984251968,2032
106,45,61,9,1,1,0,0.00018754688672168,5332
290,221,69,11,2,1,0,0,3720
12,10,2,1,133,1,0,0,702
85,62,23,3,93,1,0,0,537
70,30,40,9,78,2,0,0,1684
606,585,21,4,28,1,0,0.000645994832041344,1548
48,29,19,2,114,0,0,0.00222222222222222,450
45,32,13,3,37,2,0,0.000969461948618517,2063
18,7,11,2,66,1,0,0.000365230094959825,2738
3,3,0,1,71,0,0,0,923
76,65,11,9,4,1,0,0.000633312222925902,3158
42,29,13,5,38,3,0,0,364
10,6,4,4,37,2,0,0,848
10,6,4,1,156,0,0,0,201
31,28,3,2,66,1,0,0.00714285714285714,280
525,503,22,8,30,0,0,0.004149377593361,964
19,18,1,2,123,0,0,0,434
13,8,5,3,22,2,0,0.00142045454545455,2112
4,2,2,2,112,1,0,0.00106723585912487,937
942,876,66,20,63,2,0,0.000495785820525533,2017
2,1,1,1,163,1,0,0,2481
707,602,105,9,25,5,0,0.00168634064080944,1186
90,54,36,5,37,1,0,0.00195185426154847,1537
133,116,17,5,66,2,0,0,2364
53,47,6,1,40,0,0,0.0170648464163823,293
1284,1092,192,29,2,9,0,0.000635439360929557,11016
103,73,30,6,91,0,0,0.00817438692098093,367
5,1,4,2,126,1,0,0,160
116,107,9,6,4,3,0,0.000737463126843658,2712
17,17,0,1,92,0,0,0.00638977635782748,313
765,617,148,21,0,2,0,0.001640016400164,4878
112,110,2,3,81,2,0,0.00273224043715847,366
2,1,1,1,37,0,0,0,1402
5,2,3,2,66,1,0,0,1757
2,0,2,1,59,0,0,0,1935
77,72,5,3,2,0,0,0,400
26,16,10,9,2,0,0,0,354
424,337,87,22,2,1,0,0.000294031167303734,3401
10,8,2,5,2,0,0,0.00769230769230769,130
6,3,3,2,45,1,0,0,182
1402,1091,311,24,2,3,0,0.000763650248186331,2619
4,2,2,2,37,1,0,0,2406
68,47,21,4,2,1,0,0,641
20,19,1,2,114,0,0,0,1845
247,238,9,7,24,1,0,0,288
14,13,1,1,59,0,0,0,148
173,150,23,4,31,3,0,0,1422
14,2,12,4,57,1,0,0.000578703703703704,1728
15,7,8,7,87,1,0,0,110
98,75,23,6,59,2,0,0.000518403317781234,1929
2,1,1,1,90,0,0,0,225
24,12,12,3,100,1,0,0.000725689404934688,1378
2,1,1,1,66,1,0,0.000829187396351575,1206
16,10,6,3,65,3,0,0.00194174757281553,515
12,8,4,2,135,0,0,0,870
18,10,8,1,95,0,0,0,586
60,48,12,3,67,1,0,0.00175131348511384,571
28,14,14,1,157,0,0,0,476
4,2,2,3,46,1,0,0.00258397932816537,774
6,3,3,3,46,0,0,0.00193610842207164,1033
8,4,4,3,46,0,0,0.00235017626321974,851
10,5,5,2,95,1,0,0.00217391304347826,1380
8,7,1,2,2,0,0,0.000632511068943707,1581
4,2,2,3,46,0,0,0.00378787878787879,792
8,4,4,2,66,1,0,0,1019
6,3,3,3,46,0,0,0.0033112582781457,1208
12,6,6,2,66,1,0,0,2213
29,15,14,3,94,0,0,0,2429
13,8,5,2,107,0,0,0,120
8,4,4,2,107,1,0,0,1041
6,3,3,1,107,0,0,0,1033
792,582,210,24,21,6,0,0.00755786490316486,2117
524,406,118,10,64,4,0,0.011142061281337,1077
463,289,174,17,77,4,0,0.00475059382422803,1263
68,47,21,13,49,4,0,0.00187617260787992,533
754,473,281,32,10,9,0,0.00441696113074205,1132
83,62,21,8,85,0,0,0.00240963855421687,415
1071,829,242,69,0,7,0,0.00274759585362808,8007
3235,2059,1176,90,0,17,0,0.00342549547345241,4087
84,54,30,14,2,3,0,0.0057840616966581,1556
768,591,177,28,1,8,0,0.00242980561555076,3704
31,26,5,5,90,0,0,0,232
29,16,13,3,94,0,0,0.00523560209424084,191
189,13,176,6,8,4,0,0.00972762645914397,514
342,207,135,10,81,1,0,0,565
12,9,3,3,156,2,0,0,281
552,294,258,22,52,9,0,0.00327399222426847,4887
80,12,68,5,66,1,0,0.000789265982636148,1267
1260,813,447,68,10,12,0,0.0036680421824851,4362
250,162,88,11,66,2,0,0.00117027501462844,1709
140,93,47,9,44,1,0,0.00347222222222222,864
3,2,1,2,52,1,0,0.00167785234899329,596
72,54,18,8,85,0,0,0.0026246719160105,381
733,539,194,21,4,6,0,0.00342759211653813,3501
145,130,15,11,90,2,0,0.0024390243902439,820
4,2,2,1,172,0,0,0.0045045045045045,222
159,6,153,4,90,2,0,0.00306278713629403,653
10,9,1,2,167,0,0,0,338
47,32,15,4,154,0,0,0.00293255131964809,341
17,16,1,4,25,2,0,0.0034965034965035,286
301,247,54,45,8,9,0,0.0102543068088597,2438
7,7,0,4,90,0,0,0,317
4,2,2,1,155,0,0,0,623
2,1,1,1,170,1,0,0,384
13,5,8,4,51,1,0,0.00187265917602996,534
46,25,21,4,51,1,0,0,720
6,3,3,1,170,1,0,0.00066711140760507,1499
16,4,12,3,46,0,0,0,5378
8,3,5,1,155,0,0,0,1100
40,20,20,4,66,3,0,0,1414
11,6,5,2,118,0,0,0,1068
2,1,1,1,155,0,0,0,720
24,21,3,2,51,0,0,0,799
2,1,1,1,170,1,0,0,391
4,2,2,2,78,0,0,0.000823723228995058,1214
8,4,4,2,155,1,0,0,1680
12,6,6,3,93,2,0,0,2132
10,5,5,2,67,0,0,0,2411
8,3,5,2,140,1,0,0,494
27,16,11,2,17,0,0,0,261
4,2,2,1,175,1,0,0,329
4,2,2,1,175,1,0,0,164
4,2,2,1,175,1,0,0,346
33,24,9,5,17,0,0,0,251
4,2,2,1,146,0,0,0,301
24,13,11,2,88,1,0,0.000493827160493827,2025
30,26,4,3,17,0,0,0.00160771704180064,622
2,1,1,1,128,0,0,0,69
4,2,2,2,93,1,0,0,1500
10,5,5,3,93,1,0,0.000943692985215477,3179
4,2,2,2,163,2,0,0.00529100529100529,189
8,4,4,2,48,1,0,0.0015255530129672,1311
10,5,5,2,48,1,0,0.00206825232678387,967
22,11,11,5,81,4,0,0.00111731843575419,1790
2,1,1,1,175,1,0,0,289
2,1,1,1,158,0,0,0,449
8,4,4,2,98,0,0,0,769
2,1,1,1,98,0,0,0,497
19,8,11,3,7,0,0,0,795
11,0,11,1,57,0,0,0,135
4,2,2,2,146,1,0,0,1215
5,0,5,1,57,0,0,0.0026246719160105,381
252,108,144,6,6,2,0,0,1755
4,1,3,1,144,0,0,0,488
2,1,1,1,56,1,0,0,330
325,163,162,10,1,2,0,0,3042
0,0,0,1,60,0,0,0,0
46,16,30,4,123,0,0,0,0
112,71,41,7,1,1,0,0.00446428571428571,224
254,147,107,10,56,2,0,0.0010088781275222,4956
4,0,4,1,56,0,0,0,1569
633,488,145,21,1,2,0,0.000744601638123604,1343
244,232,12,5,53,2,0,0,1596
165,94,71,12,32,0,0,0.00138121546961326,1448
20,6,14,4,18,0,0,0,439
531,272,259,17,1,3,0,0.00113464447806354,2644
53,35,18,8,1,1,0,0.000881834215167548,1134
1073,589,484,27,4,4,0,0.000538938291565616,3711
53,39,14,3,119,0,0,0,1335
7,4,3,2,54,0,0,0,475
116,59,57,10,1,0,0,0,441
2370,1469,901,78,1,5,0,0.00134288272157565,2234
2889,920,1969,62,65,3,0,0,0
571,356,215,25,1,4,0,0.00131665569453588,1519
7,5,2,2,1,0,0,0,453
190,111,79,51,1,2,0,0.00127713920817369,783
140,64,76,21,1,0,0,0.00276625172890733,723
4,2,2,2,81,2,0,0,657
23,13,10,5,56,1,0,0,3422
302,150,152,11,6,2,0,0,629
19,11,8,3,142,0,0,0.00427350427350427,234
2,1,1,1,162,0,0,0.00313479623824451,319
6,3,3,3,97,2,0,0.000569151963574274,1757
100,80,20,2,1,0,0,0,397
4,2,2,1,1,0,0,0,42
26,26,0,2,114,0,0,0.00704225352112676,142
24,16,8,1,49,0,0,0.00144092219020173,694
505,332,173,16,55,1,0,0,3753
1599,1096,503,73,4,14,0,0.00167624521072797,4176
1201,483,718,33,4,4,0,0.00105932203389831,3776
111,21,90,17,25,1,0,0,419
56,39,17,5,25,1,0,0.00125628140703518,796
25,22,3,2,95,0,0,0.00119331742243437,838
6,3,3,2,11,1,0,0,1028
476,422,54,21,4,1,0,0.00250752256770311,1994
43,34,9,5,0,2,0,0.0056980056980057,351
45,36,9,3,4,2,0,0,781
211,160,51,7,36,1,0,0.00510204081632653,196
642,481,161,19,50,5,0,0.000875401225561716,3427
17,16,1,3,27,0,0,0,335
22,14,8,3,36,2,0,0.0025706940874036,778
25,15,10,3,24,2,0,0.000823045267489712,2430
24,12,12,1,143,0,0,0,3533
24,14,10,4,9,0,0,0,1384
2,1,1,1,52,1,0,0.000310945273631841,3216
2,1,1,1,52,1,0,0,540
3,2,1,1,32,0,0,0.00138312586445367,723
21,6,15,3,7,0,0,0.00391006842619746,1023
325,298,27,4,2,0,0,0.00223713646532438,447
17,13,4,3,36,1,0,0.000698324022346369,1432
24,15,9,4,60,2,0,0,2884
816,502,314,14,4,4,0,0.000121109361753664,8257
26,15,11,2,63,0,0,0.0008302200083022,2409
87,87,0,1,144,0,0,0,142
3,3,0,1,144,0,0,0,34
101,81,20,7,59,0,0,0,993
11,3,8,2,51,0,0,0,148
4,4,0,1,59,0,0,0.00115273775216138,1735
13,10,3,2,137,1,0,0.0130718954248366,306
186,104,82,2,65,0,0,0,1190
11,4,7,1,97,0,0,0,897
82,57,25,1,118,0,0,0.00213675213675214,468
105,80,25,4,66,2,0,0.00277777777777778,360
80,44,36,3,120,0,0,0,359
15,9,6,1,22,1,0,0.00239234449760766,418
100,86,14,3,65,0,0,0.0013869625520111,721
2,2,0,1,65,0,0,0,32
6,3,3,1,176,1,0,0,499
2,1,1,1,176,1,0,0,345
2,1,1,1,177,1,0,0,478
4,1,3,2,55,0,0,0,489
4,1,3,2,55,0,0,0,637
16,8,8,4,52,2,0,0.00129032258064516,775
24,12,12,2,59,0,0,0,413
128,77,51,13,12,2,0,0.000396118043176867,5049
2,1,1,1,176,1,0,0,604
248,233,15,13,4,4,0,0.000898876404494382,2225
2,1,1,1,95,0,0,0,656
166,163,3,2,37,0,0,0,324
2,1,1,1,8,0,0,0.00128369704749679,779
0,0,0,1,88,0,0,0,123
2,1,1,1,66,1,0,0,128
6,3,3,1,177,1,0,0.0017825311942959,561
28,14,14,2,78,2,0,0,1530
2,1,1,1,177,1,0,0,1208
517,516,1,2,116,0,0,0.000495540138751239,2018
53,44,9,2,119,0,0,0,1570
4,4,0,1,143,0,0,0,32
18,10,8,4,143,1,0,0,130
4,2,2,2,129,2,0,0,413
0,0,0,1,143,0,0,0,36
19,18,1,4,73,0,0,0,44
474,471,3,2,144,0,0,0,495
9,9,0,1,98,0,0,0,359
0,0,0,1,73,0,0,0,697
8,5,3,2,3,0,0,0,147
47,46,1,5,62,0,0,0,173
0,0,0,1,113,0,0,0,49
40,20,20,2,66,2,0,0.00112023898431665,2678
2,1,1,1,177,1,0,0,866
13,13,0,1,138,0,0,0.000436490615451768,2291
2,1,1,1,66,1,0,0,911
8,4,4,1,135,1,0,0,358
2,1,1,1,177,1,0,0,509
2,1,1,1,76,0,0,0,190
6,4,2,2,3,0,0,0,1195
0,0,0,1,77,0,0,0,44
4,4,0,1,173,0,0,0,43
2,1,1,1,28,0,0,0,155
9,9,0,1,113,0,0,0,51
2,2,0,1,79,0,0,0,65
16,15,1,2,78,0,0,0,51
7,7,0,1,78,0,0,0,60
86,77,9,6,6,0,0,0,353
93,90,3,62,0,0,0,0.00493827160493827,405
10,10,0,5,6,0,0,0,90
35,35,0,1,113,0,0,0,145
2,2,0,1,60,0,0,0,31
2,0,2,1,135,0,0,0,431
3,3,0,2,66,0,0,0,566
10,10,0,1,162,0,0,0,148
4,4,0,1,3,0,0,0,279
4,2,2,2,28,1,0,0,952
2,1,1,1,66,1,0,0,813
4,2,2,2,163,2,0,0,2504
219,215,4,14,8,1,0,0,2214
28,25,3,6,99,1,0,0.00165837479270315,603
6,6,0,1,58,0,0,0,253
2,1,1,1,28,0,0,0,319
8,8,0,1,16,0,0,0,131
2,1,1,1,66,1,0,0,42
8,8,0,1,16,0,0,0,53
127,127,0,1,95,0,0,0,398
4,1,3,1,119,0,0,0,181
4,3,1,2,52,1,0,0,540
3,3,0,1,5,0,0,0,167
0,0,0,1,121,0,0,0,41
404,392,12,3,2,1,0,0.00092678405931418,1079
41,37,4,4,4,0,0,0.00181488203266788,551
17,11,6,4,66,1,0,0,224
18,15,3,3,5,1,0,0,740
4,1,3,2,16,1,0,0,366
48,31,17,4,28,1,0,0.000540832882639265,1849
2,1,1,1,114,1,0,0,515
3,3,0,1,113,0,0,0,155
201,170,31,4,9,1,0,0,1503
2,1,1,1,28,0,0,0.00094876660341556,1054
0,0,0,1,127,0,0,0,25
0,0,0,1,127,0,0,0,39
4,2,2,1,16,1,0,0,1035
0,0,0,1,118,0,0,0,0
2,1,1,1,66,1,0,0,1870
3,3,0,3,17,0,0,0,278
4,3,1,1,58,0,0,0,1940
9,7,2,5,119,0,0,0,0
30,28,2,7,7,0,0,0.000825082508250825,2424
3,3,0,1,88,0,0,0,267
5,4,1,2,135,0,0,0,220
13,5,8,1,85,0,0,0.000926998841251448,4315
2,1,1,1,163,1,0,0,656
151,134,17,8,32,1,0,0,328
3,3,0,2,93,0,0,0.00465116279069767,215
2,1,1,1,66,1,0,0,230
372,330,42,7,58,3,0,0,2002
19,12,7,3,32,0,0,0,469
6,6,0,1,173,0,0,0,203
2,1,1,1,163,1,0,0,146
41,31,10,5,2,0,0,0.000199920031987205,5002
110,86,24,6,17,0,0,0.00198807157057654,503
5,5,0,1,59,0,0,0,236
26,14,12,2,79,1,0,0,530
192,186,6,16,8,1,0,0.00025693730729702,3892
36,31,5,4,123,0,0,0.000611246943765281,1636
201,101,100,5,5,2,0,0,1782
11,1,10,2,131,1,0,0,620
24,22,2,2,70,1,0,0.000266453503863576,3753
69,69,0,2,114,0,0,0.00568181818181818,176
1,1,0,1,52,0,0,0.000599880023995201,1667
165,97,68,1,91,1,0,0,491
29,20,9,7,7,2,0,0.000611995104039168,4902
1,1,0,1,108,0,0,0,183
4,2,2,2,32,1,0,0.000941619585687382,1062
2,2,0,1,32,0,0,0,747
8,8,0,1,122,0,0,0,1514
13,11,2,1,98,0,0,0,387
75,64,11,9,7,2,0,0,2478
5,4,1,3,65,2,0,0,620
33,27,6,9,28,3,0,0,5076
7,4,3,2,119,0,0,0,268
15,15,0,1,2,0,0,0,201
8,6,2,1,135,0,0,0,58
4,2,2,2,113,0,0,0,1283
2,1,1,1,84,0,0,0,382
0,0,0,1,59,0,0,0,38
0,0,0,1,32,0,0,0,0
1,1,0,1,116,0,0,0,39
1,1,0,1,116,0,0,0,43
0,0,0,1,80,0,0,0,8872
19,15,4,2,67,0,0,0,514
12,9,3,1,80,0,0,0,1310
4,3,1,1,80,0,0,0,183
4,2,2,1,74,1,0,0,492
13,12,1,1,98,0,0,0,809
88,86,2,3,27,1,0,0,204
193,139,54,3,133,0,0,0,338
2,1,1,1,133,0,0,0,488
2,1,1,1,163,1,0,0,201
2,1,1,1,163,1,0,0,259
3,1,2,1,93,0,0,0,113
37,24,13,3,53,1,0,0,1151
47,43,4,1,59,0,0,0,259
13,6,7,5,81,5,0,0,615
27,17,10,5,81,4,0,0,2772
4,2,2,2,66,2,0,0,998
11,9,2,1,116,1,0,0,253
205,118,87,8,101,5,0,0,2496
16,8,8,1,116,0,0,0,1095
229,168,61,7,2,0,0,0,345
0,0,0,1,116,0,0,0,0
0,0,0,1,116,0,0,0,0
79,38,41,3,42,0,0,0,198
8,1,7,1,65,0,0,0,27
5,3,2,2,116,1,0,0,0
931,519,412,9,45,0,0,0,572
26,24,2,1,87,0,0,0,230
29,6,23,4,81,1,0,0.00118063754427391,847
4,1,3,1,91,0,0,0,56
13,8,5,3,17,1,0,0,705
9,1,8,1,91,0,0,0,82
2,2,0,2,77,1,0,0,161
9,2,7,1,128,0,0,0.00177619893428064,563
1,1,0,1,128,0,0,0,104
315,254,61,11,77,3,0,0.00121802679658952,1642
0,0,0,1,101,0,0,0,200
0,0,0,1,101,0,0,0,25
7,4,3,1,94,0,0,0,35
12,6,6,2,6,1,0,0.00170648464163823,586
32,22,10,4,36,0,0,0.00227531285551763,879
10,5,5,1,79,1,0,0.0017825311942959,561
8,3,5,2,79,1,0,0,194
8,4,4,2,79,1,0,0,141
69,46,23,5,45,2,0,0.0159521435692921,1003
1,1,0,1,41,0,0,0,154
4,2,2,1,79,1,0,0.00298507462686567,670
0,0,0,1,2,0,0,0,0
0,0,0,1,2,0,0,0,283
20,5,15,1,60,0,0,0,379
2,1,1,2,2,1,0,0,0
22,0,22,1,2,0,0,0,26
102,37,65,2,2,0,0,0,136
0,0,0,1,122,0,0,0,22
1769,1379,390,19,50,2,0,0,1177
924,824,100,16,50,3,0,0.00132978723404255,752
75,65,10,8,77,0,0,0.00970873786407767,103
20,18,2,2,104,0,0,0.00613496932515337,163
63,60,3,1,53,0,0,0,101
1,1,0,1,76,0,0,0,24
104,101,3,2,29,0,0,0,334
6,6,0,1,175,0,0,0,374
4,2,2,1,163,1,0,0,627
38,19,19,1,142,0,0,0,872
6,4,2,1,0,0,0,0,199
16,8,8,1,0,0,0,0,82
2,1,1,1,81,1,0,0,216
8,8,0,1,155,0,0,0,398
358,237,121,16,51,4,0,0,889
192,127,65,3,20,0,0,0,421
29,22,7,3,56,1,0,0,518
7,7,0,1,40,0,0,0.00117508813160987,851
6,6,0,1,40,0,0,0.00266666666666667,375
33,19,14,3,61,0,0,0,828
10,7,3,2,81,1,0,0,639
58,48,10,2,4,0,0,0,297
0,0,0,1,40,0,0,0,0
22,21,1,5,4,0,0,0,255
86,65,21,4,138,1,0,0.00155038759689922,1290
38,38,0,2,63,0,0,0.00266311584553928,751
21,18,3,3,40,0,0,0,169
257,183,74,8,58,0,0,0,479
96,51,45,1,51,0,0,0,1029
2,1,1,1,66,1,0,0,1443
2,1,1,1,79,1,0,0,875
6,3,3,1,81,1,0,0,120
6,3,3,2,81,1,0,0,788
13,10,3,4,35,1,0,0,489
51,41,10,4,32,1,0,0,2359
2,1,1,1,166,0,0,0,733
83,45,38,4,16,1,0,0.0029940119760479,668
138,86,52,3,46,1,0,0,375
20,16,4,1,166,1,0,0,431
5,3,2,2,3,1,0,0,988
56,36,20,3,59,0,0,0,470
6,6,0,1,166,0,0,0,104
10,6,4,2,35,1,0,0.00114942528735632,870
9,8,1,2,58,1,0,0,619
53,52,1,2,86,0,0,0.00346020761245675,289
11,1,10,2,92,0,0,0,142
67,13,54,7,9,2,0,0.000402576489533011,4968
4,0,4,1,92,0,0,0,164
301,258,43,6,45,1,0,0,1402
69,39,30,6,3,0,0,0,1049
10,6,4,3,3,0,0,0,183
1,1,0,1,87,0,0,0,52
102,34,68,8,17,3,0,0,710
6,2,4,2,31,0,0,0,55
23,16,7,2,53,0,0,0,485
8,4,4,2,45,1,0,0,0
1730,1087,643,36,45,9,0,0,0
103,53,50,12,45,0,0,0,0
135,74,61,10,45,1,0,0,0
2,1,1,2,45,1,0,0,0
1,0,1,2,45,0,0,0,0
2301,927,1374,41,45,2,1,0,0
78,25,53,14,45,0,0,0,0
17,16,1,4,45,0,0,0,0
0,0,0,1,45,0,0,0,180
0,0,0,1,45,0,0,0.00113421550094518,2645
0,0,0,1,45,0,0,0,192
0,0,0,1,45,0,0,0,941
0,0,0,1,45,0,0,0,135
0,0,0,1,45,0,0,0,34
136,105,31,6,0,0,0,0,1635
0,0,0,1,45,0,0,0,167
19,14,5,4,0,0,0,0,58
413,340,73,7,74,2,0,0.00115074798619102,869
6,3,3,3,10,2,0,0.00264550264550265,378
282,212,70,14,0,4,0,0.00117370892018779,2556
29,20,9,2,92,0,0,0.00452488687782805,221
2,1,1,1,81,1,0,0,1045
66,35,31,2,2,1,0,0,491
11,9,2,2,81,1,0,0,1098
19,15,4,2,2,0,0,0,270
4,4,0,1,164,0,0,0,104
20,19,1,2,78,0,0,0,2090
2,1,1,1,79,0,0,0,459
67,38,29,1,37,0,0,0,149
11,10,1,1,144,0,0,0,1011
4,2,2,1,2,0,0,0,237
164,106,58,5,7,0,0,0,1245
3,1,2,2,163,0,0,0,166
15,4,11,1,87,0,0,0,2252
222,75,147,5,71,0,0,0,1913
66,26,40,4,71,0,0,0,835
5,4,1,3,71,0,0,0,592
2,1,1,1,93,0,0,0,138
2,0,2,1,177,0,0,0,326
7,2,5,1,163,0,0,0,1431
2,1,1,1,163,0,0,0,146
28,14,14,2,93,0,0,0,1346
65,47,18,7,2,0,0,0.000430941607412196,4641
124,123,1,1,172,0,0,0,192
3,2,1,1,172,0,0,0,39
3,3,0,2,2,0,0,0,164
569,395,174,17,1,2,0,0,2522
77,41,36,7,2,1,0,0,686
0,0,0,1,79,0,0,0,0
8,5,3,1,3,1,0,0,2251
4,2,2,1,77,1,0,0,56
4,2,2,1,77,1,0,0,304
51,35,16,3,14,1,0,0,989
549,398,151,3,97,0,0,0,803
246,149,97,13,64,2,0,0.00200400801603206,499
132,86,46,3,63,0,0,0,815
2,1,1,2,66,0,0,0,40
742,385,357,26,57,4,0,0,1071
23,14,9,9,57,1,0,0,98
1,1,0,1,87,0,0,0,48
177,117,60,7,64,0,0,0.00261096605744125,766
114,58,56,6,64,2,0,0,454
1018,522,496,30,4,9,0,0.000899550224887556,3335
15,9,6,3,64,0,0,0,65
29,11,18,6,52,0,0,0,396
4,2,2,2,64,0,0,0,87
16,8,8,2,156,2,0,0,605
42,33,9,3,52,0,0,0.00413223140495868,242
10,6,4,2,52,0,0,0.0175438596491228,57
22,13,9,4,64,0,0,0.0015220700152207,657
8,4,4,1,64,0,0,0,76
136,112,24,26,58,1,0,0,418
169,106,63,11,10,0,0,0.000388198757763975,2576
26,8,18,1,27,1,0,0,1257
15,4,11,1,116,0,0,0,646
12,8,4,2,118,1,0,0,1005
43,38,5,2,116,0,0,0,842
39,29,10,3,27,1,0,0,580
4,2,2,1,164,1,0,0,728
195,188,7,3,70,0,0,0,310
321,228,93,6,129,0,0,0,524
20,16,4,2,31,0,0,0,1223
10,5,5,1,164,1,0,0,800
101,57,44,3,166,0,0,0,591
50,29,21,2,58,0,0,0,692
4,2,2,1,164,1,0,0,308
5,0,5,1,119,0,0,0,276
4,3,1,2,1,1,0,0,1032
4,2,2,1,164,1,0,0,747
2,1,1,1,66,1,0,0,514
12,6,6,2,81,2,0,0,2008
30,15,15,2,98,1,0,0,1196
3,1,2,1,164,1,0,0,38
80,31,49,3,90,0,0,0,1135
69,58,11,3,86,0,0,0,501
4,2,2,1,164,1,0,0,530
2,1,1,1,164,1,0,0,106
