CODECHURN,LOCADDED,LOCDELETED,REVISIONS,AGE,BUGFIXES,REFACTORINGS,ERROR_DENSITY,LOC
9,9,0,1,133,0,0,0,113
6,3,3,1,106,1,0,0.00105207785376118,1901
62,26,36,3,25,1,0,0,2346
12,6,6,2,37,1,0,0.00112485939257593,889
279,220,59,8,105,2,0,0,2910
4,2,2,1,112,1,0,0,2031
20,18,2,2,117,1,0,0.000875656742556918,1142
45,25,20,2,147,1,0,0,1149
518,502,16,9,105,2,0,0.000492853622474125,2029
70,35,35,4,17,2,0,0.000886262924667651,3385
18,9,9,2,0,1,0,0,2162
3,2,1,2,102,1,0,0,417
12,6,6,1,102,1,0,0,312
7,7,0,1,168,0,0,0,505
33,22,11,3,33,1,0,0.001,1000
13,7,6,4,17,1,0,0.000765110941086458,1307
119,100,19,6,29,1,0,0,649
22,22,0,1,164,0,0,0,188
2,1,1,1,52,0,0,0,53
37,21,16,3,18,1,0,0.00352526439482961,851
0,0,0,1,17,0,0,0.00819672131147541,122
1,0,1,2,17,0,0,0.00970873786407767,103
16,8,8,2,59,0,0,0.000434404865334492,2302
14,13,1,2,177,1,0,0,2606
10,5,5,1,118,1,0,0.00216919739696312,461
6,6,0,1,162,0,0,0,98
4,2,2,1,163,1,0,0,512
4,2,2,1,111,1,0,0,2979
3,2,1,1,169,1,0,0,721
4,2,2,1,171,0,0,0,993
4,3,1,1,140,0,0,0,1191
3,1,2,1,86,1,0,0,1691
13,6,7,4,73,1,0,0.000650195058517555,1538
17,16,1,1,168,0,0,0,1034
625,439,186,22,23,2,0,0.00136425648021828,3665
1,1,0,1,63,0,0,0,80
542,282,260,20,51,4,0,0.00017174753112924,11645
3,1,2,1,75,0,0,0.000753012048192771,2656
5,0,5,1,72,0,0,0.000727802037845706,1374
107,53,54,3,52,1,0,0.00026246719160105,3810
42,28,14,4,39,1,0,0,3725
25,15,10,2,112,1,0,0,1376
2,1,1,1,59,1,0,0,920
4,3,1,1,59,1,0,0,1819
4,2,2,2,11,2,0,0.00028328611898017,3530
4,2,2,1,168,0,0,0,761
209,163,46,5,23,1,0,0.00336134453781513,1785
413,320,93,17,53,2,0,0.000433463372345037,4614
4,3,1,2,64,0,0,0,1725
16,7,9,2,84,0,0,0,527
90,90,0,1,48,0,0,0.00186567164179104,536
31,31,0,1,39,1,0,0.002997002997003,1001
5,5,0,1,48,0,0,0,49
81,80,1,2,118,1,0,0,594
45,35,10,1,50,0,0,0,329
109,100,9,1,136,1,0,0.00134048257372654,1492
272,221,51,4,26,1,0,0.00237717908082409,1262
21,12,9,4,44,1,0,0.000287686996547756,6952
6,3,3,1,112,1,0,0.000421940928270042,2370
65,19,46,5,36,1,0,0.000509857239972808,5884
25,15,10,1,162,0,0,0,1168
2,1,1,1,170,0,0,0,1386
28,14,14,4,44,1,0,0.000487448208627833,4103
8,5,3,2,42,0,0,0,1002
71,40,31,5,8,0,0,0,1259
16,8,8,2,132,0,0,0.00025766555011595,3881
85,80,5,5,147,0,0,0,150
14,4,10,1,161,0,0,0.00252525252525253,396
56,18,38,3,113,2,0,0,1095
18,15,3,2,63,0,0,0,3252
125,121,4,5,57,0,0,0,3538
4,4,0,1,168,0,0,0,412
6,4,2,2,100,1,0,0,5947
2,1,1,1,168,0,0,0,4824
11,8,3,2,130,1,0,0,253
20,20,0,2,11,0,0,0,404
2,1,1,1,168,0,0,0,2625
21,15,6,2,130,0,0,0,1620
4,4,0,1,63,0,0,0,577
12,10,2,2,31,0,0,0,1007
58,52,6,4,31,0,0,0,1467
233,169,64,6,57,0,0,0.000696540515439981,4307
8,4,4,3,24,0,0,0,8069
6,2,4,1,136,1,0,0,496
401,401,0,1,15,0,0,0.0013869625520111,721
257,256,1,2,1,0,0,0.000312695434646654,3198
574,487,87,9,24,0,0,0,2596
8,1,7,1,72,0,0,0,1205
14,8,6,1,168,0,0,0,1844
35,28,7,7,100,0,0,0,221
583,498,85,18,62,3,0,0,6457
1270,1243,27,5,24,0,0,0,3625
4,3,1,1,165,1,0,0,222
14,12,2,1,147,0,0,0,143
36,34,2,3,51,0,0,0.000691085003455425,2894
1,1,0,2,158,0,0,0,136
249,222,27,5,14,2,0,0.000515198351365276,1941
518,499,19,6,60,0,0,0.000537923614846692,1859
7,2,5,1,178,0,0,0,564
121,121,0,3,51,0,0,0.000675675675675676,2960
98,22,76,1,178,0,0,0,155
71,64,7,5,124,1,0,0,190
108,107,1,1,7,0,0,0.0028735632183908,348
322,217,105,7,14,2,0,0.000718907260963336,2782
3,1,2,1,84,0,0,0,2466
87,57,30,3,122,0,0,0,519
1635,1001,634,23,10,2,0,0.000174398325776073,11468
10,3,7,4,54,0,0,0,427
1,1,0,1,168,0,0,0,32
534,503,31,8,54,0,0,0,1047
67,52,15,5,159,0,0,0,138
1037,917,120,21,38,0,0,0.000951474785918173,1051
442,422,20,18,45,1,0,0,491
1734,1694,40,24,38,1,0,0,1949
511,495,16,26,38,0,0,0,624
1221,1206,15,8,60,0,0,0,1236
41,23,18,1,105,0,0,0,329
0,0,0,1,105,0,0,0,276
2,1,1,1,124,0,0,0,1755
59,43,16,5,0,2,0,0.00593471810089021,337
984,912,72,23,22,2,0,0.000941619585687382,1062
34,21,13,1,105,0,0,0,514
157,141,16,4,95,0,0,0.00451807228915663,664
343,280,63,27,22,1,0,0.00122774708410068,1629
15,15,0,2,113,0,0,0,101
0,0,0,1,105,0,0,0,76
6,2,4,2,69,0,0,0,2238
180,170,10,4,0,1,0,0.00355239786856128,563
104,97,7,5,118,2,0,0.00598802395209581,167
4,2,2,2,92,0,0,0,529
40,17,23,2,95,0,0,0,0
85,83,2,6,101,0,0,0.00847457627118644,118
0,0,0,1,107,0,0,0,40
184,138,46,9,95,3,0,0,1328
5,4,1,2,95,0,0,0,179
4,2,2,2,22,0,0,0,645
0,0,0,1,95,0,0,0,130
18,16,2,3,115,0,0,0,1320
208,181,27,4,95,2,0,0,524
183,178,5,9,19,1,0,0.00172117039586919,581
25,23,2,5,111,0,0,0,84
690,670,20,8,22,1,0,0,783
6,4,2,1,49,0,0,0,690
79,56,23,18,39,0,0,0.00274348422496571,729
1368,1105,263,26,13,1,0,0.000314762354422411,3177
57,57,0,4,19,0,0,0,477
646,313,333,10,106,0,0,0.00260416666666667,1536
172,130,42,4,120,0,0,0,182
49,29,20,2,120,1,0,0.00138504155124654,1444
58,47,11,7,39,0,0,0,1116
21,12,9,2,163,0,0,0.000348675034867503,2868
1107,706,401,14,20,2,0,0,878
11,6,5,3,20,1,0,0,281
74,46,28,8,39,1,0,0,2060
32,29,3,1,39,0,0,0,918
67,45,22,5,22,2,0,0,3505
7,2,5,1,28,1,0,0,754
10,9,1,1,122,1,0,0,1202
178,143,35,5,16,2,0,0,6974
13,11,2,3,25,2,0,0,1603
4,1,3,2,124,0,0,0,860
56,24,32,2,28,1,0,0,953
1,0,1,1,129,0,0,0,507
28,16,12,1,22,1,0,0.000753863550697324,2653
341,336,5,8,25,2,0,0.000282326369282891,3542
67,57,10,3,91,1,0,0,764
71,71,0,3,22,2,0,0.000875401225561716,3427
280,274,6,5,111,1,0,0.000668672684720829,2991
6,3,3,2,75,1,0,0,1234
11,10,1,1,170,0,0,0,601
46,34,12,1,151,0,0,0,1127
32,17,15,2,109,0,0,0,1568
169,169,0,3,100,0,0,0,442
75,54,21,1,167,0,0,0,851
7,6,1,1,49,0,0,0,115
4,2,2,1,164,0,0,0,1350
2,1,1,1,80,0,0,0,1101
2,2,0,1,164,0,0,0,70
4,2,2,1,59,0,0,0,936
4,2,2,1,164,0,0,0,588
4,2,2,1,164,0,0,0,1402
2,1,1,1,164,0,0,0,554
2,1,1,1,164,0,0,0,821
24,20,4,4,116,0,0,0,432
155,135,20,5,116,0,0,0,173
10,5,5,1,178,0,0,0,182
3,1,2,1,60,0,0,0,931
6,4,2,1,50,0,0,0,414
8,2,6,1,115,1,0,0,874
14,7,7,1,104,0,0,0,98
10,10,0,1,118,0,0,0,684
7,5,2,2,38,0,0,0,1050
23,21,2,2,151,0,0,0,1316
9,8,1,1,161,0,0,0,168
67,35,32,8,115,6,0,0,330
9,3,6,1,101,0,0,0,825
566,564,2,10,115,6,0,0,670
1,0,1,1,174,0,0,0,163
1,0,1,1,174,0,0,0,167
4,3,1,1,165,1,0,0,244
19,19,0,1,63,0,0,0,79
9,9,0,1,144,0,0,0,161
10,0,10,1,158,0,0,0,3785
1092,287,805,7,46,0,0,0,657
12,8,4,2,128,1,0,0,769
2,1,1,1,150,0,0,0,508
25,14,11,5,28,1,0,0.000459347726228755,2177
87,59,28,5,50,3,0,0.000712758374910905,1403
168,56,112,5,71,0,0,0,699
22,11,11,1,111,1,0,0,2810
2,1,1,1,45,1,0,0,852
277,194,83,6,29,2,0,0.000294550810014728,3395
93,37,56,5,49,1,0,0.000148720999405116,6724
9,4,5,4,56,0,0,0,502
64,59,5,4,134,1,0,0,1287
6,4,2,1,163,0,0,0,574
8,4,4,1,98,0,0,0,1385
32,11,21,1,71,0,0,0,2222
12,6,6,1,111,1,0,0,2877
240,221,19,8,50,3,0,0.000325520833333333,3072
88,88,0,1,150,0,0,0,360
296,283,13,5,31,2,0,0.00164473684210526,608
134,123,11,5,35,0,0,0.000626370184779205,3193
6938,6728,210,1,100,0,0,0,13575
16,7,9,3,70,0,0,0,512
440,306,134,24,22,1,0,0.000521920668058455,1916
77,65,12,6,27,0,0,0,1057
3,0,3,1,173,0,0,0,449
46,43,3,8,69,1,0,0,388
1145,770,375,25,22,2,0,0.000209248796819418,4779
1034,926,108,24,14,1,0,0,3722
43,27,16,3,69,0,0,0,251
2,1,1,1,27,0,0,0,507
86,86,0,6,14,0,0,0,676
12,12,0,1,142,0,0,0,1320
56,56,0,1,111,0,0,0,730
93,85,8,4,15,0,0,0.00224719101123596,445
599,487,112,10,15,3,0,0.000372162262746558,2687
6,0,6,1,76,0,0,0,1140
863,809,54,22,14,3,0,0,2185
6,6,0,1,16,0,0,0,392
16,10,6,4,20,1,0,0,437
215,43,172,3,170,1,0,0,314
567,523,44,10,45,2,0,0,1460
41,37,4,3,98,0,0,0,347
48,48,0,5,159,0,0,0,265
26,25,1,3,159,1,0,0.00338983050847458,295
1,0,1,2,157,0,0,0,246
12,12,0,2,159,0,0,0,179
1,1,0,2,159,0,0,0,48
17,15,2,1,122,0,0,0,294
42,40,2,1,122,0,0,0,556
4,3,1,1,122,0,0,0,899
49,48,1,2,118,0,0,0,137
111,105,6,4,25,0,0,0,1462
4,3,1,1,63,0,0,0,546
4,2,2,1,163,1,0,0,430
35,20,15,3,79,2,0,0,2822
89,64,25,3,79,2,0,0,358
2,1,1,1,99,0,0,0,596
70,36,34,2,99,0,0,0,3004
2,1,1,1,118,1,0,0,304
4,2,2,1,112,1,0,0,479
100,95,5,5,115,0,0,0,876
8,8,0,2,115,0,0,0,123
134,94,40,6,115,1,0,0.00105207785376118,1901
12,10,2,1,158,0,0,0.00110741971207087,903
32,32,0,1,159,0,0,0,1574
1,1,0,1,159,0,0,0,114
43,38,5,2,157,0,0,0,873
132,72,60,5,172,2,0,0.000807754442649435,1238
171,116,55,7,51,1,0,0,1132
17,14,3,2,51,1,0,0,829
3,1,2,1,76,0,0,0.000841042893187553,1189
1,1,0,1,51,0,0,0,944
19,15,4,6,51,2,0,0,462
344,261,83,11,51,1,0,0,4170
148,87,61,4,51,1,0,0,1768
32,29,3,1,175,0,0,0,1096
29,27,2,3,51,0,0,0.000921658986175115,2170
9,8,1,2,24,1,0,0,1029
165,164,1,7,51,1,0,0,575
50,37,13,1,174,0,0,0.000887311446317658,1127
3,2,1,1,156,0,0,0,528
2,1,1,1,22,0,0,0.00140646976090014,711
30,19,11,3,107,1,0,0.000736377025036819,2716
26,20,6,2,65,0,0,0,209
16,14,2,1,124,0,0,0,480
6,2,4,1,38,0,0,0.00203665987780041,491
6,3,3,3,150,2,0,0,518
14,13,1,3,116,1,0,0,318
1199,514,685,19,76,0,0,0,595
18,8,10,2,68,1,0,0.000727802037845706,1374
9,1,8,2,137,0,0,0.00444444444444444,225
68,41,27,1,137,0,0,0,2086
71,55,16,4,93,0,0,0,3800
6,2,4,2,63,0,0,0,1090
167,52,115,3,125,0,0,0,404
126,113,13,8,22,2,0,0.00111296605453534,1797
343,183,160,18,22,2,0,0.00059506099375186,3361
53,28,25,1,171,0,0,0,1673
21,17,4,3,18,1,0,0.000443852640923213,2253
12,3,9,1,169,0,0,0,399
1,1,0,1,144,1,0,0,890
170,85,85,1,110,0,0,0,1752
96,96,0,2,107,0,0,0.000879507475813544,1137
174,169,5,6,55,0,0,0,653
145,128,17,7,173,0,0,0,197
97,83,14,5,30,2,0,0.000317762948840165,3147
1051,984,67,14,76,0,0,0,1649
1987,1916,71,1,100,0,0,0,3925
409,381,28,10,68,4,0,0,836
3,3,0,1,39,0,0,0,2685
158,157,1,5,30,1,0,0.00173510699826489,1729
70,42,28,3,55,0,0,0,1596
118,91,27,7,38,2,0,0.000536480686695279,1864
2,1,1,1,174,1,0,0,332
236,226,10,9,24,5,0,0,1490
2,1,1,1,174,1,0,0,77
92,57,35,1,80,1,0,0,296
73,66,7,3,179,0,0,0,1284
100,54,46,2,8,1,0,0.00211416490486258,473
128,127,1,4,70,0,0,0,779
2,1,1,1,135,0,0,0,825
1,1,0,1,165,0,0,0,492
14,13,1,1,165,0,0,0,671
5,5,0,1,135,0,0,0,986
1,1,0,1,165,0,0,0,906
2,1,1,1,25,0,0,0,1183
6,5,1,2,59,0,0,0,891
20,11,9,4,16,0,0,0,2099
202,161,41,1,34,0,0,0,737
2,1,1,1,179,1,0,0,1547
8,8,0,1,125,0,0,0,2546
8,8,0,1,38,0,0,0,333
2,1,1,1,110,1,0,0,2001
12,6,6,1,111,1,0,0,2481
35,17,18,2,68,0,0,0,1456
7,7,0,1,179,0,0,0,133
144,106,38,4,167,1,0,0,1478
73,58,15,5,165,2,0,0,260
28,17,11,4,58,0,0,0,993
15,12,3,3,56,0,0,0.00149142431021626,1341
548,369,179,13,43,0,0,0.00313479623824451,957
7,6,1,4,43,0,0,0,39
117,35,82,4,45,1,0,0,1724
12,6,6,2,56,0,0,0.00112866817155756,1772
113,83,30,9,121,0,0,0,616
44,13,31,3,47,2,0,0,2019
0,0,0,1,167,0,0,0,144
1723,1654,69,13,22,3,0,0,1903
2,1,1,2,22,1,0,0,297
1172,1092,80,22,47,2,0,0.00074794315632012,1337
286,284,2,5,73,0,0,0,448
285,276,9,7,86,0,0,0,287
118,60,58,6,22,1,0,0,336
4,2,2,2,22,0,0,0,110
2,2,0,2,85,0,0,0,175
32,24,8,3,85,1,0,0,118
136,78,58,8,88,3,0,0.00374531835205993,267
7,4,3,2,32,0,0,0,761
70,49,21,1,26,0,0,0,1057
23,14,9,1,23,0,0,0,646
79,32,47,2,23,0,0,0,2341
2,1,1,1,26,0,0,0,98
10,5,5,3,69,0,0,0,924
5,3,2,2,115,0,0,0,449
5,3,2,2,56,0,0,0,774
2,1,1,1,103,1,0,0,455
2,1,1,1,103,1,0,0,901
27,12,15,1,76,0,0,0,494
275,210,65,5,105,0,0,0,546
13,13,0,1,105,0,0,0,39
0,0,0,1,120,0,0,0,139
4,2,2,1,111,1,0,0,1169
0,0,0,1,150,0,0,0,193
11,11,0,2,120,0,0,0,630
2,2,0,2,120,0,0,0,70
18,16,2,3,120,1,0,0,518
102,102,0,3,162,0,0,0,168
551,549,2,2,176,0,0,0,608
1631,1551,80,24,118,1,0,0,1539
152,135,17,4,161,0,0,0,969
4,2,2,1,111,1,0,0,645
252,170,82,9,111,1,0,0,1267
13,6,7,2,94,0,0,0,1264
7,1,6,1,169,0,0,0,551
26,10,16,4,69,1,0,0,834
12,5,7,2,157,0,0,0,200
48,42,6,9,70,0,0,0,2139
25,14,11,3,70,0,0,0,811
2,1,1,1,169,0,0,0,439
75,52,23,6,60,0,0,0.000526592943654555,1899
10,6,4,3,120,0,0,0,1218
2,1,1,1,169,0,0,0,596
160,120,40,10,27,0,0,0,1269
12,7,5,4,70,0,0,0,78
188,125,63,7,66,0,0,0,579
45,37,8,4,169,0,0,0,299
109,2,107,2,169,0,0,0,564
6,1,5,1,169,0,0,0,180
6,1,5,1,169,0,0,0,284
116,94,22,6,120,0,0,0,918
55,39,16,4,70,0,0,0,1231
2,1,1,1,169,0,0,0,1013
38,27,11,3,66,0,0,0,532
29,26,3,2,141,0,0,0,360
215,174,41,8,66,0,0,0,655
50,26,24,4,155,0,0,0,2705
6,1,5,1,169,0,0,0,590
6,1,5,1,169,0,0,0,331
67,56,11,3,66,0,0,0,475
235,219,16,8,41,0,0,0,2233
6,3,3,1,44,0,0,0,554
7,5,2,1,163,0,0,0.0021505376344086,465
59,48,11,27,78,0,0,0.000998003992015968,1002
11,8,3,3,125,0,0,0,722
226,167,59,9,105,0,0,0,1437
171,45,126,9,70,0,0,0.000598802395209581,1670
30,19,11,7,94,0,0,0,404
899,440,459,23,32,3,0,0.000351864883884588,2842
9,2,7,2,16,0,0,0,920
43,28,15,2,18,0,0,0,818
23,16,7,1,125,0,0,0,394
173,91,82,9,120,1,0,0,826
2,1,1,1,15,0,0,0,1041
5,2,3,1,169,0,0,0.00102669404517454,974
19,14,5,1,72,1,0,0,208
2,0,2,1,76,0,0,0,342
558,514,44,30,63,3,0,0.000146584579302257,6822
245,200,45,7,27,1,0,0,2034
967,637,330,12,18,0,0,0.000565824217276499,5302
147,71,76,1,173,0,0,0,363
133,116,17,6,69,2,0,0,2445
2,1,1,1,169,0,0,0,1879
24,20,4,3,94,1,0,0,909
3701,2364,1337,89,35,11,0,0.00120465801097577,7471
59,43,16,7,35,0,0,0.000874890638670166,1143
32,26,6,2,57,0,0,0,2424
448,342,106,7,78,1,0,0,1522
110,70,40,6,57,0,0,0.000655737704918033,1525
162,73,89,7,88,0,0,0.000474608448030375,2107
344,282,62,9,36,0,0,0,4118
73,50,23,7,80,0,0,0,456
800,599,201,20,35,3,0,0,1010
124,99,25,3,105,0,0,0,335
8,4,4,2,57,1,0,0,1021
321,29,292,9,49,0,0,0,797
137,122,15,8,35,0,0,0,1416
119,114,5,2,175,0,0,0,495
373,248,125,8,23,1,0,0,839
318,237,81,15,32,4,0,0.000264480296217932,3781
90,68,22,39,35,5,0,0.00589225589225589,1188
8,4,4,2,126,0,0,0,1047
690,520,170,13,57,5,0,0.00209995800083998,2381
115,90,25,5,73,1,0,0.000438020148926851,2283
4,2,2,1,57,0,0,0,377
16,3,13,3,88,0,0,0,576
105,69,36,14,88,3,0,0,587
66,26,40,4,88,0,0,0.0015015015015015,666
3,0,3,1,147,0,0,0,967
105,58,47,3,35,0,0,0.000679347826086957,2944
55,52,3,6,7,0,0,0.00110253583241455,2721
333,326,7,8,35,0,0,0.000222074172773706,9006
2520,2392,128,41,14,5,0,0.000311526479750779,9630
427,402,25,7,15,2,0,0.000351833934382971,11369
48,38,10,4,52,1,0,0.000582508113505867,12017
504,478,26,20,7,12,0,0.000833333333333333,1200
102,81,21,5,7,1,0,0.000289771080846132,3451
4,2,2,1,147,0,0,0,296
68,42,26,7,53,0,0,0,237
4,4,0,1,35,0,0,0,732
5,5,0,1,163,0,0,0,56
9,6,3,1,161,0,0,0,509
2,0,2,2,24,0,0,0,42
0,0,0,1,125,0,0,0,37
0,0,0,1,126,0,0,0,37
219,194,25,13,35,2,0,0,206
152,140,12,10,24,2,0,0.0107913669064748,278
44,44,0,1,94,0,0,0,1257
17,13,4,1,94,0,0,0,513
13,10,3,1,94,0,0,0,173
23,11,12,3,91,1,0,0,247
17,17,0,1,72,0,0,0,405
269,269,0,3,21,0,0,0.000703729767769177,1421
49,45,4,3,93,2,0,0,328
191,172,19,4,65,0,0,0,773
88,73,15,6,87,0,0,0.000577867668303958,3461
91,88,3,6,40,0,0,0,598
1801,1206,595,23,18,7,0,0,1254
41,19,22,6,49,2,0,0,128
243,235,8,6,65,1,0,0.000670690811535882,1491
300,235,65,10,40,1,0,0,1816
4,2,2,1,65,0,0,0,188
100,84,16,13,40,3,0,0,841
33,25,8,2,50,0,0,0,1258
419,406,13,17,85,0,0,0,584
123,108,15,4,81,1,0,0,628
545,498,47,14,63,3,0,0.00130378096479791,767
9,7,2,1,72,0,0,0,122
275,245,30,2,21,0,0,0,400
11,11,0,1,50,0,0,0,68
22,19,3,3,24,0,0,0.00067842605156038,1474
2,1,1,1,53,0,0,0,456
708,625,83,9,7,4,0,0.00160513643659711,623
166,155,11,4,22,1,0,0,202
135,108,27,3,38,0,0,0,950
42,42,0,1,85,0,0,0,246
542,499,43,13,24,0,0,0.00231481481481481,1296
81,68,13,1,80,0,0,0,350
73,70,3,2,80,0,0,0,730
861,699,162,22,36,5,0,0.00116414435389988,1718
1,1,0,1,175,1,0,0,74
35,11,24,3,60,1,0,0,1422
142,140,2,2,38,0,0,0,69
79,34,45,5,38,2,0,0,588
11,7,4,3,149,0,0,0.00177304964539007,564
10,4,6,1,163,0,0,0,314
233,129,104,8,149,0,0,0,805
245,128,117,8,149,0,0,0,789
4,2,2,1,111,1,0,0,655
6,3,3,2,149,0,0,0.00187265917602996,534
824,480,344,28,18,4,0,0.0033112582781457,2416
8,4,4,2,149,0,0,0,229
86,46,40,5,118,0,0,0.00375,800
6,3,3,2,149,0,0,0.00187617260787992,533
9,6,3,3,23,0,0,0,185
6,3,3,2,149,0,0,0.00291545189504373,343
2,1,1,1,111,1,0,0.00523560209424084,191
6,5,1,3,18,0,0,0.0234375,256
194,108,86,17,18,3,0,0.00447427293064877,1788
15,8,7,2,149,0,0,0,332
35,19,16,2,149,0,0,0.00180831826401447,553
21,13,8,2,149,0,0,0,307
8,4,4,2,149,0,0,0,619
21,10,11,3,33,0,0,0.00715990453460621,419
73,68,5,2,88,1,0,0,812
93,45,48,3,19,1,0,0.000350017500875044,2857
6,3,3,2,149,0,0,0.00408163265306122,245
1450,1324,126,34,11,3,0,0.00211939244083363,5662
1,1,0,1,176,1,0,0,516
10,10,0,1,25,0,0,0,599
234,129,105,8,149,0,0,0,806
4,2,2,1,163,0,0,0,727
98,62,36,5,23,1,0,0,814
0,0,0,1,163,0,0,0,39
65,65,0,3,91,0,0,0,458
5,3,2,1,156,0,0,0,448
180,173,7,3,47,0,0,0,3206
24,8,16,1,40,0,0,0,629
1,1,0,1,132,0,0,0,3023
23,17,6,4,24,1,0,0,1462
32,27,5,3,25,1,0,0,2916
538,399,139,23,17,5,0,0,2246
12,12,0,1,161,0,0,0,616
168,165,3,6,38,1,0,0,2879
127,105,22,5,54,0,0,0.00597014925373134,335
51,47,4,6,18,0,0,0.000510464522715671,1959
1,1,0,1,175,0,0,0.00790513833992095,253
27,15,12,1,16,0,0,0,701
43,31,12,5,63,1,0,0.00185528756957328,539
45,22,23,4,105,3,0,0,1403
25,13,12,2,95,0,0,0,1078
4,3,1,1,156,0,0,0,506
46,45,1,3,112,0,0,0,1211
2,1,1,1,111,1,0,0,2140
16,8,8,1,148,0,0,0,1796
10,5,5,2,10,2,0,0,1388
55,41,14,4,22,1,0,0,1128
75,63,12,4,24,2,0,0,2575
388,245,143,10,25,2,0,0,3113
31,0,31,2,65,0,0,0,797
10,3,7,1,179,1,0,0,1467
2,1,1,1,81,0,0,0,589
14,8,6,2,117,1,0,0.00105932203389831,944
143,89,54,3,16,1,0,0,1482
142,81,61,8,72,0,0,0,1489
3928,3830,98,2,100,0,0,0,7174
194,181,13,5,10,2,0,0.00410846343467543,1217
41,39,2,2,7,0,0,0,761
23,23,0,1,30,0,0,0,345
188,137,51,1,107,0,0,0,402
790,718,72,14,134,5,0,0,1268
80,79,1,2,164,0,0,0,1117
13,10,3,2,63,0,0,0.0005249343832021,1905
116,100,16,4,54,0,0,0,1252
76,19,57,4,99,1,0,0.00170212765957447,1175
8,4,4,1,179,1,0,0,1035
6,3,3,1,88,0,0,0,728
19,13,6,5,30,1,0,0.00108538350217077,2764
5,1,4,1,75,0,0,0,446
174,153,21,8,19,0,0,0,1533
4,2,2,1,87,0,0,0,2679
4,2,2,1,51,0,0,0,2080
22,12,10,1,77,0,0,0,1349
9,3,6,4,59,0,0,0,4171
11,5,6,2,83,0,0,0,2049
2,1,1,1,76,1,0,0,2220
29,19,10,1,101,1,0,0,415
40,25,15,2,51,2,0,0,755
177,1,176,2,76,1,0,0,526
361,157,204,2,137,0,0,0,1041
45,21,24,1,74,0,0,0,2061
11,10,1,2,57,0,0,0,1668
396,171,225,8,59,1,0,0,2934
56,39,17,1,101,0,0,0,2033
570,42,528,3,100,0,0,0,828
11,10,1,2,53,0,0,0.000376789751318764,2654
2012,1460,552,29,50,3,0,0,9172
69,57,12,12,73,0,0,0,619
241,239,2,4,59,1,0,0,411
233,206,27,5,51,2,0,0,518
70,65,5,3,57,0,0,0,2019
57,56,1,2,53,0,0,0.00168067226890756,595
167,165,2,5,71,1,0,0,2925
2,1,1,1,98,0,0,0.00130208333333333,768
48,30,18,1,52,1,0,0,3100
451,306,145,5,67,2,0,0.000398883127243718,2507
80,47,33,5,58,1,0,0.00082135523613963,2435
6,6,0,1,118,0,0,0,556
2,1,1,1,118,1,0,0,273
299,292,7,7,118,4,0,0,1115
168,156,12,6,0,1,0,0.000834028356964137,1199
68,68,0,3,119,0,0,0,1546
3,3,0,3,119,0,0,0,45
887,815,72,36,0,6,0,0.00314889788573999,2223
24,24,0,1,141,0,0,0.00066006600660066,1515
15,12,3,4,38,3,0,0.00184842883548983,541
87,68,19,8,53,2,0,0.000115660421003932,8646
68,53,15,8,45,2,0,0.000157109190887667,6365
2,1,1,1,177,0,0,0,2201
191,108,83,14,0,3,0,0.000386946988262608,7753
1,1,0,1,144,0,0,0,614
1962,1551,411,52,55,6,0,0.000392695857058708,5093
41,27,14,1,141,0,0,0.000433463372345037,2307
30,18,12,5,38,4,0,0.000377643504531722,2648
167,81,86,5,63,3,0,0.000332336324360253,6018
63,37,26,6,45,2,0,0,7858
89,86,3,6,50,2,0,0,972
1209,1064,145,14,52,1,0,0,2401
352,152,200,2,106,0,0,0,1025
1276,1244,32,2,127,0,0,0,17898
220,219,1,5,24,0,0,0,980
22,22,0,2,167,0,0,0,1235
23,23,0,1,167,0,0,0,1001
12,12,0,1,166,0,0,0,348
12,6,6,2,32,0,0,0.0158730158730159,63
29,23,6,2,24,1,0,0,376
6,3,3,1,58,0,0,0,40
76,55,21,3,58,0,0,0,1000
1,1,0,1,162,0,0,0,185
6,3,3,1,66,0,0,0,618
1,1,0,1,162,0,0,0,41
8,7,1,2,55,1,0,0,330
1124,1073,51,14,66,1,0,0,1475
4,2,2,2,55,0,0,0,338
6,3,3,3,55,1,0,0.00292397660818713,342
11,3,8,4,57,1,0,0.00209205020920502,1434
474,202,272,4,55,0,0,0,921
4,4,0,1,55,0,0,0,62
317,190,127,5,47,2,0,0.00275103163686382,1454
3,3,0,1,74,0,0,0,194
3,2,1,1,136,0,0,0,1408
36,16,20,2,57,0,0,0.000180701120346946,5534
11,8,3,2,101,0,0,0,1811
4,2,2,2,57,1,0,0.00112994350282486,885
3,0,3,1,66,0,0,0.00123456790123457,810
99,36,63,1,55,0,0,0.00168634064080944,593
5,1,4,2,57,0,0,0,1864
2,1,1,1,57,0,0,0,204
10,7,3,4,118,1,0,0,234
4,2,2,1,57,0,0,0,115
153,65,88,2,55,0,0,0,651
8,6,2,2,55,0,0,0,54
160,73,87,8,55,0,0,0.00220361392684002,2269
3,2,1,1,178,1,0,0,169
8,8,0,1,74,0,0,0,52
26,13,13,6,63,0,0,0,1625
151,72,79,9,8,1,0,0,4951
3,1,2,2,139,0,0,0,334
83,29,54,3,58,0,0,0,1345
49,22,27,1,162,0,0,0,2627
69,33,36,3,58,1,0,0,1902
2,1,1,1,60,0,0,0,1216
11,8,3,1,172,0,0,0,948
63,59,4,3,60,1,0,0,7132
2,2,0,1,172,0,0,0,438
2,0,2,1,58,0,0,0,443
35,26,9,5,53,1,0,0,808
21,21,0,1,116,0,0,0.00197628458498024,506
20,18,2,2,100,0,0,0,341
78,40,38,1,100,0,0,0,646
836,544,292,12,83,3,0,0,7246
7,3,4,1,63,0,0,0,417
4,2,2,1,60,0,0,0,1961
2,1,1,1,57,0,0,0,1916
8,8,0,1,178,1,0,0,243
3,3,0,1,109,0,0,0,614
6,3,3,1,178,1,0,0,1964
134,132,2,2,60,0,0,0,1029
64,64,0,1,100,0,0,0,1173
957,897,60,1,100,0,0,0,1865
211,201,10,5,112,2,0,0.000412711514651259,2423
59,57,2,3,135,1,0,0,881
33,33,0,2,115,0,0,0,1634
37,37,0,2,57,0,0,0,527
4,4,0,1,123,0,0,0,105
68,53,15,6,53,0,0,0,4572
44,22,22,4,110,1,0,0,1003
0,0,0,1,123,0,0,0,89
504,401,103,15,57,6,0,0.000348310693138279,2871
0,0,0,1,66,0,0,0,48
2,1,1,1,88,0,0,0,77
22,11,11,2,66,0,0,0,2066
9,5,4,2,66,0,0,0,1462
2,1,1,1,66,0,0,0,1189
8,4,4,2,66,0,0,0,176
22,11,11,1,88,0,0,0,251
12,12,0,1,125,0,0,0,3986
5,5,0,2,111,0,0,0,639
60,54,6,3,102,0,0,0,1634
66,52,14,3,31,0,0,0,1601
13,10,3,1,135,0,0,0,1722
25,14,11,3,30,0,0,0,710
69,69,0,2,19,0,0,0,419
62,62,0,1,102,0,0,0,762
98,88,10,2,31,0,0,0,738
341,338,3,5,30,0,0,0,456
2,1,1,1,22,1,0,0,630
2,1,1,1,138,1,0,0,533
97,82,15,6,17,0,0,0,824
21,19,2,1,26,0,0,0,673
153,135,18,11,7,0,0,0.0040650406504065,246
5,4,1,2,2,1,0,0.0037243947858473,537
392,347,45,10,17,1,0,0,1117
77,35,42,3,125,0,0,0,971
2,2,0,3,7,0,0,0,0
17,17,0,7,26,0,0,0,334
21,21,0,1,89,0,0,0,463
4,2,2,1,136,0,0,0,168
304,228,76,4,26,1,0,0.000783699059561128,2552
114,114,0,1,59,0,0,0,238
47,32,15,5,18,0,0,0,1178
67,54,13,1,165,0,0,0,694
37,28,9,1,108,0,0,0,141
101,40,61,2,98,0,0,0,467
4,2,2,2,117,0,0,0,475
25,15,10,4,28,0,0,0,895
31,24,7,2,21,1,0,0,194
65,31,34,2,110,1,0,0,434
2,1,1,1,117,1,0,0,569
50,33,17,5,51,0,0,0.000417014178482068,2398
2,1,1,1,135,0,0,0,276
9,8,1,2,89,1,0,0,763
30,20,10,4,0,1,0,0.0016220600162206,1233
1,1,0,1,101,0,0,0,209
77,59,18,4,77,0,0,0,2753
36,19,17,3,101,0,0,0,657
48,27,21,2,110,0,0,0,2250
40,39,1,2,133,0,0,0,2504
3,2,1,1,89,0,0,0,77
224,137,87,6,18,0,0,0,957
4,2,2,2,21,1,0,0,1641
129,57,72,2,89,0,0,0,998
29,16,13,1,89,0,0,0,696
169,148,21,6,89,0,0,0,444
128,68,60,4,18,1,0,0.000410004100041,2439
54,50,4,2,110,1,0,0,2053
22,21,1,2,143,0,0,0.000554323725055432,1804
45,35,10,3,89,0,0,0,579
1593,1105,488,28,80,3,0,0,3277
8,6,2,3,71,0,0,0,218
132,132,0,1,122,0,0,0.00151285930408472,661
126,87,39,2,70,1,0,0,244
20,12,8,3,115,1,0,0,155
0,0,0,1,6,0,0,0,0
1996,1921,75,2,20,1,0,0,3867
0,0,0,1,132,0,0,0,294
33,26,7,2,70,1,0,0,741
255,170,85,5,77,2,0,0.00111111111111111,900
323,139,184,3,22,1,0,0,862
148,124,24,4,87,1,0,0,227
286,267,19,5,24,0,0,0.000909504320145521,2199
165,147,18,7,143,4,0,0.000415282392026578,2408
472,318,154,9,25,0,0,0.00280898876404494,2136
362,344,18,16,22,1,0,0.00131752305665349,759
2,1,1,1,110,1,0,0,544
6,3,3,1,135,0,0,0,546
6,3,3,1,168,0,0,0,295
720,507,213,24,43,8,0,0,5080
108,40,68,3,59,0,0,0,2434
32,21,11,2,57,1,0,0.000362450163102573,2759
113,86,27,1,100,0,0,0,240
34,29,5,2,122,1,0,0,643
1578,1339,239,17,24,7,0,0.00123864574731627,2422
144,97,47,2,135,0,0,0,1392
42,42,0,1,166,0,0,0.0021505376344086,465
51,45,6,2,120,1,0,0.00195121951219512,1025
199,191,8,5,88,2,0,0,249
630,480,150,22,9,0,0,0.000699300699300699,1430
95,91,4,2,88,1,0,0,555
254,173,81,16,9,2,0,0.000396667988893296,2521
62,58,4,1,179,0,0,0,352
29,29,0,1,179,0,0,0,276
14,14,0,2,80,0,0,0,75
85,63,22,3,73,1,0,0.0012453300124533,1606
4,2,2,1,99,0,0,0,1301
5,4,1,1,87,0,0,0,374
9,9,0,1,120,0,0,0,416
2,1,1,1,99,0,0,0,609
109,66,43,3,126,2,0,0,1320
320,281,39,1,100,0,0,0,629
343,253,90,8,57,1,0,0,1547
38,34,4,2,85,0,0,0.000321853878339234,3107
98,71,27,4,85,1,0,0,734
7,5,2,1,161,0,0,0,377
5183,4205,978,42,0,2,0,0.00453661697990927,1543
199,155,44,5,58,1,0,0.000640820249919897,3121
58,55,3,5,15,0,0,0,809
3174,3032,142,40,0,0,0,0.0150891632373114,729
4,2,2,1,99,0,0,0,863
3,2,1,1,99,0,0,0,215
2,1,1,1,118,1,0,0,162
214,210,4,4,22,1,0,0,244
2,1,1,2,148,0,0,0,823
46,12,34,3,70,0,0,0,2700
223,182,41,7,53,0,0,0,3403
16,6,10,2,158,0,0,0,128
45,38,7,2,163,0,0,0,2169
51,24,27,4,59,1,0,0,1126
4,2,2,2,54,1,0,0,409
10,5,5,1,163,0,0,0,1230
10,8,2,1,173,0,0,0,2230
11,7,4,2,158,0,0,0.0040650406504065,246
1934,898,1036,34,30,5,0,0.00188465887674331,2653
63,59,4,3,22,0,0,0,1126
2,1,1,1,149,0,0,0,465
10,6,4,3,154,1,0,0.000941619585687382,1062
32,20,12,8,56,0,0,0.000512820512820513,1950
46,35,11,3,56,0,0,0,855
21,11,10,4,83,2,0,0,4978
22,21,1,1,50,0,0,0,744
8,4,4,1,163,0,0,0,899
27,19,8,3,66,0,0,0,1194
2,1,1,1,59,0,0,0,3151
8,4,4,1,88,0,0,0,455
39,24,15,4,96,1,0,0,5339
814,691,123,14,108,0,0,0,4290
4,3,1,1,173,0,0,0,701
110,57,53,3,25,0,0,0,541
6,3,3,1,51,0,0,0.000589970501474926,1695
5,4,1,2,58,0,0,0,1559
12,6,6,1,163,0,0,0,253
2,1,1,1,163,0,0,0,334
2,1,1,1,113,0,0,0,2063
23,10,13,2,0,0,0,0,2744
12,4,8,3,15,1,0,0,3193
31,22,9,1,29,1,0,0,903
113,108,5,4,55,1,0,0.00383141762452107,522
437,360,77,14,41,0,0,0.000570450656018254,1753
99,79,20,2,29,0,0,0,493
747,551,196,7,22,2,0,0,2785
151,133,18,8,10,1,0,0.000786163522012579,1272
149,145,4,6,76,2,0,0,2471
3708,3597,111,1,100,0,0,0,7329
107,84,23,2,99,0,0,0,3283
267,230,37,8,17,2,0,7.92644261255549e-05,12616
20,17,3,2,113,1,0,0,455
233,184,49,16,51,6,0,0.000163639338897071,6111
16,8,8,1,88,0,0,0,1752
6,4,2,2,109,0,0,0,406
16,7,9,4,56,0,0,0,304
64,43,21,9,28,0,0,0.000568990042674253,3515
17,9,8,2,94,1,0,0.00114198705748002,2627
38,3,35,1,158,0,0,0,1172
6,6,0,1,164,0,0,0,211
60,60,0,3,136,0,0,0,215
228,142,86,4,22,1,0,0,885
0,0,0,1,71,0,0,0,437
796,693,103,8,50,0,0,0,742
0,0,0,1,58,0,0,0,1455
1356,882,474,19,24,2,0,0.000569151963574274,1757
292,220,72,19,56,3,0,0,1991
27,26,1,5,56,0,0,0,50
3,3,0,3,111,0,0,0,139
8,7,1,1,24,0,0,0,83
2,1,1,1,137,0,0,0,1393
26,9,17,1,149,0,0,0,675
2,1,1,1,74,1,0,0,602
56,45,11,3,50,0,0,0,363
4,2,2,1,163,1,0,0,424
308,177,131,3,0,0,0,0,1046
2,2,0,2,39,0,0,0,179
39,31,8,1,98,0,0,0.00104058272632674,961
100,94,6,4,80,0,0,0.00392156862745098,255
22,20,2,1,98,0,0,0.00189393939393939,528
70,54,16,3,55,1,0,0,835
30,24,6,3,80,0,0,0,438
40,32,8,2,51,0,0,0,1095
34,31,3,3,53,1,0,0.00166389351081531,601
21,21,0,1,119,0,0,0,300
248,216,32,7,90,1,0,0,1475
104,95,9,12,39,0,0,0,1019
100,79,21,4,80,1,0,0.00175746924428822,569
314,304,10,6,39,0,0,0,0
861,807,54,16,48,1,0,0.00114942528735632,870
7,7,0,3,39,0,0,0,46
90,47,43,5,24,0,0,0,748
7,2,5,2,35,0,0,0,205
2,1,1,1,35,0,0,0,956
146,65,81,6,85,0,0,0,1395
7,4,3,2,85,0,0,0,792
16,6,10,2,85,0,0,0,1014
19,4,15,4,24,0,0,0,1207
17,10,7,3,24,1,0,0,2555
57,24,33,6,110,1,0,0,1037
8,8,0,2,99,0,0,0,135
1,0,1,1,174,0,0,0,35
1163,806,357,39,52,3,0,0.000139159476760367,7186
225,110,115,6,52,0,0,0,1181
97,72,25,6,60,0,0,0.00185873605947955,538
527,402,125,26,43,1,0,0.00129954515919428,1539
1929,977,952,57,0,1,0,0.00220555800617556,2267
362,193,169,7,74,0,0,0,571
2540,1321,1219,106,8,3,0,0.000703135986499789,7111
3050,1746,1304,74,0,3,1,0.000372093023255814,5375
209,106,103,22,0,1,0,0.000889679715302491,1124
867,628,239,25,22,2,0,0,5223
199,99,100,6,52,0,0,0,866
35,33,2,1,94,0,0,0.0043859649122807,228
549,352,197,12,52,0,0,0,645
10,1,9,2,103,0,0,0,249
67,53,14,12,14,1,0,0,2288
7,5,2,1,144,0,0,0,683
4,2,2,1,144,0,0,0,432
989,508,481,37,52,0,0,0.000682128240109141,5864
75,37,38,4,44,2,0,0,1376
4233,1878,2355,109,22,7,0,0.00124636476942252,4814
355,197,158,9,46,1,0,0.000520291363163372,1922
154,9,145,5,46,1,0,0,559
388,186,202,36,18,1,0,0.0010482180293501,954
26,13,13,4,81,1,0,0.00523560209424084,191
30,17,13,3,56,0,0,0,269
256,145,111,8,74,0,0,0,625
1320,798,522,40,14,1,0,0.000321750321750322,3108
12,11,1,1,94,0,0,0,120
15,8,7,3,52,0,0,0.00238095238095238,420
195,115,80,4,74,0,0,0,480
5347,2869,2478,20,0,2,0,0.000221827861579414,4508
54,28,26,3,94,1,0,0.002,500
617,352,265,120,46,4,0,0.00133022946458264,3007
23,18,5,2,86,0,0,0,2125
46,11,35,1,86,0,0,0,58
0,0,0,1,86,0,0,0,0
30,20,10,3,52,1,0,0,2423
63,17,46,1,86,0,0,0,122
3,0,3,1,86,0,0,0,25
4,2,2,1,22,1,0,0.00179856115107914,556
14,7,7,1,118,0,0,0,111
798,592,206,5,49,2,0,0.000975609756097561,1025
10,5,5,2,50,0,0,0,1502
48,12,36,2,86,0,0,0,61
0,0,0,1,86,0,0,0,0
24,16,8,3,57,0,0,0,3195
222,102,120,6,73,0,0,0,1775
6,4,2,1,86,0,0,0,1561
14,9,5,2,0,0,0,0,258
71,12,59,2,86,0,0,0,63
12,0,12,1,86,0,0,0,39
7,4,3,1,22,0,0,0,306
2,1,1,1,76,1,0,0,258
6,4,2,1,84,0,0,0,454
123,87,36,5,79,0,0,0,430
19,10,9,2,44,0,0,0,719
1,1,0,1,81,0,0,0,491
15,5,10,1,126,0,0,0,792
4,2,2,1,154,0,0,0,1024
8,4,4,1,84,0,0,0,903
9,7,2,1,84,0,0,0,528
17,10,7,1,71,0,0,0,138
2,1,1,1,22,0,0,0,669
489,418,71,2,28,0,0,0,656
2,1,1,1,22,0,0,0,1218
384,213,171,6,85,0,0,0,1710
26,15,11,1,101,0,0,0,525
11,5,6,3,83,0,0,0,3293
2,1,1,1,67,0,0,0,266
57,37,20,13,44,6,0,0,5108
48,31,17,6,17,0,0,0.000697836706210747,1433
17,9,8,1,106,0,0,0.000627746390458255,1593
135,80,55,6,110,1,0,0,1469
10,9,1,1,31,0,0,0,449
130,67,63,7,17,0,0,0,2787
1121,480,641,14,17,1,0,0.00099403578528827,1006
141,107,34,8,59,1,0,0.000248015873015873,4032
8,5,3,1,150,1,0,0,1409
2,1,1,1,110,1,0,0,476
2,1,1,1,175,0,0,0,441
564,397,167,31,17,3,0,0,2674
49,32,17,15,17,1,0,0,833
11,8,3,5,17,0,0,0,733
32,20,12,2,72,0,0,0.00150829562594268,663
250,115,135,7,22,1,0,0,637
933,551,382,26,17,1,0,0,2456
102,88,14,4,60,0,0,0.00192122958693564,1041
541,310,231,4,85,0,0,0.000467508181393174,2139
258,228,30,8,60,0,0,0,1546
7,6,1,1,149,1,0,0,397
19,19,0,1,122,1,0,0,593
1250,1155,95,13,39,0,0,0,2094
2,1,1,1,122,1,0,0,484
10,8,2,4,60,0,0,0,298
4,2,2,1,15,0,0,0,819
6,3,3,1,52,0,0,0,3948
98,75,23,10,15,4,0,0.000201938610662359,4952
500,433,67,14,51,2,0,0,4263
4,3,1,3,52,0,0,0,454
27,21,6,4,17,0,0,0.00229885057471264,870
14,10,4,1,161,1,0,0,1024
1375,1300,75,1,100,0,0,0,2667
116,112,4,2,52,1,0,0,3007
369,336,33,7,58,2,0,0,1175
38,19,19,1,36,1,0,0,955
46,22,24,3,86,2,0,0.000271665308340125,3681
2,2,0,1,60,1,0,0,399
5,2,3,1,129,0,0,0,630
136,54,82,7,83,0,0,0,611
257,137,120,9,58,0,0,0.000873362445414847,2290
35,21,14,3,19,0,0,0.000730460189919649,1369
7,4,3,1,121,0,0,0,572
5,0,5,1,83,0,0,0.00139082058414465,719
0,0,0,1,21,0,0,0,3504
443,386,57,11,10,2,0,0.002002002002002,999
323,257,66,14,45,6,0,0,670
181,180,1,1,172,1,0,0,632
1,1,0,1,83,1,0,0,219
8,0,8,2,68,0,0,0,1458
66,27,39,3,56,0,0,0.00225225225225225,444
5,0,5,2,107,0,0,0,168
215,124,91,16,107,5,0,0,2859
7,5,2,1,149,0,0,0,44
8,4,4,1,149,0,0,0,56
14,14,0,1,0,0,0,0,103
90,64,26,2,30,0,0,0,7636
229,211,18,9,29,6,0,0,2895
2,1,1,1,110,1,0,0,2383
574,298,276,19,137,2,0,0,1120
17,13,4,2,60,1,0,0,1156
4,2,2,1,163,1,0,0,424
317,255,62,11,14,2,0,0.00051150895140665,5865
1056,922,134,11,24,6,0,0.000974896417255667,4103
9,9,0,1,73,0,0,0,233
4,2,2,1,163,1,0,0,430
2,1,1,1,49,0,0,0,221
10,8,2,2,11,0,0,0,134
539,497,42,10,172,0,0,0,493
651,587,64,13,170,2,0,0,623
10,5,5,3,118,2,0,0,46
10,10,0,1,35,0,0,0,5203
2,1,1,1,151,0,0,0,802
2,2,0,1,114,0,0,0,563
56,56,0,4,165,0,0,0,266
1217,1217,0,9,168,0,0,0.000329706561160567,3033
2,2,0,2,24,0,0,0,54
99,99,0,4,113,0,0,0,394
100,100,0,2,88,0,0,0.0141843971631206,141
199,194,5,8,119,2,0,0,349
7,7,0,2,0,0,0,0,39
8,7,1,1,93,1,0,0,406
6,6,0,1,116,0,0,0,107
9,8,1,2,116,0,0,0,35
60,57,3,8,19,0,0,0,1245
6,5,1,3,85,1,0,0,62
2,1,1,2,118,1,0,0,105
8,8,0,1,152,0,0,0,78
2,1,1,1,152,1,0,0,1195
7,7,0,1,60,0,0,0,143
2,1,1,1,135,1,0,0,60
3,2,1,2,111,1,0,0,719
5,4,1,2,63,2,0,0,138
3,3,0,1,115,0,0,0,473
3,3,0,2,115,0,0,0,2520
21,21,0,2,169,0,0,0,2556
8,8,0,2,151,0,0,0,676
9,9,0,1,136,0,0,0,277
6,3,3,1,104,0,0,0,62
4,2,2,1,8,1,0,0,130
5,5,0,1,30,0,0,0,179
4,4,0,1,76,0,0,0,146
55,55,0,1,76,0,0,0,155
13,7,6,1,30,0,0,0,37
49,45,4,1,97,0,0,0,108
2,0,2,1,30,0,0,0,50
16,16,0,1,30,0,0,0,249
25,21,4,6,21,1,0,0,281
58,34,24,1,30,0,0,0,141
28,28,0,1,51,0,0,0,184
16,16,0,1,30,0,0,0,421
5,4,1,1,69,0,0,0,186
82,82,0,1,92,0,0,0,480
4,4,0,1,117,0,0,0,390
83,83,0,1,93,0,0,0,1202
2,1,1,1,112,0,0,0,543
10,10,0,2,167,0,0,0,222
2,1,1,2,118,1,0,0,34
4,4,0,1,168,1,0,0.0142857142857143,70
0,0,0,1,74,0,0,0,32
1,1,0,1,178,1,0,0,29
13,12,1,2,53,0,0,0,179
162,134,28,5,18,1,0,0,1672
56,55,1,6,40,1,0,0,1104
2,2,0,1,112,0,0,0,827
8,8,0,1,108,0,0,0,54
4,4,0,2,164,0,0,0,59
3,2,1,1,98,0,0,0,271
1,1,0,1,164,0,0,0,280
121,67,54,5,36,0,0,0,2560
25,10,15,3,28,0,0,0,4473
129,19,110,1,99,0,0,0,272
27,8,19,2,70,0,0,0,199
19,6,13,1,92,0,0,0,469
114,102,12,7,16,2,0,0,5492
92,57,35,3,98,0,0,0,612
33,1,32,1,92,0,0,0,311
3,1,2,1,50,0,0,0,563
1,0,1,1,108,0,0,0,62
98,96,2,6,74,1,0,0,2588
34,34,0,2,8,0,0,0,3801
3,3,0,1,58,0,0,0,1714
23,11,12,3,57,1,0,0,5485
3,3,0,1,148,0,0,0,186
74,35,39,2,104,0,0,0,1074
18,9,9,1,104,0,0,0,726
292,292,0,1,32,0,0,0,1806
124,121,3,6,15,1,0,0,2653
3,3,0,1,8,0,0,0,5109
12,6,6,2,44,0,0,0,271
2,1,1,1,50,0,0,0,39
8,4,4,1,95,0,0,0,403
101,67,34,1,71,0,0,0,717
101,67,34,1,71,0,0,0,717
101,67,34,1,71,0,0,0,717
101,67,34,1,71,0,0,0,750
101,67,34,1,71,0,0,0,717
101,67,34,1,71,0,0,0,750
101,67,34,1,71,0,0,0,717
101,67,34,1,71,0,0,0,717
101,67,34,1,71,0,0,0,717
2,1,1,1,71,0,0,0,651
2,1,1,1,71,0,0,0,453
2,1,1,1,71,0,0,0,651
2,1,1,1,71,0,0,0,486
2,1,1,1,71,0,0,0,651
2,1,1,1,71,0,0,0,387
2,1,1,1,71,0,0,0,420
2,1,1,1,71,0,0,0,354
2,1,1,1,71,0,0,0,354
107,71,36,1,71,0,0,0,8907
99,66,33,1,71,0,0,0,716
101,67,34,1,71,0,0,0,750
109,72,37,1,71,0,0,0,6333
113,73,40,1,71,0,0,0,750
101,67,34,1,71,0,0,0,717
101,67,34,1,71,0,0,0,717
101,67,34,1,71,0,0,0,717
101,67,34,1,71,0,0,0,717
101,67,34,1,71,0,0,0,750
101,67,34,1,71,0,0,0,750
101,67,34,1,71,0,0,0,717
101,67,34,1,71,0,0,0,750
101,67,34,1,71,0,0,0,717
101,67,34,1,71,0,0,0,717
101,67,34,1,71,0,0,0,717
101,67,34,1,71,0,0,0,717
101,67,34,1,71,0,0,0,717
101,67,34,1,71,0,0,0,717
101,67,34,1,71,0,0,0,750
101,67,34,1,71,0,0,0,750
101,67,34,1,71,0,0,0,717
101,67,34,1,71,0,0,0,750
101,67,34,1,71,0,0,0,750
101,67,34,1,71,0,0,0,750
101,67,34,1,71,0,0,0,750
101,67,34,1,71,0,0,0,783
101,67,34,1,71,0,0,0,750
101,67,34,1,71,0,0,0,750
101,67,34,1,71,0,0,0,750
101,67,34,1,71,0,0,0,750
101,67,34,1,71,0,0,0,783
101,67,34,1,71,0,0,0,750
101,67,34,1,71,0,0,0,750
101,67,34,1,71,0,0,0,750
101,67,34,1,71,0,0,0,783
101,67,34,1,71,0,0,0,750
2,1,1,1,71,0,0,0,486
101,67,34,1,71,0,0,0,717
101,67,34,1,71,0,0,0,750
2,1,1,1,71,0,0,0,5673
2,1,1,1,71,0,0,0,8016
2,1,1,1,71,0,0,0,9204
2,1,1,1,71,0,0,0,8412
479,378,101,1,71,0,0,0,1992
2,1,1,1,71,0,0,0,1657
341,282,59,6,58,1,0,0,1654
12,6,6,1,95,0,0,0.0105263157894737,190
1222,675,547,2,71,0,0,0,2186
41,3,38,2,108,0,0,0,209
3,1,2,1,50,0,0,0.000868809730668983,1151
0,0,0,1,119,0,0,0,34
9,1,8,1,87,0,0,0,33
26,0,26,1,87,0,0,0,441
36,10,26,2,148,0,0,0,595
31,17,14,8,70,2,0,0,2806
8,3,5,2,76,1,0,0,987
51,39,12,5,98,1,0,0,308
1,1,0,1,164,0,0,0,253
19,15,4,4,24,3,0,0,2558
4,2,2,1,59,0,0,0,1095
81,49,32,1,80,0,0,0,87
0,0,0,1,80,0,0,0,0
68,40,28,1,108,0,0,0,316
90,52,38,2,70,0,0,0,601
53,44,9,2,138,0,0,0,179
2,1,1,1,73,0,0,0,29
76,40,36,2,71,0,0,0,987
0,0,0,1,105,0,0,0,33
94,91,3,3,0,0,0,0,1220
4,4,0,2,88,0,0,0,800
128,64,64,2,70,0,0,0,408
55,29,26,2,70,0,0,0,198
4,2,2,1,70,0,0,0,161
159,84,75,2,70,0,0,0,575
18,9,9,1,70,0,0,0,178
252,133,119,2,70,0,0,0,708
178,95,83,3,66,0,0,0.00181488203266788,1653
0,0,0,1,136,0,0,0,61
6,2,4,1,76,1,0,0,632
26,0,26,2,58,0,0,0,473
7,0,7,2,58,0,0,0,318
15,15,0,1,163,0,0,0,480
3,1,2,1,76,0,0,0,447
2,0,2,1,76,0,0,0,959
5,5,0,1,39,0,0,0,1429
10,9,1,1,75,0,0,0,297
132,78,54,4,73,0,0,0.00286532951289398,349
317,314,3,4,74,0,0,0,338
35,24,11,2,45,1,0,0,769
15,9,6,1,109,0,0,0,361
2,1,1,1,87,0,0,0,44
4,0,4,1,88,0,0,0,957
6,0,6,1,76,0,0,0,467
6,3,3,1,59,0,0,0,626
3,0,3,1,76,0,0,0,850
11,2,9,3,72,0,0,0,546
2,1,1,1,59,0,0,0,83
11,5,6,4,59,0,0,0,1101
4,4,0,1,108,0,0,0,27
39,39,0,1,59,0,0,0,363
221,173,48,8,59,1,0,0.000840336134453782,1190
18,3,15,1,22,0,0,0,437
91,89,2,3,22,0,0,0.00558659217877095,179
2,1,1,1,88,0,0,0,520
52,39,13,3,28,1,0,0,877
138,12,126,2,37,0,0,0.0012531328320802,798
17,4,13,2,58,1,0,0,643
66,5,61,2,44,0,0,0,241
12,8,4,3,37,0,0,0,266
3,1,2,1,83,0,0,0,1273
1,1,0,1,44,0,0,0,185
2,1,1,1,79,0,0,0,1029
290,140,150,3,76,0,0,0,853
64,32,32,1,79,0,0,0,298
200,107,93,2,79,0,0,0,1453
14,7,7,1,79,0,0,0,57
12,6,6,1,79,0,0,0,838
3,1,2,1,87,0,0,0,93
9,2,7,2,95,0,0,0,171
11,5,6,2,95,0,0,0,120
14,3,11,3,95,0,0,0,763
9,2,7,2,95,0,0,0,195
227,199,28,10,95,1,0,0,572
35,18,17,4,95,1,0,0,1005
36,20,16,2,16,0,0,0,1815
155,118,37,7,74,3,0,0.000606060606060606,1650
23,11,12,8,53,0,0,0,506
4,2,2,1,95,0,0,0,884
10,5,5,1,95,0,0,0,2385
2,1,1,1,53,0,0,0,759
86,52,34,6,88,0,0,0.00140252454417952,713
86,69,17,6,16,0,0,0,485
4,2,2,1,108,0,0,0,755
23,11,12,5,53,1,0,0,1028
19,15,4,4,53,1,0,0,475
86,37,49,1,95,0,0,0,879
94,45,49,5,95,0,0,0,720
6,5,1,2,23,1,0,0,324
3,1,2,1,70,0,0,0.000207641196013289,4816
806,590,216,21,18,2,0,0.000316055625790139,3164
7,5,2,2,28,0,0,0,1053
43,39,4,4,24,0,0,0,567
76,72,4,6,24,0,0,0.00174978127734033,1143
2,2,0,1,160,0,0,0,47
2,2,0,1,22,0,0,0,416
3,3,0,2,24,0,0,0,77
42,30,12,3,44,1,0,0,2757
43,35,8,3,34,1,0,0,1008
1,0,1,1,55,0,0,0,33
106,45,61,8,33,0,0,0,1748
1,0,1,1,55,0,0,0,188
1750,1095,655,20,22,4,1,0,1317
15,14,1,1,142,0,0,0,412
227,169,58,11,22,3,1,0.000364564345607,2743
55,44,11,9,22,1,1,0,266
6,4,2,1,36,0,0,0.000950570342205323,1052
6,6,0,1,62,0,0,0,332
4,2,2,1,176,1,0,0,1193
2,1,1,1,143,0,0,0.00182926829268293,1640
9,2,7,3,111,1,0,0,724
8,6,2,1,106,0,0,0,2362
1,1,0,1,62,0,0,0,169
16,8,8,1,176,1,0,0,149
2,1,1,1,55,0,0,0,1020
1,1,0,1,73,0,0,0,239
19,7,12,2,124,0,0,0,1260
3,3,0,1,73,0,0,0,159
95,61,34,3,40,1,0,0,720
176,110,66,8,35,0,0,0,2271
563,421,142,14,73,0,0,0,2190
195,192,3,6,16,1,0,0,2105
288,175,113,11,52,0,0,0.00204081632653061,980
1,1,0,1,16,0,0,0,223
56,31,25,6,61,0,0,0,1541
4,2,2,3,73,0,0,0,141
49,41,8,8,16,2,0,0,4727
1,1,0,1,35,0,0,0,167
19,17,2,2,35,1,0,0,2543
2,1,1,1,107,0,0,0,2355
3,1,2,1,84,0,0,0,778
26,22,4,3,105,0,0,0,1087
4,1,3,1,83,0,0,0,885
2,0,2,1,123,0,0,0,562
183,131,52,4,102,1,0,0,937
2,1,1,1,112,0,0,0,41
4,2,2,1,112,0,0,0.000750187546886722,1333
2,1,1,1,112,0,0,0,86
2,2,0,1,176,1,0,0,50
986,530,456,24,75,5,0,0.000232828870779977,4295
4,1,3,2,102,0,0,0,94
2,1,1,1,115,0,0,0,435
2,1,1,1,115,0,0,0,302
57,36,21,3,50,1,0,0,778
26,5,21,4,112,0,0,0,554
22,11,11,2,112,0,0,0.000382848392036753,2612
14,10,4,2,39,1,0,0,1828
5,5,0,1,100,0,0,0,371
68,38,30,1,39,0,0,0,448
6,3,3,2,49,0,0,0,1074
3,3,0,2,96,0,0,0,330
64,36,28,2,95,0,0,0.00146305779078274,1367
6,4,2,2,84,0,0,0,674
107,70,37,2,95,0,0,0,1192
15,13,2,1,95,0,0,0,939
16,15,1,4,50,0,0,0.00102249488752556,978
6,3,3,1,110,1,0,0,310
29,26,3,1,63,0,0,0,547
5,4,1,1,92,0,0,0,402
20,10,10,1,110,1,0,0,1478
56,50,6,2,16,0,0,0,446
4,1,3,1,91,0,0,0.00167785234899329,596
31,13,18,3,83,1,0,0.000611246943765281,1636
55,27,28,1,105,1,0,0,353
3,1,2,1,105,1,0,0,307
5,1,4,2,105,1,0,0,280
14,8,6,3,32,0,0,0,346
7,4,3,3,32,0,0,0,79
87,61,26,13,26,1,0,0.000711743772241993,1405
8,5,3,1,176,1,0,0,304
2,1,1,1,176,1,0,0,75
181,74,107,1,86,0,0,0,1160
2,1,1,1,176,1,0,0,1041
2,1,1,1,176,1,0,0,535
104,55,49,3,86,1,0,0,567
